0,491.23,16.58
0,0,256,0.8984375,0,48.16,0.22,47.75,0.19,1908,0.61328125,RETURNED
0,0,256,0.96484375,1,46.97,0.18,46.79,0.0,1907,0.875,LOST
0,0,256,0.9609375,2,49.92,0.19,49.73,0.0,1917,0.88671875,LOST
0,0,256,0.953125,3,51.0,0.31,50.69,0.0,1924,0.93359375,LOST
0,0,256,0.984375,4,47.89,0.21,47.44,0.24,1896,0.9765625,RETURNED
0,0,256,0.98046875,5,46.21,0.15,46.06,0.0,1922,0.9609375,LOST
0,0,256,0.98046875,6,49.87,0.19,49.68,0.0,1889,0.94140625,LOST
0,0,256,0.99609375,7,46.04,0.18,45.53,0.32,1886,0.984375,RETURNED
0,0,256,0.98828125,8,47.18,0.25,46.93,0.0,1905,0.953125,LOST
0,1,256,0.90625,0,48.04,0.28,47.57,0.2,1908,0.6171875,RETURNED
0,1,256,0.9765625,1,47.68,0.19,47.5,0.0,1907,0.875,LOST
0,1,256,0.9453125,2,51.04,0.31,50.73,0.0,1917,0.89453125,LOST
0,1,256,0.953125,3,50.77,0.15,50.62,0.0,1924,0.9140625,LOST
0,1,256,0.984375,4,48.22,0.54,47.49,0.19,1896,0.9375,RETURNED
0,1,256,0.98828125,5,48.06,0.16,47.91,0.0,1922,0.984375,LOST
0,1,256,0.98828125,6,49.3,0.2,49.1,0.0,1889,0.9765625,LOST
0,1,256,0.984375,7,48.59,1.19,47.02,0.38,1886,0.9765625,RETURNED
0,1,256,1.0,8,32.18,0.32,31.08,0.78,1254,0.9921875,RETURNED
0,2,256,0.9375,0,48.89,0.28,48.47,0.13,1908,0.6171875,RETURNED
0,2,256,0.95703125,1,47.52,0.16,47.36,0.0,1907,0.92578125,LOST
0,2,256,0.94140625,2,51.5,0.21,51.29,0.0,1917,0.8203125,LOST
0,2,256,0.98046875,3,51.69,0.33,51.36,0.0,1924,0.9765625,LOST
0,2,256,0.95703125,4,47.84,0.17,47.53,0.14,1896,0.890625,RETURNED
0,2,256,0.99609375,5,47.34,0.16,47.19,0.0,1922,0.984375,LOST
0,2,256,0.9921875,6,49.26,0.21,49.05,0.0,1889,0.984375,LOST
0,2,256,0.984375,7,47.62,0.63,46.83,0.17,1886,0.9765625,RETURNED
0,2,256,0.9921875,8,46.05,0.47,45.58,0.0,1905,0.99609375,LOST
0,3,256,0.9140625,0,30.84,0.19,30.47,0.18,1908,0.6171875,RETURNED
0,3,256,0.90625,1,30.78,0.26,30.52,0.0,1907,0.62109375,LOST
0,3,256,0.95703125,2,30.65,0.17,30.48,0.0,1917,0.90234375,LOST
0,3,256,0.9453125,3,30.97,0.24,30.73,0.0,1924,0.90625,LOST
0,3,256,0.9765625,4,30.6,0.33,30.12,0.16,1896,0.89453125,RETURNED
0,3,256,0.96875,5,31.17,0.27,30.91,0.0,1922,0.9140625,LOST
0,3,256,0.98828125,6,30.28,0.33,29.95,0.0,1889,0.96875,LOST
0,3,256,0.9609375,7,30.77,0.2,30.44,0.12,1886,0.9609375,RETURNED
0,3,256,0.953125,8,30.82,0.28,30.53,0.0,1905,0.8984375,LOST
0,3,256,0.984375,9,31.22,0.17,30.92,0.12,1928,0.984375,RETURNED
0,3,256,0.9921875,10,31.77,0.33,31.44,0.0,1910,0.96484375,LOST
0,3,256,0.9921875,11,31.77,0.18,31.59,0.0,1909,0.984375,LOST
0,3,256,0.97265625,12,31.19,0.18,31.02,0.0,1910,0.9765625,LOST
0,3,256,1.0,13,4.19,0.19,4.01,0.0,246,0.98828125,LOST
1,573.64,0.20
1,0,256,0.88671875,0,56.59,0.24,56.11,0.24,1908,0.625,RETURNED
1,0,256,0.9375,1,51.87,0.42,51.46,0.0,1907,0.8125,LOST
1,0,256,0.9765625,2,53.12,0.16,52.96,0.0,1917,0.8828125,LOST
1,0,256,0.94921875,3,53.19,0.23,52.96,0.0,1924,0.90234375,LOST
1,0,256,0.9609375,4,52.63,0.26,52.16,0.22,1896,0.8828125,RETURNED
1,0,256,0.98046875,5,54.36,0.3,54.06,0.0,1922,0.94921875,LOST
1,0,256,0.96484375,6,54.37,0.11,54.26,0.0,1889,0.9375,LOST
1,0,256,0.97265625,7,51.86,0.26,51.46,0.14,1886,0.94140625,RETURNED
1,0,256,0.984375,8,55.76,0.62,55.14,0.0,1905,0.96875,LOST
1,1,256,0.9296875,0,56.23,0.25,55.62,0.36,1908,0.63671875,RETURNED
1,1,256,0.96484375,1,51.43,0.23,51.2,0.0,1907,0.87890625,LOST
1,1,256,0.96484375,2,54.2,0.23,53.98,0.0,1917,0.921875,LOST
1,1,256,0.95703125,3,52.08,0.24,51.84,0.0,1924,0.88671875,LOST
1,1,256,0.96875,4,53.75,0.23,53.37,0.15,1896,0.921875,RETURNED
1,1,256,0.98828125,5,54.01,0.25,53.76,0.0,1922,0.96875,LOST
1,1,256,0.9921875,6,53.17,0.42,52.75,0.0,1889,0.96875,LOST
1,1,256,0.98046875,7,51.61,0.3,51.15,0.16,1886,0.9453125,RETURNED
1,1,256,1.0,8,40.32,0.26,39.91,0.15,1397,0.98046875,RETURNED
1,2,256,0.90234375,0,56.93,0.3,56.43,0.2,1908,0.625,RETURNED
1,2,256,0.91796875,1,52.13,0.17,51.96,0.0,1907,0.625,LOST
1,2,256,0.96484375,2,53.41,0.35,53.06,0.0,1917,0.9140625,LOST
1,2,256,0.9609375,3,54.17,0.17,54.0,0.0,1924,0.9296875,LOST
1,2,256,0.9609375,4,54.83,0.25,54.01,0.56,1896,0.9296875,RETURNED
1,2,256,0.9765625,5,54.56,0.22,54.34,0.0,1922,0.9609375,LOST
1,2,256,0.9765625,6,54.13,0.19,53.94,0.0,1889,0.9609375,LOST
1,2,256,0.9765625,7,49.8,0.26,49.41,0.13,1886,0.90234375,RETURNED
1,2,256,0.98828125,8,55.77,0.31,55.46,0.0,1905,0.97265625,LOST
1,3,256,0.9140625,0,54.99,0.23,54.5,0.26,1908,0.6171875,RETURNED
1,3,256,0.93359375,1,51.92,0.3,51.62,0.0,1907,0.84765625,LOST
1,3,256,0.96484375,2,54.0,0.23,53.77,0.0,1917,0.8984375,LOST
1,3,256,0.921875,3,53.39,0.21,53.18,0.0,1924,0.6171875,LOST
1,3,256,0.9375,4,53.45,0.21,53.1,0.14,1896,0.87109375,RETURNED
1,3,256,0.9765625,5,54.56,0.26,54.31,0.0,1922,0.9609375,LOST
1,3,256,0.984375,6,52.49,0.17,52.33,0.0,1889,0.96875,LOST
1,3,256,0.98828125,7,52.62,0.3,51.58,0.75,1886,0.95703125,RETURNED
1,3,256,0.9921875,8,53.23,0.52,52.71,0.0,1905,0.984375,LOST
2,296.47,0.22
2,0,256,0.8984375,0,30.68,0.17,30.38,0.13,1908,0.6328125,RETURNED
2,0,256,0.9453125,1,30.45,0.22,30.23,0.0,1907,0.87890625,LOST
2,0,256,0.95703125,2,30.66,0.2,30.46,0.0,1917,0.88671875,LOST
2,0,256,0.9453125,3,30.7,0.2,30.49,0.0,1924,0.890625,LOST
2,0,256,0.91796875,4,30.43,0.18,30.1,0.15,1896,0.62109375,RETURNED
2,0,256,0.97265625,5,30.61,0.19,30.42,0.0,1922,0.94140625,LOST
2,0,256,0.984375,6,30.26,0.19,30.07,0.0,1889,0.9609375,LOST
2,0,256,0.96875,7,30.2,0.17,29.91,0.12,1886,0.9375,RETURNED
2,0,256,1.0,8,18.27,0.17,18.1,0.0,1138,0.99609375,LOST
2,1,256,0.9140625,0,30.99,0.11,30.63,0.26,1908,0.62109375,RETURNED
2,1,256,0.9453125,1,30.66,0.2,30.45,0.0,1907,0.84375,LOST
2,1,256,0.9765625,2,30.96,0.18,30.79,0.0,1917,0.91015625,LOST
2,1,256,0.95703125,3,30.89,0.1,30.79,0.0,1924,0.890625,LOST
2,1,256,0.9609375,4,30.74,0.21,30.38,0.15,1896,0.9140625,RETURNED
2,1,256,0.96484375,5,30.91,0.21,30.7,0.0,1922,0.9453125,LOST
2,1,256,0.96875,6,30.48,0.2,30.27,0.0,1889,0.9375,LOST
2,1,256,0.98046875,7,30.67,0.26,30.15,0.26,1886,0.96484375,RETURNED
2,1,256,1.0,8,18.44,0.2,18.25,0.0,1138,0.99609375,LOST
2,2,256,0.91015625,0,30.72,0.26,30.34,0.12,1908,0.62890625,RETURNED
2,2,256,0.953125,1,30.35,0.17,30.18,0.0,1907,0.89453125,LOST
2,2,256,0.9609375,2,30.65,0.19,30.46,0.0,1917,0.90234375,LOST
2,2,256,0.96484375,3,30.68,0.18,30.5,0.0,1924,0.90625,LOST
2,2,256,0.96484375,4,30.49,0.21,30.09,0.19,1896,0.8984375,RETURNED
2,2,256,0.96484375,5,30.65,0.2,30.45,0.0,1922,0.9140625,LOST
2,2,256,0.9765625,6,30.36,0.32,30.03,0.0,1889,0.94921875,LOST
2,2,256,0.99609375,7,30.3,0.29,29.88,0.13,1886,0.96484375,RETURNED
2,2,256,0.9921875,8,30.42,0.24,30.19,0.0,1905,0.98828125,LOST
2,3,256,0.90234375,0,30.44,0.26,30.05,0.13,1908,0.625,RETURNED
2,3,256,0.93359375,1,30.38,0.45,29.94,0.0,1907,0.8671875,LOST
2,3,256,0.953125,2,30.43,0.23,30.2,0.0,1917,0.8671875,LOST
2,3,256,0.94921875,3,30.36,0.17,30.19,0.0,1924,0.89453125,LOST
2,3,256,0.953125,4,30.13,0.18,29.8,0.15,1896,0.9140625,RETURNED
2,3,256,0.9609375,5,31.15,1.0,30.15,0.0,1922,0.9140625,LOST
2,3,256,0.98828125,6,30.05,0.25,29.8,0.0,1889,0.953125,LOST
2,3,256,0.98828125,7,30.03,0.26,29.63,0.14,1886,0.9375,RETURNED
2,3,256,0.984375,8,30.13,0.18,29.95,0.0,1905,0.98828125,LOST
3,531.26,0.26
3,0,256,0.91796875,0,31.35,0.87,30.31,0.16,1908,0.6171875,RETURNED
3,0,256,0.94140625,1,30.36,0.19,30.18,0.0,1907,0.87890625,LOST
3,0,256,0.9375,2,30.98,0.18,30.8,0.0,1917,0.87109375,LOST
3,0,256,0.95703125,3,30.66,0.24,30.42,0.0,1924,0.90625,LOST
3,0,256,0.96484375,4,30.59,0.17,30.25,0.17,1896,0.90234375,RETURNED
3,0,256,0.98828125,5,31.07,0.2,30.87,0.0,1922,0.9453125,LOST
3,0,256,0.984375,6,30.23,0.18,30.05,0.0,1889,0.9609375,LOST
3,0,256,0.9609375,7,30.22,0.26,29.82,0.14,1886,0.90234375,RETURNED
3,0,256,0.9921875,8,30.36,0.17,30.19,0.0,1905,0.96875,LOST
3,0,256,0.98046875,9,32.87,2.23,30.5,0.14,1928,0.96875,RETURNED
3,0,256,0.984375,10,30.53,0.21,30.32,0.0,1910,0.98046875,LOST
3,0,256,0.9921875,11,30.62,0.31,30.31,0.0,1909,0.98046875,LOST
3,0,256,0.984375,12,31.23,0.38,30.85,0.0,1910,0.98046875,LOST
3,0,256,0.984375,13,30.48,0.24,30.24,0.0,1902,0.97265625,LOST
3,0,256,0.984375,14,30.99,0.39,30.46,0.14,1917,0.9609375,RETURNED
3,0,256,0.9921875,15,31.11,0.21,30.78,0.12,1942,0.97265625,RETURNED
3,1,256,0.90234375,0,30.99,0.39,30.41,0.19,1908,0.6171875,RETURNED
3,1,256,0.9453125,1,31.11,0.76,30.35,0.0,1907,0.87109375,LOST
3,1,256,0.953125,2,31.28,0.39,30.89,0.0,1917,0.8359375,LOST
3,1,256,0.9375,3,31.17,0.63,30.54,0.0,1924,0.875,LOST
3,1,256,0.96484375,4,31.11,0.17,30.37,0.58,1896,0.91796875,RETURNED
3,1,256,0.97265625,5,31.33,0.35,30.98,0.0,1922,0.9609375,LOST
3,1,256,0.9921875,6,30.32,0.2,30.13,0.0,1889,0.9609375,LOST
3,1,256,0.97265625,7,30.55,0.4,29.87,0.28,1886,0.94921875,RETURNED
3,1,256,0.9921875,8,30.46,0.2,30.26,0.0,1905,0.98046875,LOST
3,1,256,0.96484375,9,31.31,0.45,30.62,0.24,1928,0.93359375,RETURNED
3,1,256,0.984375,10,30.58,0.19,30.39,0.0,1910,0.96875,LOST
3,1,256,0.984375,11,30.58,0.16,30.42,0.0,1909,0.96484375,LOST
3,1,256,0.99609375,12,31.01,0.25,30.77,0.0,1910,0.984375,LOST
3,1,256,0.98828125,13,30.56,0.1,30.45,0.0,1902,0.984375,LOST
3,1,256,0.9453125,14,31.63,0.92,30.52,0.19,1917,0.90234375,RETURNED
3,1,256,0.98046875,15,31.26,0.24,30.88,0.14,1942,0.94921875,RETURNED
3,2,256,0.91015625,0,31.58,0.19,31.02,0.37,1908,0.62109375,RETURNED
3,2,256,0.94921875,1,31.32,0.35,30.97,0.0,1907,0.91015625,LOST
3,2,256,0.93359375,2,31.73,0.17,31.56,0.0,1917,0.8984375,LOST
3,2,256,0.94921875,3,31.51,0.3,31.21,0.0,1924,0.89453125,LOST
3,2,256,0.95703125,4,31.5,0.2,31.07,0.22,1896,0.875,RETURNED
3,2,256,0.96875,5,31.77,0.11,31.66,0.0,1922,0.953125,LOST
3,2,256,0.984375,6,30.92,0.11,30.81,0.0,1889,0.96484375,LOST
3,2,256,0.97265625,7,30.91,0.19,30.63,0.09,1886,0.9453125,RETURNED
3,2,256,0.98046875,8,31.22,0.24,30.97,0.0,1905,0.97265625,LOST
3,2,256,0.984375,9,31.62,0.17,31.28,0.17,1928,0.96875,RETURNED
3,2,256,0.98828125,10,31.32,0.25,31.08,0.0,1910,0.9609375,LOST
3,2,256,0.99609375,11,31.33,0.31,31.02,0.0,1909,0.984375,LOST
3,2,256,0.99609375,12,31.83,0.16,31.66,0.0,1910,0.98828125,LOST
3,2,256,0.984375,13,31.13,0.11,31.03,0.0,1902,0.984375,LOST
3,2,256,0.91015625,14,31.5,0.17,31.2,0.13,1917,0.609375,RETURNED
3,2,256,1.0,15,1.33,0.32,1.01,0.0,63,0.99609375,LOST
3,3,256,0.890625,0,30.57,0.22,30.19,0.16,1908,0.60546875,RETURNED
3,3,256,0.91015625,1,30.41,0.26,30.15,0.0,1907,0.61328125,LOST
3,3,256,0.9453125,2,30.98,0.16,30.82,0.0,1917,0.88671875,LOST
3,3,256,0.921875,3,30.61,0.21,30.4,0.0,1924,0.8515625,LOST
3,3,256,0.94921875,4,30.65,0.23,30.24,0.17,1896,0.90234375,RETURNED
3,3,256,0.97265625,5,31.02,0.21,30.81,0.0,1922,0.94921875,LOST
3,3,256,0.98828125,6,30.16,0.18,29.99,0.0,1889,0.953125,LOST
3,3,256,0.97265625,7,30.44,0.23,29.83,0.38,1886,0.94140625,RETURNED
3,3,256,0.984375,8,30.35,0.18,30.17,0.0,1905,0.96875,LOST
3,3,256,0.96875,9,31.77,1.07,30.56,0.15,1928,0.90625,RETURNED
3,3,256,0.96875,10,30.48,0.2,30.29,0.0,1910,0.9375,LOST
3,3,256,0.98828125,11,30.77,0.41,30.36,0.0,1909,0.98828125,LOST
3,3,256,0.97265625,12,30.99,0.2,30.79,0.0,1910,0.91796875,LOST
3,3,256,0.96875,13,30.47,0.15,30.32,0.0,1902,0.96484375,LOST
3,3,256,0.99609375,14,30.96,0.22,30.55,0.2,1917,0.984375,RETURNED
3,3,256,0.9765625,15,31.14,0.11,30.87,0.16,1942,0.9375,RETURNED
4,400.88,0.26
4,0,256,0.90234375,0,34.56,0.26,34.04,0.27,1908,0.625,RETURNED
4,0,256,0.89453125,1,34.07,0.17,33.9,0.0,1907,0.62890625,LOST
4,0,256,0.921875,2,34.33,0.18,34.15,0.0,1917,0.61328125,LOST
4,0,256,0.94140625,3,34.59,0.26,34.34,0.0,1924,0.90625,LOST
4,0,256,0.97265625,4,35.37,0.37,34.87,0.13,1896,0.8984375,RETURNED
4,0,256,0.95703125,5,34.9,0.21,34.69,0.0,1922,0.8984375,LOST
4,0,256,0.98046875,6,33.88,0.18,33.7,0.0,1889,0.94921875,LOST
4,0,256,0.94921875,7,34.99,0.37,34.5,0.12,1886,0.921875,RETURNED
4,0,256,0.984375,8,34.68,0.56,34.13,0.0,1905,0.97265625,LOST
4,0,256,0.9921875,9,35.57,0.99,34.39,0.19,1928,0.984375,RETURNED
4,1,256,0.91796875,0,35.79,0.26,35.38,0.14,1908,0.62109375,RETURNED
4,1,256,0.93359375,1,35.37,0.2,35.17,0.0,1907,0.87890625,LOST
4,1,256,0.9765625,2,35.8,0.22,35.59,0.0,1917,0.90625,LOST
4,1,256,0.921875,3,36.1,0.12,35.98,0.0,1924,0.6328125,LOST
4,1,256,0.9375,4,36.31,0.38,35.85,0.08,1896,0.890625,RETURNED
4,1,256,0.96875,5,36.39,0.18,36.21,0.0,1922,0.9375,LOST
4,1,256,0.96484375,6,35.66,0.72,34.93,0.0,1889,0.94140625,LOST
4,1,256,0.98828125,7,36.55,0.28,36.05,0.22,1886,0.97265625,RETURNED
4,1,256,0.98046875,8,35.47,0.21,35.26,0.0,1905,0.96875,LOST
4,1,256,0.98828125,9,36.04,0.12,35.74,0.18,1928,0.9765625,RETURNED
4,2,256,0.90625,0,35.46,0.25,34.99,0.21,1908,0.62890625,RETURNED
4,2,256,0.8984375,1,35.04,0.19,34.85,0.0,1907,0.61328125,LOST
4,2,256,0.94921875,2,34.54,0.22,34.32,0.0,1917,0.8984375,LOST
4,2,256,0.9375,3,34.94,0.35,34.59,0.0,1924,0.8984375,LOST
4,2,256,0.94921875,4,35.47,0.39,34.96,0.13,1896,0.91796875,RETURNED
4,2,256,0.96875,5,35.89,0.12,35.77,0.0,1922,0.9375,LOST
4,2,256,0.96875,6,34.88,0.36,34.52,0.0,1889,0.94921875,LOST
4,2,256,0.98046875,7,36.01,0.16,35.72,0.12,1886,0.94921875,RETURNED
4,2,256,0.99609375,8,35.03,0.12,34.91,0.0,1905,0.98046875,LOST
4,2,256,0.9921875,9,35.72,0.18,35.42,0.13,1928,0.984375,RETURNED
4,3,256,0.9140625,0,37.6,0.32,37.08,0.2,1908,0.62109375,RETURNED
4,3,256,0.95703125,1,36.9,0.17,36.73,0.0,1907,0.9140625,LOST
4,3,256,0.953125,2,36.15,0.47,35.68,0.0,1917,0.8671875,LOST
4,3,256,0.97265625,3,36.55,0.2,36.34,0.0,1924,0.9140625,LOST
4,3,256,0.94921875,4,36.63,0.28,36.17,0.18,1896,0.90625,RETURNED
4,3,256,0.98046875,5,37.93,0.27,37.66,0.0,1922,0.95703125,LOST
4,3,256,0.9765625,6,36.7,0.2,36.5,0.0,1889,0.9375,LOST
4,3,256,0.9765625,7,38.36,0.39,37.79,0.17,1886,0.95703125,RETURNED
4,3,256,1.0,8,28.38,0.18,28.19,0.0,1454,0.98828125,LOST
5,449.42,0.27
5,0,256,0.91796875,0,35.72,0.46,35.08,0.18,1908,0.63671875,RETURNED
5,0,256,0.91796875,1,35.1,0.1,35.0,0.0,1907,0.8046875,LOST
5,0,256,0.97265625,2,36.24,0.24,36.0,0.0,1917,0.9140625,LOST
5,0,256,0.90234375,3,35.55,0.22,35.34,0.0,1924,0.6171875,LOST
5,0,256,0.91796875,4,35.17,0.23,34.82,0.13,1896,0.6328125,RETURNED
5,0,256,0.96875,5,35.8,0.18,35.62,0.0,1922,0.92578125,LOST
5,0,256,0.96484375,6,35.32,0.27,35.05,0.0,1889,0.94140625,LOST
5,0,256,0.97265625,7,34.63,0.11,34.34,0.18,1886,0.94921875,RETURNED
5,0,256,0.9921875,8,34.97,0.16,34.82,0.0,1905,0.98828125,LOST
5,0,256,0.9765625,9,35.79,0.22,35.41,0.16,1928,0.97265625,RETURNED
5,0,256,0.9765625,10,35.94,0.8,35.14,0.0,1910,0.97265625,LOST
5,0,256,1.0,11,18.54,0.19,18.27,0.08,994,0.99609375,RETURNED
5,1,256,0.8984375,0,34.97,0.1,34.67,0.2,1908,0.625,RETURNED
5,1,256,0.9140625,1,35.13,0.57,34.56,0.0,1907,0.6171875,LOST
5,1,256,0.97265625,2,36.04,0.34,35.71,0.0,1917,0.9140625,LOST
5,1,256,0.953125,3,35.21,0.43,34.78,0.0,1924,0.8984375,LOST
5,1,256,0.94140625,4,34.9,0.46,34.25,0.19,1896,0.61328125,RETURNED
5,1,256,0.94140625,5,35.0,0.11,34.88,0.0,1922,0.8828125,LOST
5,1,256,0.98828125,6,34.95,0.23,34.72,0.0,1889,0.97265625,LOST
5,1,256,0.98828125,7,34.86,0.23,34.03,0.6,1886,0.9296875,RETURNED
5,1,256,0.99609375,8,34.72,0.18,34.54,0.0,1905,0.98828125,LOST
5,1,256,0.97265625,9,36.09,1.17,34.75,0.17,1928,0.953125,RETURNED
5,1,256,0.984375,10,35.06,0.29,34.78,0.0,1910,0.98828125,LOST
5,1,256,0.99609375,11,34.66,0.22,34.43,0.0,1909,0.95703125,LOST
5,2,256,0.88671875,0,36.01,0.22,35.42,0.37,1908,0.62109375,RETURNED
5,2,256,0.94921875,1,35.64,0.2,35.44,0.0,1907,0.9140625,LOST
5,2,256,0.9375,2,36.57,0.19,36.38,0.0,1917,0.8203125,LOST
5,2,256,0.953125,3,36.18,0.4,35.78,0.0,1924,0.91796875,LOST
5,2,256,0.97265625,4,36.17,0.76,35.22,0.19,1896,0.91015625,RETURNED
5,2,256,0.99609375,5,36.06,0.41,35.65,0.0,1922,0.96875,LOST
5,2,256,0.98046875,6,35.56,0.12,35.44,0.0,1889,0.94140625,LOST
5,2,256,0.96875,7,35.29,0.31,34.88,0.11,1886,0.94140625,RETURNED
5,2,256,0.9921875,8,35.48,0.22,35.26,0.0,1905,0.98828125,LOST
5,2,256,0.9921875,9,36.48,0.21,35.7,0.57,1928,0.98828125,RETURNED
5,2,256,0.9765625,10,35.92,0.5,35.42,0.0,1910,0.98828125,LOST
5,2,256,0.98046875,11,35.7,0.31,35.39,0.0,1909,0.9765625,LOST
5,3,256,0.9140625,0,35.47,0.1,35.27,0.1,1908,0.64453125,RETURNED
5,3,256,0.921875,1,35.49,0.19,35.3,0.0,1907,0.76953125,LOST
5,3,256,0.9609375,2,36.59,0.41,36.19,0.0,1917,0.8828125,LOST
5,3,256,0.96484375,3,35.91,0.33,35.57,0.0,1924,0.91015625,LOST
5,3,256,0.94921875,4,35.37,0.23,34.96,0.17,1896,0.8984375,RETURNED
5,3,256,0.9609375,5,35.79,0.18,35.61,0.0,1922,0.91796875,LOST
5,3,256,0.9921875,6,35.48,0.27,35.22,0.0,1889,0.96875,LOST
5,3,256,0.984375,7,34.89,0.17,34.63,0.1,1886,0.96875,RETURNED
5,3,256,0.9921875,8,35.21,0.22,34.99,0.0,1905,0.984375,LOST
5,3,256,0.9765625,9,36.31,0.5,35.66,0.15,1928,0.94921875,RETURNED
5,3,256,0.97265625,10,35.48,0.25,35.23,0.0,1910,0.94921875,LOST
5,3,256,0.9921875,11,35.42,0.19,35.23,0.0,1909,0.98046875,LOST
6,457.06,0.28
6,0,256,0.89453125,0,31.4,0.34,30.91,0.14,1908,0.6328125,RETURNED
6,0,256,0.94921875,1,30.73,0.18,30.55,0.0,1907,0.89453125,LOST
6,0,256,0.94140625,2,30.97,0.24,30.74,0.0,1917,0.8828125,LOST
6,0,256,0.953125,3,31.02,0.23,30.8,0.0,1924,0.91796875,LOST
6,0,256,0.96875,4,30.69,0.2,30.41,0.08,1896,0.91015625,RETURNED
6,0,256,0.96484375,5,30.96,0.14,30.82,0.0,1922,0.94140625,LOST
6,0,256,0.9765625,6,30.91,0.3,30.61,0.0,1889,0.94921875,LOST
6,0,256,0.96484375,7,31.26,0.16,30.98,0.13,1886,0.921875,RETURNED
6,0,256,0.9609375,8,31.27,0.37,30.9,0.0,1905,0.96484375,LOST
6,0,256,0.96484375,9,31.64,0.17,31.29,0.18,1928,0.953125,RETURNED
6,0,256,0.984375,10,31.01,0.23,30.78,0.0,1910,0.953125,LOST
6,0,256,0.98046875,11,31.13,0.56,30.56,0.0,1909,0.97265625,LOST
6,0,256,0.9921875,12,31.56,0.71,30.85,0.0,1910,0.97265625,LOST
6,0,256,0.95703125,13,30.82,0.27,30.55,0.0,1902,0.94921875,LOST
6,1,256,0.90234375,0,31.25,0.42,30.61,0.23,1908,0.6328125,RETURNED
6,1,256,0.91015625,1,30.63,0.42,30.2,0.0,1907,0.6171875,LOST
6,1,256,0.96875,2,30.66,0.27,30.39,0.0,1917,0.90625,LOST
6,1,256,0.94140625,3,30.76,0.3,30.46,0.0,1924,0.91015625,LOST
6,1,256,0.94140625,4,30.3,0.09,30.09,0.13,1896,0.8515625,RETURNED
6,1,256,0.95703125,5,30.63,0.19,30.44,0.0,1922,0.91796875,LOST
6,1,256,0.9765625,6,30.32,0.2,30.12,0.0,1889,0.96875,LOST
6,1,256,0.96875,7,30.84,0.19,30.51,0.14,1886,0.90625,RETURNED
6,1,256,0.97265625,8,30.71,0.2,30.5,0.0,1905,0.97265625,LOST
6,1,256,0.96875,9,31.12,0.17,30.85,0.1,1928,0.96484375,RETURNED
6,1,256,0.9921875,10,30.54,0.2,30.34,0.0,1910,0.97265625,LOST
6,1,256,0.98046875,11,30.27,0.14,30.12,0.0,1909,0.97265625,LOST
6,1,256,0.9765625,12,31.4,1.04,30.36,0.0,1910,0.96875,LOST
6,1,256,0.91796875,13,30.28,0.19,30.09,0.0,1902,0.62109375,LOST
6,2,256,0.921875,0,31.39,0.43,30.8,0.16,1908,0.63671875,RETURNED
6,2,256,0.96484375,1,30.94,0.56,30.39,0.0,1907,0.90625,LOST
6,2,256,0.9453125,2,30.94,0.38,30.55,0.0,1917,0.90625,LOST
6,2,256,0.96875,3,30.72,0.13,30.59,0.0,1924,0.89453125,LOST
6,2,256,0.953125,4,30.77,0.31,30.31,0.16,1896,0.89453125,RETURNED
6,2,256,0.97265625,5,30.8,0.22,30.58,0.0,1922,0.9453125,LOST
6,2,256,0.96484375,6,30.67,0.28,30.39,0.0,1889,0.94140625,LOST
6,2,256,0.94921875,7,31.25,0.3,30.8,0.15,1886,0.88671875,RETURNED
6,2,256,0.984375,8,30.87,0.21,30.66,0.0,1905,0.953125,LOST
6,2,256,0.96875,9,32.97,1.81,31.02,0.14,1928,0.92578125,RETURNED
6,2,256,0.9765625,10,30.81,0.26,30.56,0.0,1910,0.96484375,LOST
6,2,256,0.98046875,11,30.56,0.23,30.33,0.0,1909,0.97265625,LOST
6,2,256,0.98828125,12,31.28,0.66,30.62,0.0,1910,0.96875,LOST
6,2,256,1.0,13,24.64,0.34,24.31,0.0,1530,0.97265625,LOST
6,3,256,0.9140625,0,31.06,0.31,30.59,0.16,1908,0.6171875,RETURNED
6,3,256,0.9453125,1,30.42,0.24,30.18,0.0,1907,0.859375,LOST
6,3,256,0.9453125,2,30.55,0.19,30.36,0.0,1917,0.76953125,LOST
6,3,256,0.953125,3,30.55,0.17,30.38,0.0,1924,0.8984375,LOST
6,3,256,0.9296875,4,30.52,0.29,30.09,0.14,1896,0.62890625,RETURNED
6,3,256,0.9609375,5,30.95,0.58,30.37,0.0,1922,0.94140625,LOST
6,3,256,0.96875,6,30.28,0.19,30.1,0.0,1889,0.94140625,LOST
6,3,256,0.9765625,7,30.84,0.17,30.48,0.19,1886,0.94921875,RETURNED
6,3,256,0.984375,8,30.61,0.19,30.41,0.0,1905,0.96484375,LOST
6,3,256,0.97265625,9,31.11,0.18,30.82,0.11,1928,0.9609375,RETURNED
6,3,256,0.9921875,10,30.5,0.18,30.33,0.0,1910,0.97265625,LOST
6,3,256,0.98046875,11,30.37,0.27,30.1,0.0,1909,0.94921875,LOST
6,3,256,0.9921875,12,30.8,0.43,30.38,0.0,1910,0.9609375,LOST
6,3,256,0.98828125,13,30.34,0.3,30.04,0.0,1902,0.96484375,LOST
7,524.42,0.29
7,0,256,0.921875,0,35.81,0.28,35.32,0.21,1908,0.61328125,RETURNED
7,0,256,0.96875,1,37.17,0.2,36.98,0.0,1907,0.84765625,LOST
7,0,256,0.9609375,2,36.11,0.3,35.81,0.0,1917,0.91015625,LOST
7,0,256,0.95703125,3,35.35,0.17,35.18,0.0,1924,0.87109375,LOST
7,0,256,0.9375,4,34.9,0.23,34.45,0.22,1896,0.84375,RETURNED
7,0,256,0.96875,5,36.03,0.47,35.57,0.0,1922,0.94921875,LOST
7,0,256,0.9765625,6,34.93,0.17,34.76,0.0,1889,0.9453125,LOST
7,0,256,0.953125,7,35.79,0.21,35.5,0.07,1886,0.8828125,RETURNED
7,0,256,0.984375,8,35.26,0.12,35.14,0.0,1905,0.9765625,LOST
7,0,256,0.984375,9,36.65,0.2,36.34,0.12,1928,0.984375,RETURNED
7,0,256,0.99609375,10,36.1,0.2,35.9,0.0,1910,0.98828125,LOST
7,0,256,0.98828125,11,35.68,0.09,35.59,0.0,1909,0.984375,LOST
7,0,256,1.0,12,35.43,0.27,35.16,0.0,1864,0.984375,LOST
7,1,256,0.88671875,0,36.99,0.21,36.6,0.19,1908,0.63671875,RETURNED
7,1,256,0.9453125,1,38.4,0.17,38.23,0.0,1907,0.89453125,LOST
7,1,256,0.90625,2,37.36,0.22,37.15,0.0,1917,0.61328125,LOST
7,1,256,0.953125,3,36.4,0.28,36.12,0.0,1924,0.8984375,LOST
7,1,256,0.96875,4,36.05,0.25,35.59,0.21,1896,0.921875,RETURNED
7,1,256,0.9453125,5,37.07,0.29,36.78,0.0,1922,0.94921875,LOST
7,1,256,0.9921875,6,36.04,0.1,35.94,0.0,1889,0.9609375,LOST
7,1,256,0.984375,7,36.62,0.12,36.37,0.13,1886,0.95703125,RETURNED
7,1,256,0.9921875,8,37.22,0.32,36.89,0.0,1905,0.984375,LOST
7,1,256,0.984375,9,38.38,0.3,37.91,0.17,1928,0.984375,RETURNED
7,1,256,0.99609375,10,37.04,0.3,36.74,0.0,1910,0.9921875,LOST
7,1,256,0.984375,11,37.08,0.23,36.85,0.0,1909,0.97265625,LOST
7,1,256,0.99609375,12,36.71,0.21,36.51,0.0,1910,0.9765625,LOST
7,2,256,0.88671875,0,35.62,0.12,35.29,0.21,1908,0.6171875,RETURNED
7,2,256,0.890625,1,37.03,0.18,36.84,0.0,1907,0.6171875,LOST
7,2,256,0.9453125,2,35.79,0.19,35.6,0.0,1917,0.859375,LOST
7,2,256,0.953125,3,35.01,0.19,34.82,0.0,1924,0.88671875,LOST
7,2,256,0.94921875,4,35.26,0.28,34.17,0.8,1896,0.89453125,RETURNED
7,2,256,0.97265625,5,35.75,0.48,35.27,0.0,1922,0.9296875,LOST
7,2,256,0.98046875,6,34.89,0.22,34.67,0.0,1889,0.94921875,LOST
7,2,256,0.9765625,7,35.73,0.38,35.2,0.15,1886,0.953125,RETURNED
7,2,256,0.98828125,8,35.1,0.19,34.91,0.0,1905,0.9765625,LOST
7,2,256,0.98828125,9,37.05,0.72,36.26,0.08,1928,0.984375,RETURNED
7,2,256,0.9921875,10,35.99,0.2,35.79,0.0,1910,0.96875,LOST
7,2,256,0.9921875,11,35.52,0.2,35.32,0.0,1909,0.98828125,LOST
7,2,256,0.97265625,12,37.09,1.42,35.67,0.0,1910,0.97265625,LOST
7,3,256,0.89453125,0,36.38,0.4,35.82,0.17,1908,0.625,RETURNED
7,3,256,0.9375,1,37.43,0.11,37.32,0.0,1907,0.84765625,LOST
7,3,256,0.921875,2,36.41,0.26,36.15,0.0,1917,0.796875,LOST
7,3,256,0.953125,3,35.59,0.21,35.38,0.0,1924,0.875,LOST
7,3,256,0.9453125,4,35.52,0.43,34.74,0.36,1896,0.88671875,RETURNED
7,3,256,0.96875,5,36.01,0.24,35.77,0.0,1922,0.91796875,LOST
7,3,256,0.99609375,6,35.29,0.22,35.08,0.0,1889,0.96875,LOST
7,3,256,0.94921875,7,36.07,0.21,35.67,0.18,1886,0.93359375,RETURNED
7,3,256,0.9609375,8,36.04,0.18,35.85,0.0,1905,0.9765625,LOST
7,3,256,0.98828125,9,37.16,0.41,36.63,0.12,1928,0.984375,RETURNED
7,3,256,0.99609375,10,35.98,0.11,35.88,0.0,1910,0.9921875,LOST
7,3,256,0.9921875,11,35.92,0.18,35.74,0.0,1909,0.98828125,LOST
7,3,256,1.0,12,35.31,0.22,35.09,0.0,1864,0.98046875,LOST
8,677.37,0.28
8,0,256,0.90625,0,35.64,0.2,35.23,0.21,1908,0.6171875,RETURNED
8,0,256,0.89453125,1,35.98,0.19,35.79,0.0,1907,0.609375,LOST
8,0,256,0.9375,2,35.44,0.19,35.24,0.0,1917,0.8203125,LOST
8,0,256,0.953125,3,36.21,0.34,35.87,0.0,1924,0.8828125,LOST
8,0,256,0.96484375,4,36.16,0.27,35.77,0.12,1896,0.89453125,RETURNED
8,0,256,0.9453125,5,36.19,0.18,36.01,0.0,1922,0.9609375,LOST
8,0,256,0.9765625,6,35.55,0.24,35.32,0.0,1889,0.9609375,LOST
8,0,256,0.953125,7,36.53,0.44,35.89,0.2,1886,0.9140625,RETURNED
8,0,256,0.96875,8,35.77,0.24,35.52,0.0,1905,0.94921875,LOST
8,0,256,0.9765625,9,36.58,0.77,35.62,0.2,1928,0.9609375,RETURNED
8,0,256,0.96484375,10,35.72,0.19,35.53,0.0,1910,0.9609375,LOST
8,0,256,0.984375,11,35.93,0.26,35.67,0.0,1909,0.96875,LOST
8,0,256,0.98828125,12,36.77,1.57,35.19,0.0,1910,0.96875,LOST
8,0,256,0.984375,13,35.67,0.23,35.44,0.0,1902,0.95703125,LOST
8,0,256,0.984375,14,36.06,0.18,35.8,0.08,1917,0.96484375,RETURNED
8,0,256,0.984375,15,37.1,0.28,36.67,0.16,1942,0.984375,RETURNED
8,0,256,0.9921875,16,36.47,0.62,35.66,0.19,1905,0.98046875,RETURNED
8,0,256,0.9921875,17,35.3,0.17,34.9,0.24,1898,0.984375,RETURNED
8,1,256,0.8984375,0,35.84,0.22,35.5,0.11,1908,0.61328125,RETURNED
8,1,256,0.9453125,1,36.2,0.21,36.0,0.0,1907,0.87109375,LOST
8,1,256,0.953125,2,35.64,0.18,35.46,0.0,1917,0.87890625,LOST
8,1,256,0.9140625,3,36.16,0.2,35.96,0.0,1924,0.6171875,LOST
8,1,256,0.9375,4,36.38,0.21,36.0,0.17,1896,0.8671875,RETURNED
8,1,256,0.98828125,5,36.27,0.19,36.08,0.0,1922,0.953125,LOST
8,1,256,0.98046875,6,35.87,0.16,35.7,0.0,1889,0.9609375,LOST
8,1,256,0.95703125,7,36.22,0.23,35.8,0.19,1886,0.93359375,RETURNED
8,1,256,0.96875,8,35.88,0.21,35.67,0.0,1905,0.95703125,LOST
8,1,256,0.9609375,9,36.08,0.23,35.69,0.16,1928,0.9375,RETURNED
8,1,256,0.9765625,10,35.75,0.19,35.56,0.0,1910,0.98046875,LOST
8,1,256,0.9921875,11,36.1,0.25,35.86,0.0,1909,0.98046875,LOST
8,1,256,0.99609375,12,35.47,0.13,35.34,0.0,1910,0.9765625,LOST
8,1,256,0.9609375,13,35.84,0.21,35.62,0.0,1902,0.95703125,LOST
8,1,256,0.97265625,14,37.24,1.07,36.04,0.14,1917,0.9296875,RETURNED
8,1,256,0.9609375,15,37.49,0.23,37.16,0.1,1942,0.94140625,RETURNED
8,1,256,0.99609375,16,36.22,0.19,35.83,0.2,1905,0.984375,RETURNED
8,1,256,0.98828125,17,35.34,0.18,35.01,0.15,1898,0.9921875,RETURNED
8,2,256,0.89453125,0,36.13,0.25,35.72,0.16,1908,0.625,RETURNED
8,2,256,0.95703125,1,36.25,0.11,36.14,0.0,1907,0.81640625,LOST
8,2,256,0.9609375,2,35.88,0.19,35.69,0.0,1917,0.89453125,LOST
8,2,256,0.953125,3,36.24,0.18,36.06,0.0,1924,0.8984375,LOST
8,2,256,0.9140625,4,36.56,0.28,36.15,0.14,1896,0.6171875,RETURNED
8,2,256,0.984375,5,36.53,0.17,36.36,0.0,1922,0.9453125,LOST
8,2,256,0.97265625,6,36.07,0.23,35.83,0.0,1889,0.953125,LOST
8,2,256,0.9609375,7,36.47,0.19,36.12,0.17,1886,0.93359375,RETURNED
8,2,256,0.98046875,8,36.26,0.22,36.04,0.0,1905,0.9609375,LOST
8,2,256,0.96484375,9,36.42,0.16,36.1,0.17,1928,0.94921875,RETURNED
8,2,256,0.99609375,10,35.76,0.18,35.58,0.0,1910,0.97265625,LOST
8,2,256,0.98828125,11,36.12,0.17,35.95,0.0,1909,0.9765625,LOST
8,2,256,0.99609375,12,35.27,0.27,34.99,0.0,1910,0.97265625,LOST
8,2,256,0.984375,13,36.01,0.2,35.8,0.0,1902,0.9765625,LOST
8,2,256,0.96484375,14,36.83,0.22,36.27,0.34,1917,0.875,RETURNED
8,2,256,0.98046875,15,37.96,0.53,37.28,0.16,1942,0.97265625,RETURNED
8,2,256,1.0,16,36.16,0.28,35.73,0.15,1890,0.99609375,RETURNED
8,3,256,0.90625,0,36.77,0.31,36.34,0.13,1908,0.61328125,RETURNED
8,3,256,0.953125,1,37.15,0.2,36.95,0.0,1907,0.89453125,LOST
8,3,256,0.90625,2,36.46,0.18,36.28,0.0,1917,0.6328125,LOST
8,3,256,0.95703125,3,37.22,0.2,37.02,0.0,1924,0.89453125,LOST
8,3,256,0.953125,4,37.4,0.18,37.11,0.11,1896,0.90234375,RETURNED
8,3,256,0.9453125,5,36.81,0.19,36.63,0.0,1922,0.91015625,LOST
8,3,256,0.98828125,6,36.96,0.16,36.8,0.0,1889,0.953125,LOST
8,3,256,0.98046875,7,36.83,0.19,36.5,0.14,1886,0.953125,RETURNED
8,3,256,0.984375,8,36.96,0.17,36.79,0.0,1905,0.98046875,LOST
8,3,256,0.96875,9,37.13,0.19,36.81,0.13,1928,0.9453125,RETURNED
8,3,256,0.984375,10,36.43,0.19,36.23,0.0,1910,0.96484375,LOST
8,3,256,0.9921875,11,37.19,0.13,37.06,0.0,1909,0.9765625,LOST
8,3,256,0.98828125,12,36.4,0.21,36.2,0.0,1910,0.98046875,LOST
8,3,256,0.97265625,13,36.58,0.18,36.4,0.0,1902,0.953125,LOST
8,3,256,0.984375,14,38.3,0.36,37.48,0.47,1917,0.9609375,RETURNED
8,3,256,0.9921875,15,37.84,0.11,37.53,0.2,1942,0.96875,RETURNED
8,3,256,0.98046875,16,37.38,0.31,36.94,0.13,1905,0.96484375,RETURNED
9,414.52,0.26
9,0,256,0.91796875,0,35.91,0.25,35.5,0.16,1908,0.609375,RETURNED
9,0,256,0.92578125,1,36.75,0.21,36.54,0.0,1907,0.63671875,LOST
9,0,256,0.96875,2,36.84,0.17,36.67,0.0,1917,0.91796875,LOST
9,0,256,0.94140625,3,35.71,0.16,35.55,0.0,1924,0.875,LOST
9,0,256,0.9453125,4,36.63,0.18,36.23,0.22,1896,0.8828125,RETURNED
9,0,256,0.96484375,5,36.02,0.18,35.84,0.0,1922,0.97265625,LOST
9,0,256,0.984375,6,35.42,0.25,35.17,0.0,1889,0.97265625,LOST
9,0,256,0.97265625,7,35.44,0.19,35.1,0.15,1886,0.93359375,RETURNED
9,0,256,0.984375,8,35.66,0.36,35.3,0.0,1905,0.98828125,LOST
9,0,256,0.96484375,9,36.17,0.18,35.86,0.13,1928,0.921875,RETURNED
9,0,256,0.99609375,10,35.5,0.29,35.21,0.0,1910,0.98828125,LOST
9,1,256,0.91796875,0,37.52,0.39,37.05,0.08,1908,0.625,RETURNED
9,1,256,0.9609375,1,38.67,0.27,38.4,0.0,1907,0.88671875,LOST
9,1,256,0.94921875,2,38.85,0.19,38.66,0.0,1917,0.85546875,LOST
9,1,256,0.96484375,3,37.21,0.2,37.01,0.0,1924,0.9140625,LOST
9,1,256,0.97265625,4,38.39,0.16,37.83,0.4,1896,0.90625,RETURNED
9,1,256,0.9765625,5,37.54,0.16,37.38,0.0,1922,0.96875,LOST
9,1,256,0.99609375,6,36.5,0.18,36.32,0.0,1889,0.97265625,LOST
9,1,256,0.98046875,7,36.96,0.16,36.7,0.09,1886,0.95703125,RETURNED
9,1,256,0.9921875,8,36.45,0.17,36.28,0.0,1905,0.98828125,LOST
9,1,256,0.9921875,9,37.76,0.19,37.34,0.24,1928,0.98046875,RETURNED
9,2,256,0.91015625,0,35.91,0.32,35.32,0.27,1908,0.6171875,RETURNED
9,2,256,0.91015625,1,36.78,0.31,36.47,0.0,1907,0.62890625,LOST
9,2,256,0.93359375,2,36.72,0.16,36.56,0.0,1917,0.8125,LOST
9,2,256,0.96484375,3,35.75,0.17,35.58,0.0,1924,0.90625,LOST
9,2,256,0.97265625,4,36.28,0.17,35.99,0.12,1896,0.9140625,RETURNED
9,2,256,0.953125,5,35.69,0.24,35.45,0.0,1922,0.8828125,LOST
9,2,256,0.99609375,6,35.06,0.16,34.9,0.0,1889,0.97265625,LOST
9,2,256,0.9765625,7,35.16,0.19,34.79,0.19,1886,0.94921875,RETURNED
9,2,256,0.98828125,8,35.39,0.41,34.98,0.0,1905,0.98828125,LOST
9,2,256,0.99609375,9,37.08,1.48,35.47,0.13,1928,0.9921875,RETURNED
9,2,256,1.0,10,6.01,0.19,5.82,0.0,310,0.99609375,LOST
9,3,256,0.8828125,0,35.62,0.17,35.24,0.22,1908,0.609375,RETURNED
9,3,256,0.94921875,1,36.61,0.23,36.39,0.0,1907,0.91015625,LOST
9,3,256,0.95703125,2,36.56,0.15,36.42,0.0,1917,0.890625,LOST
9,3,256,0.9609375,3,35.55,0.17,35.38,0.0,1924,0.91015625,LOST
9,3,256,0.95703125,4,36.74,0.2,36.15,0.39,1896,0.89453125,RETURNED
9,3,256,0.94921875,5,35.87,0.19,35.68,0.0,1922,0.92578125,LOST
9,3,256,0.984375,6,35.44,0.35,35.1,0.0,1889,0.953125,LOST
9,3,256,0.98828125,7,35.24,0.19,34.94,0.12,1886,0.97265625,RETURNED
9,3,256,0.98828125,8,35.46,0.31,35.15,0.0,1905,0.9765625,LOST
9,3,256,0.96875,9,36.87,0.94,35.72,0.21,1928,0.89453125,RETURNED
9,3,256,0.9765625,10,35.21,0.15,35.06,0.0,1910,0.96875,LOST
10,445.65,0.26
10,0,256,0.90234375,0,30.46,0.17,30.14,0.15,1908,0.62109375,RETURNED
10,0,256,0.90625,1,30.56,0.1,30.46,0.0,1907,0.61328125,LOST
10,0,256,0.9453125,2,30.74,0.23,30.5,0.0,1917,0.9140625,LOST
10,0,256,0.9140625,3,30.56,0.16,30.41,0.0,1924,0.64453125,LOST
10,0,256,0.96484375,4,30.29,0.19,29.95,0.15,1896,0.91796875,RETURNED
10,0,256,0.98046875,5,30.55,0.2,30.35,0.0,1922,0.9609375,LOST
10,0,256,0.98046875,6,29.93,0.18,29.75,0.0,1889,0.94921875,LOST
10,0,256,0.98046875,7,30.28,0.17,29.89,0.22,1886,0.9375,RETURNED
10,0,256,0.984375,8,30.21,0.17,30.05,0.0,1905,0.98046875,LOST
10,0,256,0.98828125,9,32.11,1.25,30.64,0.22,1928,0.98046875,RETURNED
10,0,256,0.98828125,10,30.27,0.19,30.08,0.0,1910,0.98046875,LOST
10,0,256,0.9921875,11,30.35,0.29,30.06,0.0,1909,0.984375,LOST
10,0,256,0.99609375,12,30.29,0.2,30.09,0.0,1910,0.97265625,LOST
10,1,256,0.90625,0,30.56,0.19,30.25,0.12,1908,0.61328125,RETURNED
10,1,256,0.953125,1,31.05,0.48,30.57,0.0,1907,0.90234375,LOST
10,1,256,0.9453125,2,30.74,0.17,30.57,0.0,1917,0.890625,LOST
10,1,256,0.96484375,3,30.66,0.17,30.49,0.0,1924,0.8984375,LOST
10,1,256,0.94921875,4,30.41,0.18,30.03,0.2,1896,0.90234375,RETURNED
10,1,256,0.96875,5,30.67,0.21,30.46,0.0,1922,0.921875,LOST
10,1,256,0.9921875,6,30.09,0.16,29.92,0.0,1889,0.94921875,LOST
10,1,256,0.97265625,7,30.43,0.17,29.96,0.3,1886,0.94921875,RETURNED
10,1,256,0.98046875,8,30.34,0.16,30.17,0.0,1905,0.9765625,LOST
10,1,256,0.98046875,9,31.4,0.26,30.79,0.34,1928,0.97265625,RETURNED
10,1,256,0.9921875,10,30.39,0.19,30.2,0.0,1910,0.984375,LOST
10,1,256,0.9921875,11,30.44,0.17,30.26,0.0,1909,0.98828125,LOST
10,1,256,0.99609375,12,30.56,0.17,30.39,0.0,1910,0.97265625,LOST
10,2,256,0.92578125,0,30.56,0.21,30.22,0.13,1908,0.6328125,RETURNED
10,2,256,0.9375,1,30.8,0.31,30.49,0.0,1907,0.85546875,LOST
10,2,256,0.97265625,2,30.8,0.29,30.51,0.0,1917,0.90625,LOST
10,2,256,0.96875,3,30.58,0.17,30.41,0.0,1924,0.921875,LOST
10,2,256,0.953125,4,30.26,0.17,30.01,0.08,1896,0.89453125,RETURNED
10,2,256,0.98046875,5,30.59,0.21,30.38,0.0,1922,0.96484375,LOST
10,2,256,0.9609375,6,30.1,0.23,29.87,0.0,1889,0.9453125,LOST
10,2,256,0.97265625,7,30.36,0.17,29.92,0.27,1886,0.9453125,RETURNED
10,2,256,0.98828125,8,30.31,0.22,30.09,0.0,1905,0.9765625,LOST
10,2,256,0.98046875,9,31.42,0.11,30.71,0.59,1928,0.97265625,RETURNED
10,2,256,0.98828125,10,30.32,0.16,30.17,0.0,1910,0.98828125,LOST
10,2,256,0.9921875,11,30.52,0.35,30.17,0.0,1909,0.984375,LOST
10,2,256,0.98828125,12,30.61,0.27,30.33,0.0,1910,0.97265625,LOST
10,3,256,0.91796875,0,30.85,0.24,30.27,0.35,1908,0.63671875,RETURNED
10,3,256,0.89453125,1,30.86,0.23,30.63,0.0,1907,0.62890625,LOST
10,3,256,0.9375,2,30.8,0.23,30.57,0.0,1917,0.87890625,LOST
10,3,256,0.953125,3,30.77,0.27,30.51,0.0,1924,0.91015625,LOST
10,3,256,0.91015625,4,30.29,0.11,30.06,0.11,1896,0.62109375,RETURNED
10,3,256,0.96875,5,30.66,0.19,30.47,0.0,1922,0.92578125,LOST
10,3,256,0.97265625,6,30.15,0.26,29.89,0.0,1889,0.9453125,LOST
10,3,256,0.96484375,7,30.27,0.18,29.95,0.13,1886,0.94921875,RETURNED
10,3,256,0.96484375,8,30.35,0.2,30.15,0.0,1905,0.97265625,LOST
10,3,256,0.9765625,9,31.14,0.28,30.72,0.15,1928,0.94921875,RETURNED
10,3,256,0.98828125,10,30.31,0.14,30.17,0.0,1910,0.98046875,LOST
10,3,256,0.99609375,11,30.27,0.18,30.09,0.0,1909,0.984375,LOST
10,3,256,1.0,12,21.26,0.96,20.3,0.0,1284,0.98828125,LOST
11,480.97,0.28
11,0,256,0.8984375,0,31.09,0.39,30.55,0.15,1908,0.6328125,RETURNED
11,0,256,0.90234375,1,30.66,0.19,30.46,0.0,1907,0.625,LOST
11,0,256,0.94921875,2,30.85,0.16,30.69,0.0,1917,0.90234375,LOST
11,0,256,0.95703125,3,30.95,0.29,30.66,0.0,1924,0.921875,LOST
11,0,256,0.97265625,4,30.63,0.26,30.23,0.14,1896,0.8984375,RETURNED
11,0,256,0.97265625,5,31.27,0.58,30.69,0.0,1922,0.94921875,LOST
11,0,256,0.9765625,6,30.44,0.19,30.25,0.0,1889,0.94140625,LOST
11,0,256,0.9765625,7,30.58,0.2,30.25,0.12,1886,0.9453125,RETURNED
11,0,256,0.9921875,8,30.7,0.22,30.48,0.0,1905,0.98828125,LOST
11,0,256,0.98046875,9,31.12,0.17,30.84,0.11,1928,0.9765625,RETURNED
11,0,256,0.98828125,10,30.74,0.18,30.56,0.0,1910,0.984375,LOST
11,0,256,0.9453125,11,30.83,0.1,30.73,0.0,1909,0.9453125,LOST
11,0,256,0.984375,12,30.91,0.21,30.71,0.0,1910,0.9609375,LOST
11,0,256,0.98046875,13,30.56,0.18,30.37,0.0,1902,0.97265625,LOST
11,0,256,0.96875,14,31.34,0.16,30.94,0.24,1917,0.9140625,RETURNED
11,1,256,0.92578125,0,30.71,0.2,30.35,0.17,1908,0.6171875,RETURNED
11,1,256,0.9453125,1,30.47,0.2,30.26,0.0,1907,0.8984375,LOST
11,1,256,0.95703125,2,30.6,0.1,30.5,0.0,1917,0.921875,LOST
11,1,256,0.9609375,3,30.94,0.53,30.42,0.0,1924,0.8671875,LOST
11,1,256,0.94921875,4,30.17,0.11,29.95,0.11,1896,0.8828125,RETURNED
11,1,256,0.9765625,5,30.81,0.4,30.41,0.0,1922,0.96875,LOST
11,1,256,0.99609375,6,30.21,0.19,30.01,0.0,1889,0.96875,LOST
11,1,256,0.97265625,7,30.36,0.27,30.02,0.08,1886,0.97265625,RETURNED
11,1,256,0.97265625,8,30.37,0.16,30.21,0.0,1905,0.97265625,LOST
11,1,256,0.984375,9,30.87,0.12,30.5,0.26,1928,0.9765625,RETURNED
11,1,256,0.98828125,10,30.48,0.26,30.22,0.0,1910,0.98828125,LOST
11,1,256,0.98046875,11,30.61,0.17,30.44,0.0,1909,0.94921875,LOST
11,1,256,0.9765625,12,30.63,0.23,30.41,0.0,1910,0.9609375,LOST
11,1,256,0.96484375,13,30.5,0.39,30.11,0.0,1902,0.953125,LOST
11,1,256,0.96484375,14,31.08,0.16,30.59,0.33,1917,0.87890625,RETURNED
11,2,256,0.90234375,0,30.49,0.24,30.11,0.14,1908,0.6328125,RETURNED
11,2,256,0.9375,1,30.19,0.11,30.08,0.0,1907,0.83203125,LOST
11,2,256,0.94140625,2,30.35,0.09,30.25,0.0,1917,0.86328125,LOST
11,2,256,0.96484375,3,30.48,0.25,30.23,0.0,1924,0.8515625,LOST
11,2,256,0.96875,4,30.1,0.17,29.74,0.18,1896,0.921875,RETURNED
11,2,256,0.96484375,5,30.34,0.2,30.15,0.0,1922,0.9609375,LOST
11,2,256,0.9765625,6,30.16,0.36,29.8,0.0,1889,0.95703125,LOST
11,2,256,0.9765625,7,30.52,0.17,29.81,0.53,1886,0.96875,RETURNED
11,2,256,0.984375,8,30.14,0.17,29.97,0.0,1905,0.97265625,LOST
11,2,256,0.96484375,9,32.26,1.67,30.3,0.3,1928,0.97265625,RETURNED
11,2,256,0.9921875,10,30.29,0.31,29.98,0.0,1910,0.95703125,LOST
11,2,256,0.98046875,11,30.29,0.11,30.18,0.0,1909,0.9765625,LOST
11,2,256,0.99609375,12,31.2,1.03,30.18,0.0,1910,0.984375,LOST
11,2,256,0.98046875,13,30.04,0.25,29.79,0.0,1902,0.9765625,LOST
11,2,256,1.0,14,26.45,0.99,25.47,0.0,1608,0.984375,LOST
11,3,256,0.90625,0,30.53,0.11,30.27,0.14,1908,0.625,RETURNED
11,3,256,0.94921875,1,30.44,0.24,30.2,0.0,1907,0.89453125,LOST
11,3,256,0.96484375,2,30.68,0.27,30.42,0.0,1917,0.92578125,LOST
11,3,256,0.921875,3,30.6,0.21,30.39,0.0,1924,0.61328125,LOST
11,3,256,0.9140625,4,30.31,0.16,29.96,0.18,1896,0.625,RETURNED
11,3,256,0.94921875,5,30.59,0.23,30.36,0.0,1922,0.9140625,LOST
11,3,256,0.97265625,6,30.16,0.18,29.98,0.0,1889,0.92578125,LOST
11,3,256,0.98828125,7,30.4,0.32,29.94,0.14,1886,0.95703125,RETURNED
11,3,256,0.98828125,8,30.36,0.19,30.17,0.0,1905,0.98828125,LOST
11,3,256,0.9609375,9,30.77,0.13,30.49,0.15,1928,0.953125,RETURNED
11,3,256,0.98046875,10,30.49,0.28,30.21,0.0,1910,0.96484375,LOST
11,3,256,0.95703125,11,30.67,0.29,30.38,0.0,1909,0.98046875,LOST
11,3,256,0.99609375,12,30.61,0.22,30.4,0.0,1910,0.984375,LOST
11,3,256,0.984375,13,30.21,0.21,30.0,0.0,1902,0.97265625,LOST
11,3,256,0.9453125,14,31.98,1.02,30.53,0.43,1917,0.8828125,RETURNED
12,667.62,0.27
12,0,256,0.8984375,0,36.37,0.17,36.0,0.21,1908,0.62890625,RETURNED
12,0,256,0.9453125,1,36.19,0.44,35.76,0.0,1907,0.875,LOST
12,0,256,0.9609375,2,35.63,0.31,35.32,0.0,1917,0.890625,LOST
12,0,256,0.9375,3,35.6,0.22,35.38,0.0,1924,0.875,LOST
12,0,256,0.95703125,4,35.36,0.18,35.06,0.12,1896,0.8984375,RETURNED
12,0,256,0.95703125,5,35.73,0.2,35.52,0.0,1922,0.91796875,LOST
12,0,256,0.97265625,6,34.84,0.09,34.75,0.0,1889,0.9375,LOST
12,0,256,0.97265625,7,34.87,0.14,34.62,0.12,1886,0.93359375,RETURNED
12,0,256,0.98828125,8,35.26,0.23,35.04,0.0,1905,0.97265625,LOST
12,0,256,0.97265625,9,36.4,0.28,35.88,0.24,1928,0.96875,RETURNED
12,0,256,0.98046875,10,35.6,0.32,35.28,0.0,1910,0.98828125,LOST
12,0,256,0.9921875,11,35.51,0.17,35.34,0.0,1909,0.98828125,LOST
12,0,256,0.99609375,12,35.56,0.26,35.31,0.0,1910,0.98828125,LOST
12,0,256,0.98828125,13,35.27,0.23,35.05,0.0,1902,0.984375,LOST
12,0,256,0.98046875,14,36.99,1.04,35.8,0.16,1917,0.96875,RETURNED
12,0,256,0.98828125,15,36.65,0.17,36.34,0.13,1942,0.9765625,RETURNED
12,0,256,0.99609375,16,35.75,0.18,35.43,0.13,1905,0.99609375,RETURNED
12,0,256,0.99609375,17,35.62,0.24,35.24,0.14,1898,0.9921875,RETURNED
12,1,256,0.90625,0,35.51,0.16,35.09,0.26,1908,0.63671875,RETURNED
12,1,256,0.953125,1,35.3,0.41,34.9,0.0,1907,0.8671875,LOST
12,1,256,0.90625,2,34.71,0.24,34.47,0.0,1917,0.6171875,LOST
12,1,256,0.94140625,3,34.74,0.13,34.61,0.0,1924,0.86328125,LOST
12,1,256,0.94921875,4,34.75,0.31,34.29,0.16,1896,0.89453125,RETURNED
12,1,256,0.96484375,5,34.83,0.17,34.66,0.0,1922,0.9140625,LOST
12,1,256,0.95703125,6,34.08,0.17,33.91,0.0,1889,0.93359375,LOST
12,1,256,0.97265625,7,34.59,0.18,33.85,0.56,1886,0.9296875,RETURNED
12,1,256,0.9765625,8,34.45,0.24,34.21,0.0,1905,0.953125,LOST
12,1,256,0.98828125,9,36.69,1.48,35.07,0.13,1928,0.98046875,RETURNED
12,1,256,0.99609375,10,34.63,0.19,34.44,0.0,1910,0.98828125,LOST
12,1,256,0.98828125,11,34.78,0.34,34.44,0.0,1909,0.97265625,LOST
12,1,256,0.96484375,12,35.81,1.41,34.4,0.0,1910,0.91015625,LOST
12,1,256,0.984375,13,34.58,0.36,34.22,0.0,1902,0.984375,LOST
12,1,256,0.9921875,14,35.64,0.93,34.59,0.12,1917,0.97265625,RETURNED
12,1,256,0.99609375,15,36.56,0.41,35.98,0.17,1942,0.98046875,RETURNED
12,1,256,0.9921875,16,35.09,0.38,34.54,0.17,1905,0.9921875,RETURNED
12,1,256,0.99609375,17,34.79,0.18,34.37,0.24,1898,0.9921875,RETURNED
12,2,256,0.90625,0,35.96,0.18,35.63,0.15,1908,0.62109375,RETURNED
12,2,256,0.890625,1,35.79,0.36,35.44,0.0,1907,0.61328125,LOST
12,2,256,0.9609375,2,35.21,0.19,35.01,0.0,1917,0.90625,LOST
12,2,256,0.9453125,3,35.86,0.83,35.03,0.0,1924,0.875,LOST
12,2,256,0.93359375,4,35.22,0.41,34.7,0.11,1896,0.88671875,RETURNED
12,2,256,0.97265625,5,35.29,0.22,35.07,0.0,1922,0.9453125,LOST
12,2,256,0.96484375,6,34.65,0.16,34.49,0.0,1889,0.953125,LOST
12,2,256,0.9609375,7,34.8,0.27,34.37,0.16,1886,0.9453125,RETURNED
12,2,256,0.984375,8,34.81,0.12,34.69,0.0,1905,0.97265625,LOST
12,2,256,0.984375,9,36.01,0.17,35.65,0.18,1928,0.97265625,RETURNED
12,2,256,0.99609375,10,35.22,0.18,35.04,0.0,1910,0.98828125,LOST
12,2,256,0.9921875,11,35.13,0.23,34.9,0.0,1909,0.98828125,LOST
12,2,256,0.98046875,12,35.22,0.15,35.07,0.0,1910,0.95703125,LOST
12,2,256,0.984375,13,34.95,0.16,34.8,0.0,1902,0.984375,LOST
12,2,256,0.98046875,14,35.42,0.19,35.05,0.18,1917,0.97265625,RETURNED
12,2,256,0.9921875,15,36.98,0.11,36.63,0.24,1942,0.984375,RETURNED
12,2,256,0.99609375,16,35.37,0.18,35.07,0.11,1905,0.98046875,RETURNED
12,2,256,0.984375,17,35.54,0.31,35.01,0.21,1898,0.98828125,RETURNED
12,3,256,0.9140625,0,36.31,0.18,35.89,0.23,1908,0.63671875,RETURNED
12,3,256,0.96484375,1,36.14,0.45,35.69,0.0,1907,0.91015625,LOST
12,3,256,0.9609375,2,35.44,0.2,35.24,0.0,1917,0.84765625,LOST
12,3,256,0.95703125,3,35.53,0.21,35.32,0.0,1924,0.86328125,LOST
12,3,256,0.94921875,4,35.34,0.2,35.0,0.13,1896,0.90625,RETURNED
12,3,256,0.9921875,5,35.42,0.17,35.26,0.0,1922,0.94921875,LOST
12,3,256,0.98828125,6,34.94,0.21,34.73,0.0,1889,0.9453125,LOST
12,3,256,0.96875,7,34.95,0.21,34.57,0.17,1886,0.953125,RETURNED
12,3,256,0.9765625,8,35.19,0.28,34.91,0.0,1905,0.96875,LOST
12,3,256,0.984375,9,36.05,0.19,35.74,0.11,1928,0.95703125,RETURNED
12,3,256,0.99609375,10,35.5,0.23,35.27,0.0,1910,0.98828125,LOST
12,3,256,0.9921875,11,35.35,0.13,35.22,0.0,1909,0.984375,LOST
12,3,256,0.98046875,12,35.86,0.45,35.41,0.0,1910,0.97265625,LOST
12,3,256,0.984375,13,35.17,0.22,34.95,0.0,1902,0.98046875,LOST
12,3,256,0.9609375,14,35.74,0.1,35.52,0.12,1917,0.90625,RETURNED
12,3,256,0.984375,15,37.08,0.38,36.54,0.17,1942,0.95703125,RETURNED
12,3,256,0.9921875,16,35.93,0.29,35.38,0.25,1905,0.984375,RETURNED
12,3,256,1.0,17,2.76,0.32,2.44,0.0,132,0.99609375,LOST
13,501.85,0.28
13,0,256,0.91015625,0,36.63,0.2,36.27,0.17,1908,0.625,RETURNED
13,0,256,0.95703125,1,35.46,0.23,35.23,0.0,1907,0.88671875,LOST
13,0,256,0.97265625,2,35.65,0.13,35.51,0.0,1917,0.90625,LOST
13,0,256,0.94921875,3,36.03,0.2,35.84,0.0,1924,0.8984375,LOST
13,0,256,0.87890625,4,36.07,0.12,35.73,0.21,1896,0.6328125,RETURNED
13,0,256,0.96484375,5,36.15,0.21,35.94,0.0,1922,0.95703125,LOST
13,0,256,0.96875,6,35.15,0.21,34.94,0.0,1889,0.9453125,LOST
13,0,256,0.98046875,7,36.05,0.16,35.8,0.09,1886,0.9609375,RETURNED
13,0,256,0.98828125,8,35.96,0.16,35.8,0.0,1905,0.98046875,LOST
13,0,256,0.98828125,9,35.87,0.18,35.56,0.12,1928,0.98046875,RETURNED
13,0,256,0.9921875,10,35.8,0.18,35.62,0.0,1910,0.98828125,LOST
13,0,256,0.9921875,11,35.54,0.22,35.32,0.0,1909,0.98828125,LOST
13,0,256,0.98828125,12,38.2,0.2,38.0,0.0,1910,0.98046875,LOST
13,1,256,0.87890625,0,36.04,0.27,35.65,0.12,1908,0.62109375,RETURNED
13,1,256,0.890625,1,35.14,0.24,34.9,0.0,1907,0.609375,LOST
13,1,256,0.96875,2,35.62,0.26,35.36,0.0,1917,0.88671875,LOST
13,1,256,0.91015625,3,35.85,0.17,35.68,0.0,1924,0.63671875,LOST
13,1,256,0.9609375,4,36.24,0.26,35.85,0.13,1896,0.8828125,RETURNED
13,1,256,0.97265625,5,36.07,0.16,35.91,0.0,1922,0.9609375,LOST
13,1,256,0.9765625,6,35.03,0.22,34.82,0.0,1889,0.953125,LOST
13,1,256,0.94921875,7,36.27,0.17,35.94,0.16,1886,0.890625,RETURNED
13,1,256,0.98828125,8,36.02,0.41,35.61,0.0,1905,0.953125,LOST
13,1,256,0.984375,9,36.58,1.11,35.33,0.14,1928,0.98046875,RETURNED
13,1,256,0.9921875,10,35.84,0.23,35.62,0.0,1910,0.984375,LOST
13,1,256,0.99609375,11,35.45,0.22,35.23,0.0,1909,0.98828125,LOST
13,1,256,1.0,12,36.26,0.98,35.28,0.0,1760,0.984375,LOST
13,2,256,0.9140625,0,36.53,0.16,36.21,0.15,1908,0.625,RETURNED
13,2,256,0.90234375,1,35.46,0.21,35.26,0.0,1907,0.65625,LOST
13,2,256,0.9453125,2,35.87,0.21,35.66,0.0,1917,0.8671875,LOST
13,2,256,0.96875,3,36.09,0.17,35.92,0.0,1924,0.9140625,LOST
13,2,256,0.9609375,4,36.37,0.15,36.05,0.18,1896,0.9140625,RETURNED
13,2,256,0.97265625,5,36.39,0.26,36.13,0.0,1922,0.9609375,LOST
13,2,256,0.96875,6,35.63,0.29,35.34,0.0,1889,0.953125,LOST
13,2,256,0.95703125,7,36.01,0.16,35.77,0.08,1886,0.8984375,RETURNED
13,2,256,0.98046875,8,35.98,0.22,35.76,0.0,1905,0.98046875,LOST
13,2,256,0.9765625,9,36.12,0.23,35.74,0.15,1928,0.953125,RETURNED
13,2,256,0.98828125,10,36.05,0.12,35.94,0.0,1910,0.984375,LOST
13,2,256,0.98046875,11,36.09,0.18,35.91,0.0,1909,0.97265625,LOST
13,2,256,0.99609375,12,38.44,0.2,38.23,0.0,1910,0.984375,LOST
13,3,256,0.91796875,0,36.7,0.26,36.3,0.14,1908,0.62109375,RETURNED
13,3,256,0.94921875,1,35.74,0.21,35.53,0.0,1907,0.89453125,LOST
13,3,256,0.94921875,2,36.03,0.18,35.85,0.0,1917,0.85546875,LOST
13,3,256,0.8984375,3,37.14,0.11,37.02,0.0,1924,0.625,LOST
13,3,256,0.953125,4,37.24,0.13,36.97,0.13,1896,0.9140625,RETURNED
13,3,256,0.96484375,5,37.28,0.17,37.11,0.0,1922,0.9609375,LOST
13,3,256,0.98046875,6,36.97,0.23,36.73,0.0,1889,0.96875,LOST
13,3,256,0.98046875,7,35.96,0.14,35.72,0.11,1886,0.953125,RETURNED
13,3,256,0.9921875,8,37.0,0.17,36.83,0.0,1905,0.98046875,LOST
13,3,256,0.9765625,9,36.93,0.23,36.58,0.11,1928,0.9140625,RETURNED
13,3,256,0.99609375,10,36.7,0.11,36.59,0.0,1910,0.98828125,LOST
13,3,256,0.99609375,11,36.99,0.2,36.79,0.0,1909,0.98828125,LOST
13,3,256,0.921875,12,39.44,0.26,39.18,0.0,1910,0.6171875,LOST
14,413.12,0.33
14,0,256,0.91015625,0,34.82,0.37,34.27,0.19,1908,0.6328125,RETURNED
14,0,256,0.91796875,1,34.77,0.16,34.61,0.0,1907,0.625,LOST
14,0,256,0.92578125,2,34.88,0.12,34.76,0.0,1917,0.625,LOST
14,0,256,0.953125,3,35.26,0.14,35.12,0.0,1924,0.890625,LOST
14,0,256,0.96484375,4,35.01,0.32,34.27,0.43,1896,0.92578125,RETURNED
14,0,256,0.9609375,5,34.85,0.11,34.74,0.0,1922,0.921875,LOST
14,0,256,0.96484375,6,34.63,0.16,34.47,0.0,1889,0.9453125,LOST
14,0,256,0.96875,7,35.89,0.27,35.46,0.16,1886,0.94921875,RETURNED
14,0,256,0.98828125,8,37.02,0.21,36.8,0.0,1905,0.984375,LOST
14,0,256,0.9921875,9,35.13,0.25,34.73,0.15,1928,0.96484375,RETURNED
14,0,256,1.0,10,3.07,0.19,2.73,0.15,152,0.9921875,RETURNED
14,1,256,0.90625,0,34.85,0.35,34.34,0.15,1908,0.6171875,RETURNED
14,1,256,0.9453125,1,34.66,0.21,34.45,0.0,1907,0.890625,LOST
14,1,256,0.9375,2,34.89,0.18,34.71,0.0,1917,0.87109375,LOST
14,1,256,0.94140625,3,35.08,0.17,34.91,0.0,1924,0.88671875,LOST
14,1,256,0.94921875,4,34.44,0.23,34.09,0.12,1896,0.93359375,RETURNED
14,1,256,0.9765625,5,34.77,0.15,34.62,0.0,1922,0.94921875,LOST
14,1,256,0.98046875,6,34.5,0.16,34.34,0.0,1889,0.94921875,LOST
14,1,256,0.9765625,7,35.54,0.26,35.12,0.16,1886,0.94921875,RETURNED
14,1,256,0.984375,8,36.92,0.19,36.73,0.0,1905,0.984375,LOST
14,1,256,0.98828125,9,34.96,0.19,34.61,0.16,1928,0.984375,RETURNED
14,1,256,0.96875,10,34.91,0.17,34.74,0.0,1910,0.9765625,LOST
14,2,256,0.92578125,0,34.11,0.22,33.76,0.14,1908,0.62109375,RETURNED
14,2,256,0.953125,1,34.25,0.23,34.02,0.0,1907,0.88671875,LOST
14,2,256,0.96875,2,34.43,0.33,34.11,0.0,1917,0.921875,LOST
14,2,256,0.9609375,3,34.48,0.18,34.31,0.0,1924,0.890625,LOST
14,2,256,0.94921875,4,33.8,0.18,33.47,0.15,1896,0.90625,RETURNED
14,2,256,0.96875,5,34.47,0.21,34.26,0.0,1922,0.94921875,LOST
14,2,256,0.9921875,6,34.08,0.31,33.77,0.0,1889,0.95703125,LOST
14,2,256,0.984375,7,34.92,0.16,34.57,0.18,1886,0.96484375,RETURNED
14,2,256,0.99609375,8,36.3,0.17,36.13,0.0,1905,0.984375,LOST
14,2,256,0.98046875,9,36.09,1.73,34.21,0.16,1928,0.98046875,RETURNED
14,2,256,0.9765625,10,34.15,0.12,34.03,0.0,1910,0.96875,LOST
14,3,256,0.93359375,0,35.04,0.18,34.72,0.15,1908,0.625,RETURNED
14,3,256,0.95703125,1,35.04,0.2,34.84,0.0,1907,0.921875,LOST
14,3,256,0.9765625,2,35.23,0.24,34.98,0.0,1917,0.921875,LOST
14,3,256,0.953125,3,35.43,0.22,35.21,0.0,1924,0.8828125,LOST
14,3,256,0.95703125,4,34.83,0.19,34.52,0.12,1896,0.921875,RETURNED
14,3,256,0.98046875,5,35.32,0.24,35.08,0.0,1922,0.9296875,LOST
14,3,256,0.9921875,6,34.82,0.16,34.66,0.0,1889,0.96484375,LOST
14,3,256,0.984375,7,35.88,0.22,35.52,0.14,1886,0.9453125,RETURNED
14,3,256,0.9921875,8,37.14,0.18,36.96,0.0,1905,0.984375,LOST
14,3,256,0.98828125,9,35.31,0.17,35.02,0.12,1928,0.984375,RETURNED
14,3,256,0.99609375,10,35.21,0.2,35.01,0.0,1910,0.98828125,LOST
15,545.35,0.27
15,0,256,0.921875,0,35.3,0.37,34.72,0.21,1908,0.625,RETURNED
15,0,256,0.94140625,1,35.01,0.21,34.8,0.0,1907,0.87109375,LOST
15,0,256,0.9375,2,34.89,0.18,34.71,0.0,1917,0.87109375,LOST
15,0,256,0.94140625,3,36.05,0.16,35.89,0.0,1924,0.8671875,LOST
15,0,256,0.9609375,4,35.6,0.18,35.34,0.08,1896,0.91796875,RETURNED
15,0,256,0.98828125,5,35.32,0.19,35.13,0.0,1922,0.96484375,LOST
15,0,256,0.98046875,6,35.48,0.15,35.33,0.0,1889,0.9609375,LOST
15,0,256,0.9765625,7,34.75,0.1,34.5,0.15,1886,0.93359375,RETURNED
15,0,256,0.9921875,8,34.77,0.27,34.5,0.0,1905,0.9765625,LOST
15,0,256,0.984375,9,35.05,0.17,34.7,0.18,1928,0.9765625,RETURNED
15,0,256,0.9921875,10,34.89,0.22,34.67,0.0,1910,0.98828125,LOST
15,0,256,0.9921875,11,34.77,0.11,34.66,0.0,1909,0.98828125,LOST
15,0,256,0.98828125,12,34.77,0.17,34.6,0.0,1910,0.9609375,LOST
15,0,256,0.9609375,13,34.66,0.19,34.47,0.0,1902,0.984375,LOST
15,0,256,1.0,14,19.94,0.22,19.61,0.12,1088,0.99609375,RETURNED
15,1,256,0.90234375,0,34.99,0.2,34.63,0.15,1908,0.62890625,RETURNED
15,1,256,0.953125,1,34.67,0.19,34.48,0.0,1907,0.8671875,LOST
15,1,256,0.953125,2,34.77,0.1,34.67,0.0,1917,0.890625,LOST
15,1,256,0.94140625,3,36.32,0.21,36.1,0.0,1924,0.90234375,LOST
15,1,256,0.96484375,4,35.77,0.19,35.46,0.12,1896,0.90625,RETURNED
15,1,256,0.95703125,5,35.2,0.12,35.08,0.0,1922,0.96484375,LOST
15,1,256,0.984375,6,35.5,0.16,35.34,0.0,1889,0.9453125,LOST
15,1,256,0.96875,7,34.96,0.2,34.57,0.2,1886,0.953125,RETURNED
15,1,256,0.984375,8,34.63,0.19,34.44,0.0,1905,0.9765625,LOST
15,1,256,0.98828125,9,35.1,0.17,34.74,0.2,1928,0.9765625,RETURNED
15,1,256,0.99609375,10,34.97,0.19,34.78,0.0,1910,0.98828125,LOST
15,1,256,0.98828125,11,34.58,0.16,34.42,0.0,1909,0.9765625,LOST
15,1,256,0.98828125,12,34.74,0.19,34.55,0.0,1910,0.95703125,LOST
15,1,256,0.9765625,13,34.7,0.2,34.5,0.0,1902,0.96484375,LOST
15,1,256,1.0,14,20.04,0.17,19.6,0.27,1088,0.99609375,RETURNED
15,2,256,0.90234375,0,34.29,0.18,33.96,0.15,1908,0.625,RETURNED
15,2,256,0.92578125,1,34.28,0.28,34.0,0.0,1907,0.8515625,LOST
15,2,256,0.96484375,2,34.34,0.28,34.06,0.0,1917,0.890625,LOST
15,2,256,0.953125,3,35.74,0.17,35.57,0.0,1924,0.90234375,LOST
15,2,256,0.9609375,4,35.13,0.23,34.83,0.08,1896,0.921875,RETURNED
15,2,256,0.94921875,5,34.75,0.2,34.55,0.0,1922,0.93359375,LOST
15,2,256,0.98828125,6,34.79,0.17,34.62,0.0,1889,0.96484375,LOST
15,2,256,0.9765625,7,34.17,0.14,33.92,0.12,1886,0.94140625,RETURNED
15,2,256,0.984375,8,34.01,0.19,33.82,0.0,1905,0.9765625,LOST
15,2,256,0.984375,9,35.87,1.56,33.97,0.34,1928,0.97265625,RETURNED
15,2,256,0.99609375,10,34.15,0.16,33.99,0.0,1910,0.984375,LOST
15,2,256,0.9921875,11,34.16,0.28,33.89,0.0,1909,0.98828125,LOST
15,2,256,0.98828125,12,34.96,1.03,33.93,0.0,1910,0.9765625,LOST
15,2,256,0.9921875,13,34.2,0.16,34.05,0.0,1902,0.99609375,LOST
15,2,256,0.9921875,14,35.16,1.0,33.94,0.21,1917,0.984375,RETURNED
15,3,256,0.90625,0,34.96,0.17,34.67,0.12,1908,0.62109375,RETURNED
15,3,256,0.89453125,1,34.84,0.29,34.55,0.0,1907,0.609375,LOST
15,3,256,0.96484375,2,35.03,0.21,34.82,0.0,1917,0.91015625,LOST
15,3,256,0.94140625,3,36.52,0.29,36.22,0.0,1924,0.890625,LOST
15,3,256,0.953125,4,35.91,0.26,35.53,0.12,1896,0.90234375,RETURNED
15,3,256,0.9765625,5,35.41,0.2,35.21,0.0,1922,0.9609375,LOST
15,3,256,0.9765625,6,35.54,0.17,35.37,0.0,1889,0.94140625,LOST
15,3,256,0.9765625,7,35.05,0.27,34.64,0.14,1886,0.95703125,RETURNED
15,3,256,0.98828125,8,34.87,0.29,34.58,0.0,1905,0.9765625,LOST
15,3,256,0.99609375,9,35.35,0.16,34.92,0.27,1928,0.9765625,RETURNED
15,3,256,0.98828125,10,35.07,0.18,34.9,0.0,1910,0.9765625,LOST
15,3,256,0.98046875,11,34.71,0.12,34.59,0.0,1909,0.984375,LOST
15,3,256,0.9921875,12,34.86,0.21,34.66,0.0,1910,0.99609375,LOST
15,3,256,0.98828125,13,34.63,0.18,34.45,0.0,1902,0.9921875,LOST
15,3,256,0.99609375,14,35.07,0.13,34.65,0.3,1917,0.96484375,RETURNED
16,362.67,0.29
16,0,256,0.90234375,0,30.69,0.3,30.31,0.08,1908,0.6328125,RETURNED
16,0,256,0.95703125,1,30.37,0.16,30.2,0.0,1907,0.86328125,LOST
16,0,256,0.9609375,2,30.44,0.18,30.26,0.0,1917,0.90234375,LOST
16,0,256,0.88671875,3,30.81,0.18,30.63,0.0,1924,0.609375,LOST
16,0,256,0.96484375,4,30.35,0.18,30.04,0.13,1896,0.9140625,RETURNED
16,0,256,0.9609375,5,30.95,0.27,30.68,0.0,1922,0.90625,LOST
16,0,256,0.98046875,6,30.23,0.17,30.06,0.0,1889,0.9609375,LOST
16,0,256,0.97265625,7,30.75,0.18,30.44,0.14,1886,0.96875,RETURNED
16,0,256,0.9765625,8,30.42,0.18,30.24,0.0,1905,0.97265625,LOST
16,0,256,0.9921875,9,32.96,2.1,30.73,0.13,1928,0.97265625,RETURNED
16,0,256,0.99609375,10,30.36,0.17,30.2,0.0,1910,0.98828125,LOST
16,1,256,0.90625,0,30.71,0.24,30.31,0.17,1908,0.609375,RETURNED
16,1,256,0.96484375,1,30.9,0.63,30.27,0.0,1907,0.9140625,LOST
16,1,256,0.95703125,2,30.64,0.24,30.41,0.0,1917,0.91015625,LOST
16,1,256,0.9609375,3,31.04,0.2,30.84,0.0,1924,0.89453125,LOST
16,1,256,0.94921875,4,30.34,0.16,30.11,0.08,1896,0.875,RETURNED
16,1,256,0.97265625,5,31.01,0.24,30.77,0.0,1922,0.93359375,LOST
16,1,256,0.9609375,6,30.29,0.16,30.14,0.0,1889,0.9140625,LOST
16,1,256,0.96875,7,30.74,0.19,30.41,0.13,1886,0.953125,RETURNED
16,1,256,0.98046875,8,30.49,0.22,30.27,0.0,1905,0.97265625,LOST
16,1,256,0.99609375,9,31.09,0.17,30.78,0.14,1928,0.9765625,RETURNED
16,1,256,0.99609375,10,30.43,0.15,30.29,0.0,1910,0.99609375,LOST
16,2,256,0.9140625,0,30.68,0.32,30.26,0.09,1908,0.625,RETURNED
16,2,256,0.94140625,1,30.3,0.12,30.18,0.0,1907,0.7109375,LOST
16,2,256,0.93359375,2,30.47,0.18,30.3,0.0,1917,0.796875,LOST
16,2,256,0.95703125,3,31.03,0.4,30.64,0.0,1924,0.8984375,LOST
16,2,256,0.9609375,4,30.41,0.15,30.06,0.2,1896,0.87109375,RETURNED
16,2,256,0.984375,5,30.87,0.21,30.66,0.0,1922,0.96484375,LOST
16,2,256,0.98828125,6,30.76,0.64,30.12,0.0,1889,0.9609375,LOST
16,2,256,0.97265625,7,30.81,0.24,30.44,0.12,1886,0.953125,RETURNED
16,2,256,0.98046875,8,30.26,0.1,30.16,0.0,1905,0.97265625,LOST
16,2,256,0.97265625,9,31.21,0.39,30.68,0.13,1928,0.97265625,RETURNED
16,2,256,0.984375,10,30.39,0.18,30.21,0.0,1910,0.97265625,LOST
16,3,256,0.90625,0,30.72,0.22,30.26,0.24,1908,0.6171875,RETURNED
16,3,256,0.9375,1,30.45,0.24,30.21,0.0,1907,0.8203125,LOST
16,3,256,0.95703125,2,30.51,0.24,30.27,0.0,1917,0.8828125,LOST
16,3,256,0.9609375,3,30.85,0.19,30.66,0.0,1924,0.90234375,LOST
16,3,256,0.95703125,4,30.45,0.17,30.05,0.23,1896,0.8984375,RETURNED
16,3,256,0.95703125,5,30.85,0.16,30.69,0.0,1922,0.90625,LOST
16,3,256,0.97265625,6,30.71,0.6,30.11,0.0,1889,0.9453125,LOST
16,3,256,0.97265625,7,30.75,0.24,30.39,0.13,1886,0.953125,RETURNED
16,3,256,0.9765625,8,30.35,0.16,30.19,0.0,1905,0.96484375,LOST
16,3,256,0.9921875,9,31.3,0.46,30.7,0.13,1928,0.97265625,RETURNED
16,3,256,1.0,10,8.72,0.23,8.5,0.0,535,0.9921875,LOST
17,417.25,0.29
17,0,256,0.8984375,0,30.61,0.18,30.3,0.13,1908,0.61328125,RETURNED
17,0,256,0.94921875,1,30.57,0.24,30.32,0.0,1907,0.84765625,LOST
17,0,256,0.95703125,2,30.53,0.23,30.3,0.0,1917,0.8984375,LOST
17,0,256,0.953125,3,30.81,0.19,30.63,0.0,1924,0.90234375,LOST
17,0,256,0.94140625,4,30.37,0.2,30.05,0.12,1896,0.8984375,RETURNED
17,0,256,0.9765625,5,30.62,0.16,30.46,0.0,1922,0.94140625,LOST
17,0,256,0.98046875,6,30.04,0.12,29.92,0.0,1889,0.94921875,LOST
17,0,256,0.97265625,7,30.23,0.17,29.93,0.12,1886,0.9296875,RETURNED
17,0,256,0.984375,8,30.77,0.16,30.62,0.0,1905,0.97265625,LOST
17,0,256,0.9765625,9,31.65,0.94,30.59,0.12,1928,0.9609375,RETURNED
17,0,256,0.98046875,10,30.68,0.29,30.39,0.0,1910,0.9609375,LOST
17,0,256,0.9921875,11,30.61,0.41,30.2,0.0,1909,0.98046875,LOST
17,1,256,0.9140625,0,30.67,0.17,30.35,0.15,1908,0.6171875,RETURNED
17,1,256,0.9453125,1,30.58,0.16,30.42,0.0,1907,0.85546875,LOST
17,1,256,0.90625,2,30.64,0.26,30.38,0.0,1917,0.62890625,LOST
17,1,256,0.94921875,3,30.84,0.18,30.66,0.0,1924,0.90234375,LOST
17,1,256,0.92578125,4,30.38,0.16,30.1,0.11,1896,0.859375,RETURNED
17,1,256,0.98046875,5,30.71,0.21,30.51,0.0,1922,0.94140625,LOST
17,1,256,0.9765625,6,30.15,0.17,29.97,0.0,1889,0.92578125,LOST
17,1,256,0.953125,7,30.4,0.26,29.99,0.15,1886,0.90625,RETURNED
17,1,256,0.98046875,8,30.83,0.16,30.67,0.0,1905,0.96484375,LOST
17,1,256,0.9765625,9,31.2,0.14,30.63,0.43,1928,0.9609375,RETURNED
17,1,256,0.99609375,10,30.65,0.17,30.48,0.0,1910,0.9765625,LOST
17,1,256,1.0,11,25.88,0.16,25.72,0.0,1625,0.984375,LOST
17,2,256,0.90625,0,30.92,0.18,30.62,0.11,1908,0.6171875,RETURNED
17,2,256,0.9375,1,30.93,0.2,30.73,0.0,1907,0.84375,LOST
17,2,256,0.953125,2,30.81,0.1,30.72,0.0,1917,0.91015625,LOST
17,2,256,0.94921875,3,31.19,0.16,31.03,0.0,1924,0.90234375,LOST
17,2,256,0.94140625,4,30.71,0.17,30.46,0.08,1896,0.91015625,RETURNED
17,2,256,0.9765625,5,31.03,0.19,30.85,0.0,1922,0.93359375,LOST
17,2,256,0.9765625,6,30.39,0.17,30.23,0.0,1889,0.92578125,LOST
17,2,256,0.96484375,7,30.55,0.16,30.27,0.12,1886,0.90234375,RETURNED
17,2,256,0.98046875,8,31.11,0.22,30.89,0.0,1905,0.97265625,LOST
17,2,256,0.97265625,9,31.25,0.17,30.95,0.12,1928,0.97265625,RETURNED
17,2,256,0.98828125,10,30.96,0.21,30.74,0.0,1910,0.98828125,LOST
17,2,256,0.98828125,11,30.72,0.19,30.53,0.0,1909,0.96875,LOST
17,3,256,0.890625,0,30.63,0.19,30.25,0.19,1908,0.63671875,RETURNED
17,3,256,0.9453125,1,30.56,0.22,30.33,0.0,1907,0.89453125,LOST
17,3,256,0.9453125,2,30.45,0.17,30.27,0.0,1917,0.859375,LOST
17,3,256,0.9453125,3,30.85,0.16,30.69,0.0,1924,0.890625,LOST
17,3,256,0.94921875,4,30.31,0.18,30.05,0.08,1896,0.88671875,RETURNED
17,3,256,0.96484375,5,30.66,0.2,30.46,0.0,1922,0.8984375,LOST
17,3,256,0.98046875,6,29.96,0.12,29.84,0.0,1889,0.94921875,LOST
17,3,256,0.9609375,7,30.29,0.19,29.9,0.21,1886,0.94921875,RETURNED
17,3,256,0.984375,8,30.76,0.17,30.6,0.0,1905,0.97265625,LOST
17,3,256,0.98828125,9,31.37,0.18,30.6,0.59,1928,0.96484375,RETURNED
17,3,256,0.9765625,10,30.51,0.17,30.34,0.0,1910,0.9765625,LOST
17,3,256,0.984375,11,30.33,0.19,30.14,0.0,1909,0.9765625,LOST
18,394.30,0.36
18,0,256,0.92578125,0,32.84,0.09,32.61,0.13,1908,0.6171875,RETURNED
18,0,256,0.9609375,1,30.68,0.18,30.5,0.0,1907,0.93359375,LOST
18,0,256,0.9609375,2,30.77,0.34,30.42,0.0,1917,0.921875,LOST
18,0,256,0.96875,3,30.77,0.22,30.55,0.0,1924,0.921875,LOST
18,0,256,0.9296875,4,30.44,0.25,30.07,0.13,1896,0.87109375,RETURNED
18,0,256,0.9765625,5,30.72,0.19,30.53,0.0,1922,0.9453125,LOST
18,0,256,0.97265625,6,30.45,0.16,30.28,0.0,1889,0.9453125,LOST
18,0,256,0.95703125,7,30.29,0.2,30.0,0.09,1886,0.8984375,RETURNED
18,0,256,0.98828125,8,30.51,0.21,30.29,0.0,1905,0.95703125,LOST
18,0,256,0.9921875,9,31.79,1.04,30.66,0.09,1928,0.96875,RETURNED
18,0,256,0.9921875,10,30.48,0.17,30.31,0.0,1910,0.9921875,LOST
18,0,256,0.98046875,11,31.33,0.17,31.15,0.0,1909,0.98046875,LOST
18,1,256,0.90625,0,32.26,0.17,31.83,0.26,1908,0.6171875,RETURNED
18,1,256,0.88671875,1,30.71,0.16,30.55,0.0,1907,0.625,LOST
18,1,256,0.96875,2,30.88,0.46,30.42,0.0,1917,0.90625,LOST
18,1,256,0.9453125,3,30.65,0.12,30.53,0.0,1924,0.90234375,LOST
18,1,256,0.9453125,4,30.71,0.34,30.12,0.25,1896,0.87890625,RETURNED
18,1,256,0.953125,5,30.75,0.18,30.57,0.0,1922,0.91796875,LOST
18,1,256,0.96875,6,30.78,0.5,30.28,0.0,1889,0.94140625,LOST
18,1,256,0.98046875,7,30.36,0.2,30.04,0.12,1886,0.95703125,RETURNED
18,1,256,0.9921875,8,30.53,0.2,30.33,0.0,1905,0.9765625,LOST
18,1,256,0.98828125,9,31.09,0.2,30.69,0.2,1928,0.95703125,RETURNED
18,1,256,0.9921875,10,30.5,0.2,30.3,0.0,1910,0.9921875,LOST
18,1,256,0.9921875,11,31.31,0.1,31.2,0.0,1909,0.98046875,LOST
18,2,256,0.91796875,0,32.77,0.16,32.48,0.13,1908,0.61328125,RETURNED
18,2,256,0.890625,1,31.23,0.29,30.95,0.0,1907,0.62109375,LOST
18,2,256,0.96875,2,31.0,0.14,30.86,0.0,1917,0.90625,LOST
18,2,256,0.98046875,3,31.4,0.3,31.1,0.0,1924,0.92578125,LOST
18,2,256,0.95703125,4,30.93,0.21,30.55,0.17,1896,0.9140625,RETURNED
18,2,256,0.96484375,5,31.32,0.3,31.01,0.0,1922,0.93359375,LOST
18,2,256,0.98828125,6,31.01,0.27,30.74,0.0,1889,0.96484375,LOST
18,2,256,0.96875,7,30.85,0.25,30.48,0.13,1886,0.93359375,RETURNED
18,2,256,0.98046875,8,30.9,0.16,30.74,0.0,1905,0.96484375,LOST
18,2,256,0.984375,9,31.42,0.1,31.15,0.17,1928,0.953125,RETURNED
18,2,256,0.99609375,10,30.89,0.21,30.68,0.0,1910,0.984375,LOST
18,2,256,0.99609375,11,31.84,0.12,31.73,0.0,1909,0.9921875,LOST
18,3,256,0.94140625,0,32.39,0.2,32.02,0.17,1908,0.625,RETURNED
18,3,256,0.90234375,1,30.83,0.16,30.66,0.0,1907,0.6328125,LOST
18,3,256,0.9609375,2,30.7,0.17,30.54,0.0,1917,0.8984375,LOST
18,3,256,0.96484375,3,31.33,0.65,30.68,0.0,1924,0.9296875,LOST
18,3,256,0.9453125,4,30.74,0.25,30.29,0.2,1896,0.88671875,RETURNED
18,3,256,0.96484375,5,31.03,0.3,30.73,0.0,1922,0.94140625,LOST
18,3,256,0.96875,6,30.59,0.15,30.44,0.0,1889,0.94140625,LOST
18,3,256,0.9453125,7,30.48,0.16,30.15,0.16,1886,0.91796875,RETURNED
18,3,256,0.98828125,8,30.59,0.16,30.44,0.0,1905,0.9765625,LOST
18,3,256,0.96484375,9,31.19,0.16,30.89,0.14,1928,0.7734375,RETURNED
18,3,256,0.9921875,10,30.53,0.16,30.37,0.0,1910,0.99609375,LOST
18,3,256,1.0,11,12.63,0.17,12.39,0.07,769,0.9921875,RETURNED
19,697.61,0.27
19,0,256,0.9140625,0,35.5,0.22,35.15,0.13,1908,0.640625,RETURNED
19,0,256,0.96484375,1,34.89,0.17,34.72,0.0,1907,0.9140625,LOST
19,0,256,0.94140625,2,36.57,0.24,36.33,0.0,1917,0.84375,LOST
19,0,256,0.89453125,3,36.69,0.2,36.49,0.0,1924,0.61328125,LOST
19,0,256,0.953125,4,35.11,0.19,34.83,0.09,1896,0.90234375,RETURNED
19,0,256,0.97265625,5,35.36,0.11,35.25,0.0,1922,0.94140625,LOST
19,0,256,0.98046875,6,34.75,0.17,34.58,0.0,1889,0.94140625,LOST
19,0,256,0.9609375,7,35.12,0.1,34.88,0.14,1886,0.92578125,RETURNED
19,0,256,0.98046875,8,35.53,0.17,35.36,0.0,1905,0.97265625,LOST
19,0,256,0.96875,9,35.45,0.18,35.14,0.12,1928,0.953125,RETURNED
19,0,256,0.9765625,10,35.12,0.17,34.95,0.0,1910,0.96875,LOST
19,0,256,0.9921875,11,35.29,0.23,35.06,0.0,1909,0.9765625,LOST
19,0,256,0.98828125,12,35.07,0.12,34.95,0.0,1910,0.9765625,LOST
19,0,256,0.98828125,13,35.07,0.17,34.9,0.0,1902,0.96875,LOST
19,0,256,0.890625,14,35.44,0.17,35.14,0.14,1917,0.640625,RETURNED
19,0,256,0.97265625,15,36.24,0.2,35.92,0.13,1942,0.92578125,RETURNED
19,0,256,0.984375,16,36.43,0.23,36.02,0.18,1905,0.98046875,RETURNED
19,0,256,0.9921875,17,35.58,0.22,35.06,0.3,1898,0.984375,RETURNED
19,0,256,0.99609375,18,35.51,0.4,35.11,0.0,1919,0.9921875,LOST
19,1,256,0.90625,0,36.4,0.24,36.02,0.14,1908,0.6328125,RETURNED
19,1,256,0.9375,1,35.79,0.18,35.61,0.0,1907,0.82421875,LOST
19,1,256,0.9609375,2,36.01,0.22,35.79,0.0,1917,0.9140625,LOST
19,1,256,0.96875,3,36.32,0.31,36.02,0.0,1924,0.90625,LOST
19,1,256,0.953125,4,35.8,0.17,35.49,0.14,1896,0.9140625,RETURNED
19,1,256,0.98046875,5,36.22,0.16,36.06,0.0,1922,0.953125,LOST
19,1,256,0.96484375,6,35.55,0.17,35.38,0.0,1889,0.9296875,LOST
19,1,256,0.96484375,7,36.02,0.18,35.72,0.13,1886,0.9453125,RETURNED
19,1,256,0.9765625,8,36.06,0.16,35.9,0.0,1905,0.96875,LOST
19,1,256,0.9765625,9,36.51,0.12,36.18,0.22,1928,0.953125,RETURNED
19,1,256,0.97265625,10,36.44,0.32,36.13,0.0,1910,0.96875,LOST
19,1,256,0.984375,11,36.2,0.27,35.92,0.0,1909,0.96875,LOST
19,1,256,0.98046875,12,36.17,0.17,36.01,0.0,1910,0.96875,LOST
19,1,256,0.9765625,13,35.96,0.22,35.74,0.0,1902,0.96875,LOST
19,1,256,0.9765625,14,36.38,0.39,35.92,0.07,1917,0.96484375,RETURNED
19,1,256,0.984375,15,37.69,0.31,37.2,0.18,1942,0.97265625,RETURNED
19,1,256,0.9765625,16,36.7,0.36,36.09,0.24,1905,0.96875,RETURNED
19,1,256,0.99609375,17,36.12,0.3,35.69,0.13,1898,0.984375,RETURNED
19,2,256,0.91796875,0,34.77,0.22,34.44,0.11,1908,0.62890625,RETURNED
19,2,256,0.92578125,1,34.24,0.17,34.08,0.0,1907,0.61328125,LOST
19,2,256,0.96484375,2,34.6,0.18,34.41,0.0,1917,0.8828125,LOST
19,2,256,0.96484375,3,34.69,0.2,34.49,0.0,1924,0.9140625,LOST
19,2,256,0.95703125,4,34.62,0.47,34.04,0.12,1896,0.90625,RETURNED
19,2,256,0.9609375,5,34.68,0.18,34.51,0.0,1922,0.9296875,LOST
19,2,256,0.9765625,6,34.2,0.23,33.96,0.0,1889,0.9296875,LOST
19,2,256,0.95703125,7,34.23,0.16,33.95,0.13,1886,0.92578125,RETURNED
19,2,256,0.97265625,8,34.66,0.13,34.52,0.0,1905,0.953125,LOST
19,2,256,0.96484375,9,36.16,1.16,34.79,0.21,1928,0.94140625,RETURNED
19,2,256,0.98046875,10,34.44,0.14,34.3,0.0,1910,0.9609375,LOST
19,2,256,0.9921875,11,34.66,0.17,34.48,0.0,1909,0.9765625,LOST
19,2,256,0.98828125,12,35.84,1.51,34.33,0.0,1910,0.97265625,LOST
19,2,256,0.98046875,13,34.45,0.23,34.22,0.0,1902,0.96875,LOST
19,2,256,0.88671875,14,35.87,0.97,34.58,0.33,1917,0.62109375,RETURNED
19,2,256,0.9765625,15,35.36,0.3,34.94,0.13,1942,0.9375,RETURNED
19,2,256,0.98046875,16,36.16,0.41,35.47,0.28,1905,0.9609375,RETURNED
19,2,256,0.99609375,17,34.79,0.22,34.36,0.2,1898,0.9765625,RETURNED
19,2,256,1.0,18,19.58,0.25,19.16,0.17,1062,0.98828125,RETURNED
19,3,256,0.9140625,0,35.65,0.21,35.36,0.08,1908,0.62890625,RETURNED
19,3,256,0.94921875,1,35.15,0.17,34.97,0.0,1907,0.88671875,LOST
19,3,256,0.9765625,2,35.5,0.18,35.32,0.0,1917,0.90625,LOST
19,3,256,0.88671875,3,34.97,0.19,34.78,0.0,1924,0.60546875,LOST
19,3,256,0.95703125,4,34.57,0.17,34.25,0.16,1896,0.9140625,RETURNED
19,3,256,0.984375,5,35.04,0.2,34.83,0.0,1922,0.95703125,LOST
19,3,256,0.98046875,6,34.22,0.18,34.04,0.0,1889,0.95703125,LOST
19,3,256,0.97265625,7,34.73,0.16,34.4,0.17,1886,0.953125,RETURNED
19,3,256,0.97265625,8,35.01,0.27,34.74,0.0,1905,0.96875,LOST
19,3,256,0.96875,9,35.29,0.22,34.93,0.14,1928,0.95703125,RETURNED
19,3,256,0.96484375,10,34.83,0.22,34.61,0.0,1910,0.96875,LOST
19,3,256,0.9921875,11,34.89,0.28,34.61,0.0,1909,0.98046875,LOST
19,3,256,0.98828125,12,34.79,0.28,34.51,0.0,1910,0.96875,LOST
19,3,256,0.984375,13,34.72,0.29,34.44,0.0,1902,0.95703125,LOST
19,3,256,0.93359375,14,35.13,0.3,34.73,0.11,1917,0.90234375,RETURNED
19,3,256,0.98046875,15,35.3,0.22,34.93,0.15,1942,0.9609375,RETURNED
19,3,256,0.98046875,16,36.07,0.25,35.65,0.17,1905,0.96875,RETURNED
19,3,256,0.98828125,17,34.94,0.18,34.55,0.21,1898,0.984375,RETURNED
19,3,256,1.0,18,21.13,0.2,20.94,0.0,1153,0.98828125,LOST
20,340.17,0.27
20,0,256,0.93359375,0,30.78,0.27,30.3,0.2,1908,0.61328125,RETURNED
20,0,256,0.96875,1,30.48,0.19,30.3,0.0,1907,0.89453125,LOST
20,0,256,0.95703125,2,30.54,0.22,30.33,0.0,1917,0.91015625,LOST
20,0,256,0.96484375,3,30.87,0.25,30.62,0.0,1924,0.91796875,LOST
20,0,256,0.96484375,4,30.54,0.18,30.21,0.15,1896,0.91796875,RETURNED
20,0,256,0.984375,5,30.71,0.17,30.54,0.0,1922,0.9609375,LOST
20,0,256,0.9921875,6,30.35,0.27,30.08,0.0,1889,0.96875,LOST
20,0,256,0.98046875,7,30.34,0.21,29.89,0.23,1886,0.9609375,RETURNED
20,0,256,0.9921875,8,30.53,0.16,30.37,0.0,1905,0.984375,LOST
20,0,256,1.0,9,14.32,0.11,14.21,0.0,899,0.99609375,LOST
20,1,256,0.9140625,0,30.3,0.19,30.02,0.09,1908,0.609375,RETURNED
20,1,256,0.91796875,1,30.28,0.22,30.05,0.0,1907,0.61328125,LOST
20,1,256,0.90234375,2,30.48,0.29,30.19,0.0,1917,0.62109375,LOST
20,1,256,0.94921875,3,30.66,0.17,30.49,0.0,1924,0.87109375,LOST
20,1,256,0.96484375,4,30.08,0.2,29.8,0.08,1896,0.91796875,RETURNED
20,1,256,0.9609375,5,30.61,0.2,30.41,0.0,1922,0.93359375,LOST
20,1,256,0.98046875,6,30.02,0.18,29.84,0.0,1889,0.96875,LOST
20,1,256,0.99609375,7,30.32,0.26,29.67,0.38,1886,0.9765625,RETURNED
20,1,256,0.99609375,8,30.25,0.26,29.99,0.0,1905,0.99609375,LOST
20,1,256,0.98046875,9,31.5,0.94,30.45,0.12,1928,0.96875,RETURNED
20,2,256,0.921875,0,30.95,0.22,30.39,0.34,1908,0.62890625,RETURNED
20,2,256,0.91015625,1,30.59,0.22,30.37,0.0,1907,0.6171875,LOST
20,2,256,0.9453125,2,30.64,0.18,30.46,0.0,1917,0.89453125,LOST
20,2,256,0.9609375,3,31.04,0.21,30.83,0.0,1924,0.90625,LOST
20,2,256,0.9765625,4,30.59,0.27,30.18,0.14,1896,0.9296875,RETURNED
20,2,256,0.9609375,5,31.02,0.26,30.76,0.0,1922,0.953125,LOST
20,2,256,0.9765625,6,30.31,0.1,30.21,0.0,1889,0.9609375,LOST
20,2,256,0.98046875,7,30.4,0.32,29.96,0.13,1886,0.93359375,RETURNED
20,2,256,0.98828125,8,30.38,0.1,30.27,0.0,1905,0.984375,LOST
20,2,256,0.98828125,9,31.23,0.32,30.77,0.14,1928,0.98046875,RETURNED
20,3,256,0.91796875,0,30.52,0.1,30.24,0.18,1908,0.62109375,RETURNED
20,3,256,0.97265625,1,30.47,0.28,30.19,0.0,1907,0.91796875,LOST
20,3,256,0.94921875,2,30.57,0.26,30.31,0.0,1917,0.8984375,LOST
20,3,256,0.96484375,3,30.85,0.19,30.67,0.0,1924,0.9140625,LOST
20,3,256,0.91796875,4,30.37,0.21,30.0,0.16,1896,0.625,RETURNED
20,3,256,0.9453125,5,30.81,0.21,30.6,0.0,1922,0.890625,LOST
20,3,256,0.97265625,6,30.26,0.24,30.02,0.0,1889,0.9296875,LOST
20,3,256,0.98046875,7,30.25,0.26,29.83,0.16,1886,0.9453125,RETURNED
20,3,256,0.984375,8,30.32,0.16,30.15,0.0,1905,0.98828125,LOST
20,3,256,0.9921875,9,31.14,0.4,30.61,0.13,1928,0.98046875,RETURNED
21,460.51,0.26
21,0,256,0.91796875,0,35.59,0.26,35.21,0.12,1908,0.6171875,RETURNED
21,0,256,0.93359375,1,34.99,0.09,34.9,0.0,1907,0.859375,LOST
21,0,256,0.96484375,2,34.9,0.16,34.74,0.0,1917,0.90234375,LOST
21,0,256,0.94921875,3,35.3,0.38,34.92,0.0,1924,0.890625,LOST
21,0,256,0.9609375,4,34.93,0.18,34.54,0.21,1896,0.91796875,RETURNED
21,0,256,0.984375,5,35.65,0.18,35.47,0.0,1922,0.95703125,LOST
21,0,256,0.953125,6,34.71,0.17,34.54,0.0,1889,0.92578125,LOST
21,0,256,0.9453125,7,34.76,0.16,34.49,0.11,1886,0.88671875,RETURNED
21,0,256,0.97265625,8,35.13,0.25,34.87,0.0,1905,0.98046875,LOST
21,0,256,0.9921875,9,35.78,0.23,35.45,0.09,1928,0.96875,RETURNED
21,0,256,0.9921875,10,38.07,0.3,37.77,0.0,1910,0.98828125,LOST
21,0,256,0.99609375,11,36.07,0.1,35.96,0.0,1909,0.98828125,LOST
21,1,256,0.90625,0,35.03,0.33,34.57,0.12,1908,0.66015625,RETURNED
21,1,256,0.89453125,1,34.76,0.16,34.61,0.0,1907,0.61328125,LOST
21,1,256,0.953125,2,34.79,0.15,34.64,0.0,1917,0.8984375,LOST
21,1,256,0.95703125,3,34.98,0.15,34.84,0.0,1924,0.8828125,LOST
21,1,256,0.96484375,4,34.66,0.09,34.4,0.17,1896,0.91796875,RETURNED
21,1,256,0.984375,5,35.36,0.18,35.18,0.0,1922,0.96484375,LOST
21,1,256,0.98046875,6,34.44,0.1,34.34,0.0,1889,0.9609375,LOST
21,1,256,0.98046875,7,34.46,0.16,34.13,0.17,1886,0.921875,RETURNED
21,1,256,0.98828125,8,34.78,0.2,34.58,0.0,1905,0.98046875,LOST
21,1,256,0.984375,9,35.24,0.16,34.97,0.11,1928,0.98046875,RETURNED
21,1,256,0.984375,10,37.42,0.15,37.28,0.0,1910,0.96875,LOST
21,1,256,1.0,11,13.91,0.16,13.63,0.12,699,0.9921875,RETURNED
21,2,256,0.90234375,0,35.25,0.28,34.86,0.11,1908,0.625,RETURNED
21,2,256,0.94140625,1,34.77,0.19,34.58,0.0,1907,0.89453125,LOST
21,2,256,0.97265625,2,34.6,0.16,34.43,0.0,1917,0.91796875,LOST
21,2,256,0.9453125,3,34.84,0.16,34.67,0.0,1924,0.89453125,LOST
21,2,256,0.89453125,4,34.56,0.09,34.32,0.14,1896,0.609375,RETURNED
21,2,256,0.9375,5,35.42,0.13,35.29,0.0,1922,0.89453125,LOST
21,2,256,0.97265625,6,34.44,0.14,34.3,0.0,1889,0.9609375,LOST
21,2,256,0.98046875,7,34.68,0.27,34.26,0.14,1886,0.9609375,RETURNED
21,2,256,0.98828125,8,34.8,0.21,34.59,0.0,1905,0.98046875,LOST
21,2,256,0.98828125,9,35.33,0.16,35.0,0.17,1928,0.9765625,RETURNED
21,2,256,0.99609375,10,37.39,0.13,37.26,0.0,1910,0.98046875,LOST
21,2,256,0.99609375,11,36.07,0.48,35.6,0.0,1909,0.99609375,LOST
21,3,256,0.89453125,0,34.94,0.17,34.57,0.2,1908,0.6171875,RETURNED
21,3,256,0.91015625,1,34.75,0.17,34.58,0.0,1907,0.62109375,LOST
21,3,256,0.96875,2,35.01,0.24,34.77,0.0,1917,0.88671875,LOST
21,3,256,0.95703125,3,35.06,0.11,34.95,0.0,1924,0.91015625,LOST
21,3,256,0.90625,4,34.73,0.1,34.51,0.12,1896,0.62109375,RETURNED
21,3,256,0.9296875,5,35.29,0.18,35.11,0.0,1922,0.90234375,LOST
21,3,256,0.98046875,6,34.48,0.16,34.32,0.0,1889,0.9609375,LOST
21,3,256,0.94921875,7,34.5,0.16,34.03,0.32,1886,0.87109375,RETURNED
21,3,256,0.9921875,8,34.7,0.26,34.44,0.0,1905,0.98046875,LOST
21,3,256,0.9921875,9,35.96,0.96,34.8,0.2,1928,0.98046875,RETURNED
21,3,256,0.9921875,10,37.25,0.18,37.06,0.0,1910,0.98046875,LOST
21,3,256,0.99609375,11,35.73,0.2,35.53,0.0,1909,0.98828125,LOST
0,395.43,10.08
0,0,256,0.921875,0,32.9,0.14,32.61,0.15,1908,0.6328125,RETURNED
0,0,256,0.93359375,1,32.68,0.12,32.55,0.0,1907,0.8671875,LOST
0,0,256,0.953125,2,32.87,0.12,32.74,0.0,1917,0.90234375,LOST
0,0,256,0.953125,3,33.07,0.1,32.97,0.0,1924,0.91796875,LOST
0,0,256,0.95703125,4,33.04,0.09,32.77,0.18,1896,0.89453125,RETURNED
0,0,256,0.95703125,5,32.93,0.13,32.79,0.0,1922,0.9453125,LOST
0,0,256,0.98828125,6,32.81,0.13,32.68,0.0,1889,0.94140625,LOST
0,0,256,0.953125,7,32.6,0.15,32.24,0.21,1886,0.90234375,RETURNED
0,0,256,0.9765625,8,32.71,0.19,32.51,0.0,1905,0.97265625,LOST
0,0,256,0.984375,9,33.55,0.26,32.96,0.34,1928,0.9609375,RETURNED
0,0,256,0.98828125,10,32.94,0.12,32.81,0.0,1910,0.96484375,LOST
0,1,256,0.91796875,0,32.58,0.14,32.27,0.17,1908,0.63671875,RETURNED
0,1,256,0.90625,1,32.6,0.39,32.21,0.0,1907,0.609375,LOST
0,1,256,0.94140625,2,32.43,0.11,32.32,0.0,1917,0.640625,LOST
0,1,256,0.96484375,3,32.62,0.15,32.47,0.0,1924,0.92578125,LOST
0,1,256,0.9453125,4,32.68,0.15,32.39,0.14,1896,0.921875,RETURNED
0,1,256,0.91015625,5,32.6,0.09,32.5,0.0,1922,0.609375,LOST
0,1,256,0.96875,6,32.33,0.13,32.2,0.0,1889,0.9296875,LOST
0,1,256,0.9609375,7,32.04,0.1,31.84,0.09,1886,0.9140625,RETURNED
0,1,256,0.96875,8,32.43,0.25,32.18,0.0,1905,0.95703125,LOST
0,1,256,0.984375,9,33.62,0.72,32.65,0.25,1928,0.95703125,RETURNED
0,1,256,0.97265625,10,32.47,0.16,32.31,0.0,1910,0.94921875,LOST
0,2,256,0.91015625,0,32.71,0.1,32.4,0.21,1908,0.6015625,RETURNED
0,2,256,0.95703125,1,32.66,0.3,32.36,0.0,1907,0.796875,LOST
0,2,256,0.96484375,2,32.73,0.11,32.62,0.0,1917,0.9140625,LOST
0,2,256,0.953125,3,32.79,0.11,32.67,0.0,1924,0.91796875,LOST
0,2,256,0.90625,4,32.92,0.13,32.66,0.13,1896,0.6171875,RETURNED
0,2,256,0.96484375,5,32.73,0.11,32.62,0.0,1922,0.921875,LOST
0,2,256,0.99609375,6,32.6,0.21,32.39,0.0,1889,0.921875,LOST
0,2,256,0.96484375,7,32.41,0.34,31.99,0.08,1886,0.92578125,RETURNED
0,2,256,0.98046875,8,32.39,0.12,32.26,0.0,1905,0.96484375,LOST
0,2,256,0.97265625,9,33.22,0.29,32.73,0.2,1928,0.95703125,RETURNED
0,2,256,0.9765625,10,32.5,0.12,32.39,0.0,1910,0.9609375,LOST
0,3,256,0.92578125,0,34.4,1.52,32.44,0.45,1908,0.62109375,RETURNED
0,3,256,0.96875,1,32.3,0.09,32.2,0.0,1907,0.921875,LOST
0,3,256,0.9609375,2,32.57,0.12,32.45,0.0,1917,0.90234375,LOST
0,3,256,0.9765625,3,32.75,0.13,32.62,0.0,1924,0.921875,LOST
0,3,256,0.90234375,4,32.84,0.24,32.52,0.07,1896,0.6328125,RETURNED
0,3,256,0.97265625,5,32.73,0.17,32.56,0.0,1922,0.95703125,LOST
0,3,256,0.9921875,6,32.48,0.09,32.39,0.0,1889,0.95703125,LOST
0,3,256,0.97265625,7,32.43,0.28,32.0,0.16,1886,0.94140625,RETURNED
0,3,256,0.96875,8,32.26,0.11,32.15,0.0,1905,0.97265625,LOST
0,3,256,0.98828125,9,33.0,0.19,32.73,0.09,1928,0.97265625,RETURNED
0,3,256,1.0,10,24.61,0.46,24.15,0.0,1423,0.98828125,LOST
1,573.35,0.20
1,0,256,0.90625,0,53.36,0.16,53.01,0.18,1908,0.6328125,RETURNED
1,0,256,0.9453125,1,48.25,0.18,48.07,0.0,1907,0.83203125,LOST
1,0,256,0.9609375,2,52.45,0.35,52.1,0.0,1917,0.890625,LOST
1,0,256,0.95703125,3,46.1,0.75,45.36,0.0,1924,0.90625,LOST
1,0,256,0.9453125,4,47.0,0.58,46.29,0.14,1896,0.91015625,RETURNED
1,0,256,0.96875,5,47.44,0.13,47.31,0.0,1922,0.9375,LOST
1,0,256,0.9921875,6,46.66,0.24,46.41,0.0,1889,0.95703125,LOST
1,0,256,0.984375,7,46.29,0.28,45.75,0.27,1886,0.97265625,RETURNED
1,0,256,0.984375,8,46.68,0.13,46.55,0.0,1905,0.984375,LOST
1,0,256,0.9921875,9,47.87,0.3,47.35,0.21,1928,0.984375,RETURNED
1,0,256,1.0,10,39.91,0.12,39.79,0.0,1731,0.9921875,LOST
1,1,256,0.91015625,0,53.94,0.21,52.96,0.77,1908,0.6328125,RETURNED
1,1,256,0.96875,1,46.97,0.13,46.83,0.0,1907,0.90625,LOST
1,1,256,0.953125,2,52.8,0.24,52.57,0.0,1917,0.8671875,LOST
1,1,256,0.96484375,3,47.27,0.13,47.15,0.0,1924,0.90234375,LOST
1,1,256,0.95703125,4,47.53,0.14,47.29,0.1,1896,0.91015625,RETURNED
1,1,256,0.9609375,5,47.67,0.19,47.48,0.0,1922,0.9453125,LOST
1,1,256,0.9921875,6,47.06,0.2,46.86,0.0,1889,0.95703125,LOST
1,1,256,0.98828125,7,47.32,0.61,46.62,0.1,1886,0.984375,RETURNED
1,1,256,0.9765625,8,47.31,0.19,47.12,0.0,1905,0.98046875,LOST
1,1,256,0.98828125,9,47.4,0.12,47.14,0.14,1928,0.98828125,RETURNED
1,1,256,1.0,10,3.91,0.21,3.58,0.12,152,0.9921875,RETURNED
1,2,256,0.91015625,0,54.1,0.36,53.57,0.17,1908,0.62890625,RETURNED
1,2,256,0.96484375,1,48.24,0.12,48.12,0.0,1907,0.91015625,LOST
1,2,256,0.9140625,2,53.2,0.29,52.91,0.0,1917,0.625,LOST
1,2,256,0.96484375,3,48.45,0.22,48.23,0.0,1924,0.9453125,LOST
1,2,256,0.953125,4,47.6,0.21,47.1,0.28,1896,0.9296875,RETURNED
1,2,256,0.97265625,5,47.4,0.32,47.08,0.0,1922,0.93359375,LOST
1,2,256,0.9921875,6,48.07,0.14,47.92,0.0,1889,0.95703125,LOST
1,2,256,0.98828125,7,47.92,0.14,47.65,0.12,1886,0.984375,RETURNED
1,2,256,0.98828125,8,46.44,0.16,46.28,0.0,1905,0.98828125,LOST
1,2,256,0.98828125,9,47.94,0.14,47.58,0.23,1928,0.98828125,RETURNED
1,2,256,0.98828125,10,42.61,0.28,42.33,0.0,1910,0.9765625,LOST
1,3,256,0.8984375,0,33.31,0.24,32.99,0.09,1908,0.61328125,RETURNED
1,3,256,0.8828125,1,32.42,0.11,32.3,0.0,1907,0.60546875,LOST
1,3,256,0.89453125,2,32.73,0.37,32.36,0.0,1917,0.609375,LOST
1,3,256,0.96875,3,32.8,0.13,32.66,0.0,1924,0.91015625,LOST
1,3,256,0.9453125,4,32.37,0.19,32.02,0.16,1896,0.91015625,RETURNED
1,3,256,0.95703125,5,32.62,0.13,32.49,0.0,1922,0.90625,LOST
1,3,256,0.96484375,6,32.05,0.12,31.93,0.0,1889,0.90625,LOST
1,3,256,0.95703125,7,32.47,0.21,31.97,0.29,1886,0.8515625,RETURNED
1,3,256,0.97265625,8,32.76,0.48,32.28,0.0,1905,0.9453125,LOST
1,3,256,0.984375,9,33.18,0.37,32.69,0.12,1928,0.95703125,RETURNED
1,3,256,0.98828125,10,32.41,0.15,32.26,0.0,1910,0.984375,LOST
1,3,256,0.98828125,11,32.72,0.49,32.23,0.0,1909,0.97265625,LOST
1,3,256,0.96875,12,32.7,0.41,32.29,0.0,1910,0.953125,LOST
1,3,256,0.98828125,13,32.5,0.11,32.39,0.0,1902,0.98828125,LOST
1,3,256,0.9921875,14,33.0,0.24,32.58,0.18,1917,0.98828125,RETURNED
1,3,256,0.9921875,15,33.49,0.34,32.87,0.28,1942,0.9921875,RETURNED
2,334.19,0.28
2,0,256,0.90234375,0,33.23,0.14,32.66,0.43,1908,0.625,RETURNED
2,0,256,0.890625,1,31.41,0.14,31.27,0.0,1907,0.62890625,LOST
2,0,256,0.96484375,2,31.41,0.14,31.27,0.0,1917,0.93359375,LOST
2,0,256,0.88671875,3,31.3,0.16,31.14,0.0,1924,0.609375,LOST
2,0,256,0.94921875,4,30.54,0.12,30.26,0.16,1896,0.8984375,RETURNED
2,0,256,0.97265625,5,30.84,0.24,30.6,0.0,1922,0.93359375,LOST
2,0,256,0.98046875,6,30.28,0.14,30.14,0.0,1889,0.95703125,LOST
2,0,256,0.97265625,7,30.29,0.24,29.95,0.1,1886,0.953125,RETURNED
2,0,256,0.9765625,8,32.37,0.18,32.19,0.0,1905,0.9453125,LOST
2,0,256,0.9765625,9,32.58,1.12,31.32,0.14,1928,0.9375,RETURNED
2,1,256,0.8984375,0,37.81,0.12,37.58,0.1,1908,0.6171875,RETURNED
2,1,256,0.9453125,1,34.94,0.19,34.75,0.0,1907,0.83984375,LOST
2,1,256,0.9609375,2,35.18,0.11,35.07,0.0,1917,0.89453125,LOST
2,1,256,0.91796875,3,36.01,0.15,35.85,0.0,1924,0.62109375,LOST
2,1,256,0.953125,4,34.75,0.13,34.47,0.15,1896,0.91796875,RETURNED
2,1,256,0.94921875,5,34.83,0.22,34.61,0.0,1922,0.91015625,LOST
2,1,256,0.9765625,6,34.82,0.1,34.72,0.0,1889,0.953125,LOST
2,1,256,0.9765625,7,35.34,0.13,35.11,0.1,1886,0.97265625,RETURNED
2,2,256,0.9375,0,38.04,0.12,37.75,0.17,1908,0.625,RETURNED
2,2,256,0.94921875,1,35.03,0.17,34.86,0.0,1907,0.84765625,LOST
2,2,256,0.96875,2,35.54,0.13,35.41,0.0,1917,0.9375,LOST
2,2,256,0.9609375,3,36.14,0.13,36.01,0.0,1924,0.90625,LOST
2,2,256,0.953125,4,34.87,0.11,34.65,0.12,1896,0.87109375,RETURNED
2,2,256,0.97265625,5,34.77,0.11,34.65,0.0,1922,0.94921875,LOST
2,2,256,0.9765625,6,35.06,0.2,34.86,0.0,1889,0.94921875,LOST
2,2,256,0.9765625,7,35.14,0.16,34.91,0.08,1886,0.94921875,RETURNED
2,3,256,0.921875,0,36.23,0.11,35.91,0.21,1908,0.609375,RETURNED
2,3,256,0.8828125,1,34.79,0.1,34.69,0.0,1907,0.6171875,LOST
2,3,256,0.96875,2,35.05,0.11,34.93,0.0,1917,0.8984375,LOST
2,3,256,0.96875,3,36.77,0.12,36.66,0.0,1924,0.91796875,LOST
2,3,256,0.95703125,4,34.8,0.19,34.45,0.16,1896,0.91015625,RETURNED
2,3,256,0.97265625,5,35.03,0.31,34.72,0.0,1922,0.94921875,LOST
2,3,256,0.98828125,6,34.29,0.21,34.08,0.0,1889,0.953125,LOST
2,3,256,0.98828125,7,34.67,0.3,34.12,0.26,1886,0.95703125,RETURNED
2,3,256,1.0,8,12.76,0.17,12.59,0.0,708,0.98828125,LOST
3,428.47,0.34
3,0,256,0.90625,0,32.62,0.1,32.16,0.35,1908,0.625,RETURNED
3,0,256,0.89453125,1,32.86,0.12,32.74,0.0,1907,0.6171875,LOST
3,0,256,0.96875,2,33.67,0.11,33.56,0.0,1917,0.90625,LOST
3,0,256,0.9140625,3,34.72,0.14,34.58,0.0,1924,0.6171875,LOST
3,0,256,0.9375,4,33.29,0.12,32.97,0.2,1896,0.84765625,RETURNED
3,0,256,0.94921875,5,33.79,0.6,33.18,0.0,1922,0.93359375,LOST
3,0,256,0.984375,6,32.82,0.11,32.71,0.0,1889,0.9375,LOST
3,0,256,0.96875,7,32.52,0.51,31.74,0.27,1886,0.92578125,RETURNED
3,0,256,0.97265625,8,33.3,0.1,33.19,0.0,1905,0.96875,LOST
3,0,256,0.98046875,9,33.11,0.18,32.85,0.09,1928,0.96484375,RETURNED
3,0,256,0.98046875,10,33.16,0.23,32.94,0.0,1910,0.96875,LOST
3,0,256,0.98828125,11,32.47,0.18,32.3,0.0,1909,0.984375,LOST
3,1,256,0.89453125,0,32.1,0.2,31.81,0.09,1908,0.64453125,RETURNED
3,1,256,0.91015625,1,32.45,0.18,32.26,0.0,1907,0.61328125,LOST
3,1,256,0.9609375,2,33.22,0.36,32.86,0.0,1917,0.890625,LOST
3,1,256,0.91015625,3,33.76,0.18,33.58,0.0,1924,0.62109375,LOST
3,1,256,0.94921875,4,33.23,0.21,32.68,0.34,1896,0.890625,RETURNED
3,1,256,0.984375,5,32.96,0.24,32.72,0.0,1922,0.9375,LOST
3,1,256,0.9765625,6,32.6,0.25,32.35,0.0,1889,0.9296875,LOST
3,1,256,0.96875,7,31.56,0.13,31.3,0.13,1886,0.94921875,RETURNED
3,1,256,0.96484375,8,33.04,0.28,32.76,0.0,1905,0.96875,LOST
3,1,256,0.984375,9,32.92,0.19,32.54,0.19,1928,0.96875,RETURNED
3,1,256,0.98828125,10,32.75,0.11,32.63,0.0,1910,0.98828125,LOST
3,1,256,0.9921875,11,32.18,0.26,31.92,0.0,1909,0.9765625,LOST
3,2,256,0.921875,0,32.42,0.24,32.09,0.09,1908,0.6328125,RETURNED
3,2,256,0.9453125,1,32.78,0.11,32.67,0.0,1907,0.890625,LOST
3,2,256,0.96875,2,33.79,0.11,33.68,0.0,1917,0.890625,LOST
3,2,256,0.9453125,3,34.21,0.22,33.99,0.0,1924,0.90625,LOST
3,2,256,0.94921875,4,33.18,0.21,32.9,0.08,1896,0.90234375,RETURNED
3,2,256,0.94921875,5,33.42,0.21,33.21,0.0,1922,0.93359375,LOST
3,2,256,0.98828125,6,33.45,0.54,32.91,0.0,1889,0.94921875,LOST
3,2,256,0.9609375,7,32.46,0.46,31.72,0.28,1886,0.91015625,RETURNED
3,2,256,0.9765625,8,33.28,0.14,33.13,0.0,1905,0.96484375,LOST
3,2,256,0.98828125,9,33.29,0.26,32.88,0.15,1928,0.96875,RETURNED
3,2,256,0.984375,10,32.99,0.22,32.76,0.0,1910,0.98828125,LOST
3,2,256,1.0,11,27.33,0.12,27.21,0.0,1610,0.984375,LOST
3,3,256,0.91796875,0,32.42,0.47,31.88,0.07,1908,0.66015625,RETURNED
3,3,256,0.953125,1,32.73,0.12,32.61,0.0,1907,0.921875,LOST
3,3,256,0.9375,2,33.52,0.13,33.39,0.0,1917,0.8203125,LOST
3,3,256,0.94140625,3,34.88,0.49,34.38,0.0,1924,0.90234375,LOST
3,3,256,0.91796875,4,33.3,0.37,32.81,0.12,1896,0.62109375,RETURNED
3,3,256,0.97265625,5,32.85,0.12,32.73,0.0,1922,0.9140625,LOST
3,3,256,0.9921875,6,32.97,0.28,32.69,0.0,1889,0.94921875,LOST
3,3,256,0.96875,7,32.01,0.21,31.66,0.14,1886,0.90234375,RETURNED
3,3,256,0.98046875,8,33.13,0.19,32.94,0.0,1905,0.96875,LOST
3,3,256,0.98828125,9,33.67,0.8,32.8,0.07,1928,0.953125,RETURNED
3,3,256,0.97265625,10,33.12,0.27,32.85,0.0,1910,0.953125,LOST
3,3,256,0.9921875,11,32.33,0.1,32.23,0.0,1909,0.984375,LOST
4,656.92,0.27
4,0,256,0.90234375,0,56.22,0.3,55.69,0.24,1908,0.62109375,RETURNED
4,0,256,0.9375,1,51.49,0.28,51.21,0.0,1907,0.87109375,LOST
4,0,256,0.96875,2,51.43,0.24,51.18,0.0,1917,0.8515625,LOST
4,0,256,0.9375,3,55.16,0.23,54.93,0.0,1924,0.87109375,LOST
4,0,256,0.953125,4,52.35,0.13,51.9,0.33,1896,0.9140625,RETURNED
4,0,256,0.95703125,5,52.94,0.11,52.83,0.0,1922,0.89453125,LOST
4,0,256,0.9921875,6,55.48,0.34,55.15,0.0,1889,0.96875,LOST
4,0,256,0.96875,7,53.73,0.23,53.24,0.26,1886,0.96875,RETURNED
4,0,256,0.98046875,8,56.82,0.24,56.58,0.0,1905,0.98828125,LOST
4,0,256,0.98828125,9,54.7,0.61,53.94,0.15,1928,0.98828125,RETURNED
4,0,256,0.98046875,10,52.91,0.14,52.78,0.0,1910,0.9765625,LOST
4,1,256,0.9140625,0,56.3,0.51,55.67,0.12,1908,0.6171875,RETURNED
4,1,256,0.8984375,1,51.5,0.26,51.25,0.0,1907,0.625,LOST
4,1,256,0.94921875,2,51.98,0.22,51.76,0.0,1917,0.8671875,LOST
4,1,256,0.94921875,3,56.13,0.27,55.86,0.0,1924,0.87890625,LOST
4,1,256,0.96484375,4,52.64,0.16,52.36,0.12,1896,0.90234375,RETURNED
4,1,256,0.984375,5,52.78,0.12,52.66,0.0,1922,0.96875,LOST
4,1,256,0.9921875,6,54.32,0.14,54.18,0.0,1889,0.96875,LOST
4,1,256,0.98828125,7,53.81,0.11,53.59,0.11,1886,0.96484375,RETURNED
4,1,256,0.984375,8,56.64,0.13,56.51,0.0,1905,0.98828125,LOST
4,1,256,0.98046875,9,53.83,1.29,52.36,0.17,1928,0.9765625,RETURNED
4,1,256,0.98046875,10,51.7,0.13,51.56,0.0,1910,0.98046875,LOST
4,2,256,0.90234375,0,57.21,0.41,56.56,0.24,1908,0.62109375,RETURNED
4,2,256,0.96484375,1,52.08,0.14,51.94,0.0,1907,0.91015625,LOST
4,2,256,0.90234375,2,52.09,0.41,51.68,0.0,1917,0.625,LOST
4,2,256,0.94921875,3,54.67,0.25,54.41,0.0,1924,0.90625,LOST
4,2,256,0.96875,4,53.31,0.13,53.08,0.1,1896,0.89453125,RETURNED
4,2,256,0.98046875,5,52.87,0.15,52.72,0.0,1922,0.9453125,LOST
4,2,256,0.9765625,6,55.49,0.14,55.34,0.0,1889,0.9453125,LOST
4,2,256,0.9765625,7,53.84,0.13,53.53,0.18,1886,0.94140625,RETURNED
4,2,256,0.98046875,8,57.31,0.2,57.11,0.0,1905,0.98828125,LOST
4,2,256,0.984375,9,52.74,0.12,52.53,0.1,1928,0.9765625,RETURNED
4,2,256,0.96875,10,53.36,0.14,53.21,0.0,1910,0.984375,LOST
4,3,256,0.88671875,0,57.17,0.64,56.42,0.11,1908,0.6171875,RETURNED
4,3,256,0.953125,1,51.66,0.12,51.55,0.0,1907,0.90625,LOST
4,3,256,0.9609375,2,52.69,0.22,52.48,0.0,1917,0.88671875,LOST
4,3,256,0.9609375,3,57.23,0.32,56.91,0.0,1924,0.890625,LOST
4,3,256,0.96875,4,53.65,0.23,53.33,0.09,1896,0.90625,RETURNED
4,3,256,0.98046875,5,54.05,0.24,53.81,0.0,1922,0.96875,LOST
4,3,256,0.96875,6,55.77,0.16,55.61,0.0,1889,0.90234375,LOST
4,3,256,0.9765625,7,55.83,0.66,54.88,0.29,1886,0.96875,RETURNED
4,3,256,0.98828125,8,56.76,0.15,56.62,0.0,1905,0.9765625,LOST
4,3,256,0.9921875,9,53.18,0.15,52.8,0.23,1928,0.98828125,RETURNED
4,3,256,1.0,10,25.51,0.13,25.39,0.0,888,0.98046875,LOST
5,422.12,0.27
5,0,256,0.90234375,0,35.91,0.25,35.53,0.13,1908,0.640625,RETURNED
5,0,256,0.9375,1,35.47,0.13,35.34,0.0,1907,0.87890625,LOST
5,0,256,0.9609375,2,35.18,0.1,35.07,0.0,1917,0.890625,LOST
5,0,256,0.953125,3,35.95,0.3,35.65,0.0,1924,0.90234375,LOST
5,0,256,0.9609375,4,37.06,0.2,36.78,0.08,1896,0.921875,RETURNED
5,0,256,0.96875,5,35.68,0.15,35.53,0.0,1922,0.94921875,LOST
5,0,256,0.97265625,6,37.33,0.2,37.13,0.0,1889,0.9453125,LOST
5,0,256,0.96875,7,35.41,0.11,34.84,0.45,1886,0.9453125,RETURNED
5,0,256,0.98828125,8,35.68,0.15,35.53,0.0,1905,0.98046875,LOST
5,0,256,0.98828125,9,35.95,0.16,35.43,0.36,1928,0.98046875,RETURNED
5,0,256,1.0,10,27.7,0.12,27.47,0.12,1481,0.98828125,RETURNED
5,1,256,0.91796875,0,35.76,0.16,35.46,0.15,1908,0.61328125,RETURNED
5,1,256,0.953125,1,35.58,0.35,35.24,0.0,1907,0.88671875,LOST
5,1,256,0.953125,2,35.26,0.13,35.13,0.0,1917,0.88671875,LOST
5,1,256,0.953125,3,36.25,0.55,35.7,0.0,1924,0.8984375,LOST
5,1,256,0.94921875,4,36.84,0.2,36.56,0.08,1896,0.90234375,RETURNED
5,1,256,0.96484375,5,35.55,0.18,35.37,0.0,1922,0.94140625,LOST
5,1,256,0.9921875,6,37.43,0.15,37.28,0.0,1889,0.9609375,LOST
5,1,256,0.98046875,7,35.07,0.19,34.79,0.09,1886,0.9375,RETURNED
5,1,256,0.97265625,8,35.85,0.12,35.73,0.0,1905,0.98046875,LOST
5,1,256,0.9765625,9,35.87,0.28,35.1,0.48,1928,0.98046875,RETURNED
5,1,256,1.0,10,22.64,0.45,22.18,0.0,1205,0.9921875,LOST
5,2,256,0.921875,0,35.59,0.23,35.29,0.07,1908,0.62109375,RETURNED
5,2,256,0.94921875,1,35.28,0.11,35.17,0.0,1907,0.875,LOST
5,2,256,0.95703125,2,35.22,0.23,34.99,0.0,1917,0.859375,LOST
5,2,256,0.9609375,3,35.99,0.39,35.6,0.0,1924,0.875,LOST
5,2,256,0.94921875,4,37.17,0.28,36.66,0.24,1896,0.90625,RETURNED
5,2,256,0.96484375,5,35.48,0.18,35.3,0.0,1922,0.9453125,LOST
5,2,256,0.96875,6,37.33,0.25,37.07,0.0,1889,0.94921875,LOST
5,2,256,0.98046875,7,34.99,0.13,34.73,0.13,1886,0.9609375,RETURNED
5,2,256,0.984375,8,36.09,0.72,35.36,0.0,1905,0.98046875,LOST
5,2,256,0.9921875,9,35.8,0.51,35.16,0.13,1928,0.98046875,RETURNED
5,2,256,1.0,10,27.5,0.11,27.3,0.09,1481,0.9921875,RETURNED
5,3,256,0.91015625,0,35.36,0.13,35.16,0.08,1908,0.62890625,RETURNED
5,3,256,0.921875,1,35.14,0.14,34.99,0.0,1907,0.62890625,LOST
5,3,256,0.90625,2,34.95,0.14,34.81,0.0,1917,0.62109375,LOST
5,3,256,0.94921875,3,35.16,0.5,34.66,0.0,1924,0.90234375,LOST
5,3,256,0.9609375,4,36.17,0.1,35.92,0.15,1896,0.91796875,RETURNED
5,3,256,0.96875,5,34.51,0.15,34.36,0.0,1922,0.93359375,LOST
5,3,256,0.97265625,6,36.09,0.15,35.95,0.0,1889,0.9609375,LOST
5,3,256,0.98046875,7,34.51,0.14,33.91,0.45,1886,0.9609375,RETURNED
5,3,256,0.98046875,8,35.1,0.34,34.76,0.0,1905,0.98046875,LOST
5,3,256,0.98828125,9,36.39,1.66,34.25,0.48,1928,0.98046875,RETURNED
5,3,256,0.9921875,10,34.54,0.11,34.43,0.0,1910,0.98046875,LOST
6,264.48,0.56
6,0,256,0.91015625,0,35.58,0.16,35.34,0.08,1908,0.6171875,RETURNED
6,0,256,0.95703125,1,35.83,0.12,35.71,0.0,1907,0.890625,LOST
6,0,256,0.96875,2,35.46,0.13,35.33,0.0,1917,0.9140625,LOST
6,0,256,0.9609375,3,35.67,0.12,35.55,0.0,1924,0.91015625,LOST
6,0,256,0.953125,4,35.33,0.32,34.92,0.09,1896,0.9140625,RETURNED
6,0,256,0.92578125,5,35.79,0.16,35.63,0.0,1922,0.83203125,LOST
6,0,256,1.0,6,23.21,0.15,22.93,0.13,1247,0.95703125,RETURNED
6,1,256,0.921875,0,35.59,0.18,35.32,0.09,1908,0.62890625,RETURNED
6,1,256,0.94140625,1,35.9,0.15,35.76,0.0,1907,0.8828125,LOST
6,1,256,0.9609375,2,35.4,0.1,35.3,0.0,1917,0.9140625,LOST
6,1,256,0.96484375,3,35.46,0.09,35.37,0.0,1924,0.91015625,LOST
6,1,256,0.953125,4,35.32,0.27,34.91,0.15,1896,0.8828125,RETURNED
6,1,256,0.97265625,5,35.64,0.22,35.42,0.0,1922,0.94140625,LOST
6,1,256,0.9765625,6,34.88,0.12,34.75,0.0,1889,0.9453125,LOST
6,2,256,0.91796875,0,35.83,0.23,35.29,0.31,1908,0.63671875,RETURNED
6,2,256,0.94140625,1,35.93,0.14,35.78,0.0,1907,0.86328125,LOST
6,2,256,0.95703125,2,35.47,0.12,35.35,0.0,1917,0.90625,LOST
6,2,256,0.90234375,3,35.57,0.12,35.45,0.0,1924,0.6171875,LOST
6,2,256,0.9609375,4,35.08,0.15,34.85,0.08,1896,0.9140625,RETURNED
6,2,256,0.98046875,5,35.75,0.23,35.52,0.0,1922,0.95703125,LOST
6,2,256,0.984375,6,34.8,0.09,34.71,0.0,1889,0.95703125,LOST
6,3,256,0.91015625,0,34.75,0.11,34.53,0.11,1908,0.62109375,RETURNED
6,3,256,0.9140625,1,35.06,0.11,34.95,0.0,1907,0.62109375,LOST
6,3,256,0.9765625,2,34.73,0.23,34.5,0.0,1917,0.91796875,LOST
6,3,256,0.96484375,3,34.68,0.13,34.55,0.0,1924,0.91015625,LOST
6,3,256,0.95703125,4,34.33,0.12,34.07,0.13,1896,0.91015625,RETURNED
6,3,256,0.96875,5,34.71,0.14,34.57,0.0,1922,0.921875,LOST
6,3,256,0.98828125,6,34.47,0.3,34.17,0.0,1889,0.953125,LOST
7,1062.09,0.27
7,0,256,0.9140625,0,55.36,0.17,55.01,0.18,1908,0.62109375,RETURNED
7,0,256,0.90625,1,54.68,0.13,54.55,0.0,1907,0.625,LOST
7,0,256,0.9453125,2,53.1,0.23,52.88,0.0,1917,0.875,LOST
7,0,256,0.94140625,3,52.14,0.15,51.99,0.0,1924,0.91015625,LOST
7,0,256,0.890625,4,52.42,1.13,51.19,0.1,1896,0.6171875,RETURNED
7,0,256,0.984375,5,51.4,0.13,51.27,0.0,1922,0.94921875,LOST
7,0,256,0.9765625,6,51.89,0.18,51.7,0.0,1889,0.96484375,LOST
7,0,256,0.9765625,7,51.47,0.23,51.1,0.14,1886,0.953125,RETURNED
7,0,256,0.98828125,8,53.98,0.14,53.84,0.0,1905,0.9765625,LOST
7,0,256,0.97265625,9,55.33,0.82,54.39,0.12,1928,0.93359375,RETURNED
7,0,256,0.984375,10,51.89,0.19,51.7,0.0,1910,0.9765625,LOST
7,0,256,0.984375,11,52.68,0.22,52.46,0.0,1909,0.9765625,LOST
7,0,256,0.9921875,12,51.78,0.14,51.64,0.0,1910,0.98046875,LOST
7,0,256,0.9921875,13,58.42,0.19,58.23,0.0,1902,0.97265625,LOST
7,0,256,0.97265625,14,54.78,0.12,54.52,0.14,1917,0.859375,RETURNED
7,0,256,0.98828125,15,55.24,0.22,54.92,0.09,1942,0.98046875,RETURNED
7,0,256,0.9765625,16,55.0,0.1,54.68,0.22,1905,0.96875,RETURNED
7,0,256,0.98828125,17,53.23,0.3,52.81,0.12,1898,0.98046875,RETURNED
7,0,256,0.98828125,18,54.2,0.11,54.08,0.0,1919,0.98828125,LOST
7,1,256,0.91015625,0,55.6,0.12,55.21,0.27,1908,0.625,RETURNED
7,1,256,0.9453125,1,53.54,0.15,53.39,0.0,1907,0.91015625,LOST
7,1,256,0.9609375,2,51.9,0.2,51.71,0.0,1917,0.8984375,LOST
7,1,256,0.9296875,3,51.84,0.14,51.7,0.0,1924,0.62109375,LOST
7,1,256,0.96484375,4,51.91,0.18,51.63,0.11,1896,0.90234375,RETURNED
7,1,256,0.9609375,5,51.86,0.15,51.71,0.0,1922,0.94140625,LOST
7,1,256,0.9765625,6,51.77,0.22,51.55,0.0,1889,0.95703125,LOST
7,1,256,0.9765625,7,52.28,0.37,51.77,0.14,1886,0.95703125,RETURNED
7,1,256,0.9765625,8,54.38,0.17,54.21,0.0,1905,0.9765625,LOST
7,1,256,0.9609375,9,54.3,0.74,53.47,0.09,1928,0.9296875,RETURNED
7,1,256,0.98828125,10,51.58,0.12,51.46,0.0,1910,0.9765625,LOST
7,1,256,0.984375,11,51.69,0.18,51.51,0.0,1909,0.9609375,LOST
7,1,256,0.9921875,12,52.0,0.15,51.86,0.0,1910,0.9765625,LOST
7,1,256,0.98828125,13,57.41,0.18,57.23,0.0,1902,0.9765625,LOST
7,1,256,0.984375,14,55.55,0.55,54.8,0.2,1917,0.9765625,RETURNED
7,1,256,0.96875,15,56.06,0.17,55.81,0.09,1942,0.95703125,RETURNED
7,1,256,0.99609375,16,54.27,0.1,53.91,0.26,1905,0.98828125,RETURNED
7,1,256,0.98046875,17,53.95,0.19,53.28,0.48,1898,0.984375,RETURNED
7,1,256,0.9921875,18,56.05,0.25,55.8,0.0,1919,0.98828125,LOST
7,2,256,0.90234375,0,54.15,0.15,53.79,0.21,1908,0.640625,RETURNED
7,2,256,0.94921875,1,54.03,0.24,53.78,0.0,1907,0.89453125,LOST
7,2,256,0.95703125,2,52.56,0.32,52.24,0.0,1917,0.91015625,LOST
7,2,256,0.95703125,3,51.91,0.26,51.65,0.0,1924,0.90625,LOST
7,2,256,0.9609375,4,51.97,0.4,51.43,0.13,1896,0.91015625,RETURNED
7,2,256,0.96484375,5,52.3,0.27,52.03,0.0,1922,0.93359375,LOST
7,2,256,0.96484375,6,51.86,0.21,51.65,0.0,1889,0.94921875,LOST
7,2,256,0.97265625,7,51.95,0.17,51.66,0.11,1886,0.94921875,RETURNED
7,2,256,0.9765625,8,54.26,0.19,54.06,0.0,1905,0.94921875,LOST
7,2,256,0.98046875,9,54.24,0.16,53.95,0.12,1928,0.9765625,RETURNED
7,2,256,0.98046875,10,51.22,0.18,51.04,0.0,1910,0.95703125,LOST
7,2,256,0.98046875,11,51.9,0.31,51.59,0.0,1909,0.97265625,LOST
7,2,256,0.98828125,12,50.97,0.13,50.85,0.0,1910,0.96875,LOST
7,2,256,0.98828125,13,58.64,0.13,58.51,0.0,1902,0.97265625,LOST
7,2,256,0.98828125,14,54.26,0.7,53.43,0.14,1917,0.97265625,RETURNED
7,2,256,0.921875,15,55.19,0.23,54.83,0.12,1942,0.62109375,RETURNED
7,2,256,0.98828125,16,54.47,0.24,54.09,0.14,1905,0.9765625,RETURNED
7,2,256,0.984375,17,54.18,0.19,53.65,0.33,1898,0.97265625,RETURNED
7,2,256,1.0,18,29.59,0.1,29.49,0.0,1001,0.984375,LOST
7,3,256,0.8984375,0,55.16,0.17,54.87,0.12,1908,0.62109375,RETURNED
7,3,256,0.94921875,1,55.4,0.19,55.21,0.0,1907,0.8984375,LOST
7,3,256,0.95703125,2,52.96,0.13,52.84,0.0,1917,0.85546875,LOST
7,3,256,0.94921875,3,52.21,0.21,52.0,0.0,1924,0.87890625,LOST
7,3,256,0.953125,4,51.37,0.16,50.7,0.52,1896,0.8984375,RETURNED
7,3,256,0.94140625,5,52.14,0.46,51.67,0.0,1922,0.890625,LOST
7,3,256,0.96875,6,51.94,0.2,51.73,0.0,1889,0.921875,LOST
7,3,256,0.97265625,7,52.88,0.31,52.44,0.13,1886,0.953125,RETURNED
7,3,256,0.98828125,8,53.13,0.23,52.91,0.0,1905,0.9765625,LOST
7,3,256,0.97265625,9,54.25,0.22,53.94,0.09,1928,0.953125,RETURNED
7,3,256,0.98828125,10,51.63,0.32,51.31,0.0,1910,0.96875,LOST
7,3,256,0.9921875,11,52.14,0.18,51.96,0.0,1909,0.984375,LOST
7,3,256,0.98828125,12,52.04,0.1,51.93,0.0,1910,0.98046875,LOST
7,3,256,0.98828125,13,59.08,0.11,58.97,0.0,1902,0.98046875,LOST
7,3,256,0.9765625,14,53.52,0.12,53.25,0.15,1917,0.9609375,RETURNED
7,3,256,0.984375,15,56.76,0.26,56.26,0.23,1942,0.9765625,RETURNED
7,3,256,0.984375,16,55.56,0.1,55.37,0.09,1905,0.9765625,RETURNED
7,3,256,0.9921875,17,52.91,0.42,52.23,0.26,1898,0.9765625,RETURNED
7,3,256,0.9921875,18,55.06,0.33,54.74,0.0,1919,0.984375,LOST

