Info temporal Archivos de resultados

TOTALES
Al principio de cada iteracion hay un renglon:

iteracion|tiempo total|tiempo de inicializar la muestra

Nota sobre iteración: Es el número de iteración, se suponia que iba de 
0 a 30, por distintos motivos a veces se interrumpia el ciclo por lo que puede haber repetidos, pero 
siempre se puede agrupar (ver ejemplo)


WORKERS

iteracion|worker|bits|mejor fitness final|muestra|tiempo total|get|evolucion|putback|evaluaciones|mejor fitness inicial

EJEMPO:
0,89.30,10.01
0,0,256,0.92578125,0,13.57,0.15,13.25,0.17,1886,0.62109375
0,0,256,0.953125,1,13.52,0.24,13.14,0.14,1920,0.87890625
0,0,256,0.98046875,2,13.38,0.21,13.05,0.12,1901,0.96875
0,0,256,1.0,3,8.62,0.2,8.33,0.08,1217,0.984375
0,1,256,0.8984375,0,13.46,0.15,13.18,0.13,1886,0.66015625
1,81.99,0.15
1,0,256,0.90625,0,13.14,0.12,12.93,0.09,1886,0.609375
1,0,256,0.96484375,1,13.58,0.35,13.14,0.09,1920,0.90625
1,0,256,0.96875,2,13.21,0.13,12.98,0.11,1901,0.9453125
1,0,256,0.98828125,3,13.37,0.12,13.15,0.09,1917,0.9609375
1,1,256,0.8984375,0,13.25,0.12,13.05,0.08,1886,0.62109375
1,1,256,0.98046875,1,13.56,0.38,13.1,0.08,1920,0.89453125
0,97.61,2.79
0,0,256,0.89453125,0,13.9,0.26,13.57,0.08,1886,0.6015625
0,0,256,0.94140625,1,13.93,0.12,13.73,0.08,1920,0.91015625
0,0,256,0.97265625,2,13.69,0.13,13.46,0.1,1901,0.97265625
0,0,256,0.98828125,3,13.52,0.14,13.3,0.08,1917,0.9765625
0,0,256,1.0,4,9.55,0.13,9.33,0.09,1313,0.9921875
0,1,256,0.90234375,0,13.53,0.21,13.1,0.22,1886,0.61328125
