0,291.30,11.37
0,0,256,0.91796875,0,34.78,0.18,34.4,0.2,1908,0.62109375,RETURNED
0,0,256,0.95703125,1,34.74,0.25,34.37,0.12,1907,0.88671875,RETURNED
0,0,256,0.953125,2,34.77,0.18,34.28,0.31,1909,0.9296875,RETURNED
0,0,256,0.98046875,3,35.35,0.33,35.02,0.0,1914,0.953125,LOST
0,0,256,0.97265625,4,34.74,0.28,34.34,0.13,1896,0.95703125,RETURNED
0,0,256,0.98828125,5,34.99,0.16,34.83,0.0,1922,0.97265625,LOST
0,0,256,0.99609375,6,34.43,0.27,34.03,0.13,1889,0.98828125,RETURNED
0,1,256,0.890625,0,35.05,0.21,34.67,0.17,1908,0.609375,RETURNED
0,1,256,0.92578125,1,34.93,0.14,34.68,0.11,1907,0.62109375,RETURNED
0,1,256,0.95703125,2,35.0,0.22,34.68,0.11,1909,0.90625,RETURNED
0,1,256,0.96484375,3,35.43,0.24,35.19,0.0,1914,0.94921875,LOST
0,1,256,0.98828125,4,34.82,0.2,34.5,0.13,1896,0.97265625,RETURNED
0,1,256,0.9921875,5,35.29,0.25,35.04,0.0,1922,0.98828125,LOST
0,1,256,1.0,6,31.52,0.2,31.32,0.0,1709,0.98046875,LOST
0,2,256,0.90625,0,36.66,0.4,36.03,0.22,1908,0.62109375,RETURNED
0,2,256,0.96484375,1,36.41,0.19,35.98,0.24,1907,0.8515625,RETURNED
0,2,256,0.97265625,2,36.6,0.23,36.17,0.21,1909,0.9609375,RETURNED
0,2,256,0.9765625,3,36.67,0.09,36.58,0.0,1914,0.96484375,LOST
0,2,256,0.98046875,4,36.54,0.16,36.2,0.19,1896,0.9609375,RETURNED
0,2,256,0.97265625,5,36.74,0.17,36.57,0.0,1922,0.93359375,LOST
0,2,256,0.9921875,6,36.38,0.16,36.08,0.14,1889,0.97265625,RETURNED
0,3,256,0.91796875,0,34.73,0.19,34.32,0.22,1908,0.609375,RETURNED
0,3,256,0.9375,1,34.76,0.26,34.27,0.23,1907,0.83203125,RETURNED
0,3,256,0.96875,2,34.55,0.22,34.17,0.15,1909,0.94921875,RETURNED
0,3,256,0.98828125,3,35.03,0.24,34.79,0.0,1914,0.9609375,LOST
0,3,256,0.96484375,4,34.33,0.1,34.05,0.18,1896,0.93359375,RETURNED
0,3,256,0.953125,5,34.58,0.17,34.4,0.0,1922,0.95703125,LOST
0,3,256,0.9921875,6,34.35,0.26,33.9,0.19,1889,0.96875,RETURNED
1,296.24,0.21
1,0,256,0.90625,0,41.17,0.19,40.63,0.35,1908,0.63671875,RETURNED
1,0,256,0.95703125,1,44.44,0.15,44.11,0.18,1907,0.9140625,RETURNED
1,0,256,0.96875,2,40.42,0.19,40.01,0.22,1909,0.9296875,RETURNED
1,0,256,0.98046875,3,39.15,0.24,38.91,0.0,1914,0.953125,LOST
1,0,256,0.98046875,4,42.72,0.32,42.19,0.21,1896,0.96875,RETURNED
1,0,256,0.98046875,5,38.84,0.18,38.66,0.0,1922,0.9609375,LOST
1,1,256,0.8984375,0,35.67,0.29,35.18,0.21,1908,0.6171875,RETURNED
1,1,256,0.93359375,1,35.4,0.17,34.98,0.25,1907,0.83203125,RETURNED
1,1,256,0.95703125,2,35.09,0.22,34.75,0.12,1909,0.91015625,RETURNED
1,1,256,0.95703125,3,35.13,0.24,34.89,0.0,1914,0.93359375,LOST
1,1,256,0.98046875,4,35.02,0.24,34.63,0.15,1896,0.96875,RETURNED
1,1,256,0.9609375,5,35.37,0.33,35.04,0.0,1922,0.94921875,LOST
1,1,256,1.0,6,31.74,0.23,31.51,0.0,1725,0.98046875,LOST
1,2,256,0.9140625,0,35.0,0.19,34.69,0.13,1908,0.63671875,RETURNED
1,2,256,0.94140625,1,34.54,0.23,34.19,0.12,1907,0.7890625,RETURNED
1,2,256,0.9453125,2,34.63,0.18,34.29,0.16,1909,0.875,RETURNED
1,2,256,0.98828125,3,34.6,0.14,34.46,0.0,1914,0.9453125,LOST
1,2,256,0.96484375,4,34.48,0.25,34.1,0.13,1896,0.95703125,RETURNED
1,2,256,0.984375,5,34.69,0.19,34.5,0.0,1922,0.95703125,LOST
1,2,256,0.9921875,6,34.35,0.17,34.04,0.14,1889,0.95703125,RETURNED
1,2,256,0.98046875,7,34.74,0.21,34.41,0.12,1882,0.98046875,RETURNED
1,3,256,0.8984375,0,35.26,0.21,34.91,0.15,1908,0.609375,RETURNED
1,3,256,0.94921875,1,34.81,0.24,34.37,0.2,1907,0.859375,RETURNED
1,3,256,0.953125,2,34.71,0.17,34.37,0.17,1909,0.890625,RETURNED
1,3,256,0.96484375,3,34.72,0.22,34.51,0.0,1914,0.9296875,LOST
1,3,256,0.96875,4,34.51,0.3,34.12,0.09,1896,0.94140625,RETURNED
1,3,256,0.97265625,5,34.74,0.17,34.57,0.0,1922,0.94921875,LOST
1,3,256,0.984375,6,34.42,0.17,34.14,0.11,1889,0.96875,RETURNED
1,3,256,0.984375,7,34.86,0.23,34.49,0.14,1882,0.98046875,RETURNED
2,329.28,0.34
2,0,256,0.90234375,0,30.59,0.16,30.26,0.17,1908,0.6171875,RETURNED
2,0,256,0.89453125,1,30.46,0.16,30.18,0.12,1907,0.6171875,RETURNED
2,0,256,0.92578125,2,30.62,0.25,30.19,0.18,1909,0.90625,RETURNED
2,0,256,0.9765625,3,30.44,0.22,30.22,0.0,1914,0.9453125,LOST
2,0,256,0.96875,4,31.01,0.18,30.67,0.16,1896,0.97265625,RETURNED
2,0,256,0.98046875,5,30.64,0.15,30.49,0.0,1922,0.97265625,LOST
2,0,256,0.984375,6,30.41,0.19,30.01,0.2,1889,0.96484375,RETURNED
2,0,256,0.9921875,7,30.09,0.17,29.82,0.1,1882,0.984375,RETURNED
2,0,256,0.984375,8,31.08,0.21,30.87,0.0,1905,0.984375,LOST
2,0,256,1.0,9,1.4,0.18,1.22,0.0,76,0.99609375,LOST
2,1,256,0.9140625,0,31.2,0.19,30.8,0.2,1908,0.62890625,RETURNED
2,1,256,0.94140625,1,31.02,0.24,30.67,0.11,1907,0.8671875,RETURNED
2,1,256,0.97265625,2,31.11,0.3,30.68,0.13,1909,0.9375,RETURNED
2,1,256,0.984375,3,31.01,0.23,30.78,0.0,1914,0.97265625,LOST
2,1,256,0.96875,4,32.08,0.45,31.41,0.22,1896,0.92578125,RETURNED
2,1,256,0.98046875,5,31.29,0.24,31.05,0.0,1922,0.95703125,LOST
2,1,256,0.98046875,6,30.85,0.22,30.51,0.12,1889,0.9765625,RETURNED
2,1,256,0.99609375,7,30.69,0.28,30.26,0.15,1882,0.9921875,RETURNED
2,1,256,0.9921875,8,31.66,0.23,31.44,0.0,1905,0.99609375,LOST
2,2,256,0.921875,0,30.86,0.23,30.39,0.24,1908,0.625,RETURNED
2,2,256,0.9453125,1,30.63,0.27,30.22,0.14,1907,0.87890625,RETURNED
2,2,256,0.94140625,2,30.69,0.24,30.31,0.14,1909,0.90234375,RETURNED
2,2,256,0.97265625,3,30.54,0.27,30.27,0.0,1914,0.94921875,LOST
2,2,256,0.98046875,4,31.37,0.26,30.94,0.16,1896,0.95703125,RETURNED
2,2,256,0.97265625,5,30.88,0.32,30.57,0.0,1922,0.96875,LOST
2,2,256,0.9921875,6,30.97,0.21,30.09,0.67,1889,0.98046875,RETURNED
2,2,256,0.99609375,7,30.26,0.25,29.87,0.15,1882,0.9609375,RETURNED
2,2,256,0.9921875,8,31.14,0.09,31.05,0.0,1905,0.98828125,LOST
2,3,256,0.90234375,0,30.7,0.19,30.4,0.11,1908,0.6171875,RETURNED
2,3,256,0.92578125,1,30.55,0.19,30.23,0.14,1907,0.6328125,RETURNED
2,3,256,0.94921875,2,30.58,0.17,30.27,0.14,1909,0.8984375,RETURNED
2,3,256,0.96484375,3,30.5,0.25,30.25,0.0,1914,0.93359375,LOST
2,3,256,0.9765625,4,31.11,0.17,30.83,0.11,1896,0.94140625,RETURNED
2,3,256,0.95703125,5,30.69,0.16,30.53,0.0,1922,0.96484375,LOST
2,3,256,0.984375,6,30.44,0.26,30.07,0.12,1889,0.9765625,RETURNED
2,3,256,0.98828125,7,30.22,0.21,29.86,0.14,1882,0.984375,RETURNED
2,3,256,0.984375,8,31.24,0.3,30.94,0.0,1905,0.98828125,LOST
2,3,256,0.98828125,9,31.44,0.19,31.16,0.09,1928,0.98046875,RETURNED
3,406.84,0.51
3,0,256,0.91015625,0,34.7,0.16,34.33,0.21,1908,0.6328125,RETURNED
3,0,256,0.9453125,1,34.45,0.16,34.14,0.15,1907,0.86328125,RETURNED
3,0,256,0.953125,2,54.69,0.1,34.44,20.14,1909,0.86328125,RETURNED
3,0,256,0.9609375,3,34.71,0.3,34.41,0.0,1914,0.94140625,LOST
3,0,256,0.96484375,4,34.28,0.16,33.98,0.13,1896,0.8984375,RETURNED
3,0,256,0.98046875,5,34.88,0.16,34.72,0.0,1922,0.94921875,LOST
3,0,256,0.98828125,6,34.24,0.22,33.89,0.14,1889,0.953125,RETURNED
3,0,256,0.97265625,7,34.24,0.17,33.9,0.17,1882,0.984375,RETURNED
3,0,256,0.98828125,8,34.46,0.18,34.28,0.0,1905,0.9765625,LOST
3,0,256,0.99609375,9,35.07,0.3,34.68,0.09,1928,0.99609375,RETURNED
3,1,256,0.89453125,0,36.07,0.22,35.74,0.11,1908,0.6328125,RETURNED
3,1,256,0.953125,1,35.83,0.13,35.57,0.13,1907,0.890625,RETURNED
3,1,256,0.96484375,2,56.14,0.19,35.75,20.2,1909,0.94140625,RETURNED
3,1,256,0.97265625,3,35.92,0.2,35.72,0.0,1914,0.9453125,LOST
3,1,256,0.96875,4,35.65,0.18,35.34,0.13,1896,0.96484375,RETURNED
3,1,256,0.953125,5,36.38,0.27,36.1,0.0,1922,0.94140625,LOST
3,1,256,0.98828125,6,35.62,0.19,35.36,0.08,1889,0.96484375,RETURNED
3,1,256,0.99609375,7,35.67,0.24,35.25,0.18,1882,0.98828125,RETURNED
3,1,256,0.98828125,8,36.28,0.72,35.55,0.0,1905,0.99609375,LOST
3,1,256,0.984375,9,36.39,0.24,36.02,0.13,1928,0.98828125,RETURNED
3,2,256,0.89453125,0,35.55,0.17,35.23,0.14,1908,0.609375,RETURNED
3,2,256,0.9296875,1,35.61,0.32,35.12,0.17,1907,0.74609375,RETURNED
3,2,256,0.9296875,2,45.4,0.1,35.16,10.14,1909,0.8046875,RETURNED
3,2,256,0.9609375,3,35.38,0.19,35.18,0.0,1914,0.91796875,LOST
3,2,256,0.9609375,4,35.41,0.25,35.02,0.14,1896,0.9296875,RETURNED
3,2,256,0.98046875,5,36.01,0.23,35.78,0.0,1922,0.9296875,LOST
3,2,256,0.984375,6,35.24,0.2,34.92,0.12,1889,0.96484375,RETURNED
3,2,256,0.96875,7,35.25,0.24,34.81,0.19,1882,0.96484375,RETURNED
3,2,256,0.98046875,8,35.26,0.17,35.1,0.0,1905,0.96875,LOST
3,2,256,0.984375,9,36.17,0.21,35.69,0.26,1928,0.98046875,RETURNED
3,3,256,0.91015625,0,36.09,0.16,35.86,0.08,1908,0.625,RETURNED
3,3,256,0.890625,1,36.2,0.16,35.93,0.11,1907,0.60546875,RETURNED
3,3,256,0.9453125,2,46.3,0.16,35.99,10.15,1909,0.83984375,RETURNED
3,3,256,0.95703125,3,36.08,0.11,35.97,0.0,1914,0.921875,LOST
3,3,256,0.9765625,4,36.08,0.18,35.79,0.12,1896,0.953125,RETURNED
3,3,256,0.96484375,5,36.7,0.17,36.53,0.0,1922,0.953125,LOST
3,3,256,0.96484375,6,35.89,0.22,35.53,0.13,1889,0.95703125,RETURNED
3,3,256,0.99609375,7,35.79,0.17,35.51,0.12,1882,0.984375,RETURNED
3,3,256,0.99609375,8,36.08,0.24,35.84,0.0,1905,0.98828125,LOST
3,3,256,1.0,9,13.23,0.18,12.87,0.18,679,0.9921875,RETURNED
4,309.66,0.34
4,0,256,0.91796875,0,36.48,0.3,35.87,0.31,1908,0.62890625,RETURNED
4,0,256,0.93359375,1,36.05,0.17,35.77,0.12,1907,0.86328125,RETURNED
4,0,256,0.984375,2,35.93,0.5,35.32,0.11,1909,0.9609375,RETURNED
4,0,256,0.97265625,3,36.78,1.18,35.6,0.0,1914,0.9453125,LOST
4,0,256,0.96875,4,35.66,0.14,35.43,0.09,1896,0.9453125,RETURNED
4,0,256,0.9609375,5,35.52,0.22,35.3,0.0,1922,0.94921875,LOST
4,0,256,0.9921875,6,35.01,0.2,34.65,0.16,1889,0.96875,RETURNED
4,0,256,0.9921875,7,34.94,0.23,34.63,0.08,1882,0.98828125,RETURNED
4,1,256,0.90234375,0,36.19,0.28,35.79,0.12,1908,0.625,RETURNED
4,1,256,0.94921875,1,35.72,0.11,35.39,0.22,1907,0.8515625,RETURNED
4,1,256,0.9609375,2,35.46,0.22,35.09,0.15,1909,0.90625,RETURNED
4,1,256,0.95703125,3,35.64,0.16,35.48,0.0,1914,0.94921875,LOST
4,1,256,0.95703125,4,35.93,0.17,35.45,0.31,1896,0.94140625,RETURNED
4,1,256,0.98828125,5,35.46,0.16,35.3,0.0,1922,0.984375,LOST
4,1,256,0.9765625,6,34.91,0.2,34.59,0.12,1889,0.96484375,RETURNED
4,1,256,0.9921875,7,34.58,0.12,34.4,0.07,1882,0.9765625,RETURNED
4,2,256,0.90625,0,35.9,0.17,35.53,0.19,1908,0.6171875,RETURNED
4,2,256,0.9609375,1,35.79,0.19,35.42,0.18,1907,0.8515625,RETURNED
4,2,256,0.94921875,2,35.05,0.19,34.74,0.12,1909,0.87890625,RETURNED
4,2,256,0.953125,3,35.47,0.28,35.19,0.0,1914,0.9453125,LOST
4,2,256,0.984375,4,35.6,0.21,35.27,0.13,1896,0.95703125,RETURNED
4,2,256,0.97265625,5,34.94,0.12,34.82,0.0,1922,0.9609375,LOST
4,2,256,0.98828125,6,34.73,0.16,34.24,0.33,1889,0.984375,RETURNED
4,2,256,1.0,7,33.97,0.25,33.47,0.25,1840,0.9921875,RETURNED
4,3,256,0.8828125,0,36.41,0.28,36.01,0.12,1908,0.62109375,RETURNED
4,3,256,0.9453125,1,36.38,0.19,36.07,0.12,1907,0.8671875,RETURNED
4,3,256,0.95703125,2,36.0,0.16,35.76,0.09,1909,0.9296875,RETURNED
4,3,256,0.98828125,3,36.15,0.19,35.96,0.0,1914,0.95703125,LOST
4,3,256,0.9921875,4,36.14,0.1,35.91,0.13,1896,0.98046875,RETURNED
4,3,256,0.984375,5,35.76,0.23,35.53,0.0,1922,0.9609375,LOST
4,3,256,0.98828125,6,35.2,0.28,34.85,0.08,1889,0.984375,RETURNED
4,3,256,0.9921875,7,35.17,0.19,34.87,0.11,1882,0.98828125,RETURNED
5,299.25,0.29
5,0,256,0.890625,0,30.57,0.1,30.17,0.3,1908,0.62890625,RETURNED
5,0,256,0.953125,1,30.43,0.26,30.09,0.08,1907,0.8984375,RETURNED
5,0,256,0.95703125,2,30.4,0.18,30.05,0.18,1909,0.921875,RETURNED
5,0,256,0.9609375,3,30.78,0.19,30.59,0.0,1914,0.91796875,LOST
5,0,256,0.98046875,4,30.66,0.19,30.39,0.07,1896,0.97265625,RETURNED
5,0,256,0.96875,5,30.96,0.56,30.41,0.0,1922,0.98046875,LOST
5,0,256,0.99609375,6,30.17,0.19,29.8,0.18,1889,0.984375,RETURNED
5,0,256,0.97265625,7,30.08,0.18,29.79,0.12,1882,0.9609375,RETURNED
5,1,256,0.8984375,0,30.58,0.17,30.24,0.17,1908,0.625,RETURNED
5,1,256,0.90234375,1,30.5,0.17,30.19,0.14,1907,0.61328125,RETURNED
5,1,256,0.9609375,2,30.44,0.17,30.14,0.12,1909,0.94921875,RETURNED
5,1,256,0.9765625,3,30.89,0.2,30.68,0.0,1914,0.953125,LOST
5,1,256,0.984375,4,30.72,0.16,30.43,0.14,1896,0.9609375,RETURNED
5,1,256,0.98046875,5,30.66,0.17,30.49,0.0,1922,0.9609375,LOST
5,1,256,0.99609375,6,30.07,0.11,29.84,0.12,1889,0.98046875,RETURNED
5,1,256,1.0,7,28.82,0.16,28.54,0.12,1798,0.99609375,RETURNED
5,2,256,0.90234375,0,30.7,0.24,30.29,0.18,1908,0.625,RETURNED
5,2,256,0.9453125,1,30.49,0.2,30.17,0.12,1907,0.875,RETURNED
5,2,256,0.95703125,2,31.29,0.21,30.95,0.13,1909,0.9296875,RETURNED
5,2,256,0.98046875,3,31.77,0.19,31.57,0.0,1914,0.96875,LOST
5,2,256,0.98046875,4,30.66,0.2,30.29,0.17,1896,0.9609375,RETURNED
5,2,256,0.9765625,5,30.61,0.11,30.5,0.0,1922,0.97265625,LOST
5,2,256,0.9921875,6,30.29,0.22,29.92,0.15,1889,0.984375,RETURNED
5,2,256,0.9921875,7,30.18,0.16,29.89,0.13,1882,0.9921875,RETURNED
5,3,256,0.92578125,0,30.28,0.19,30.02,0.07,1908,0.62109375,RETURNED
5,3,256,0.953125,1,30.29,0.1,29.96,0.23,1907,0.83203125,RETURNED
5,3,256,0.97265625,2,30.34,0.26,29.94,0.14,1909,0.90234375,RETURNED
5,3,256,0.98828125,3,30.63,0.24,30.4,0.0,1914,0.95703125,LOST
5,3,256,0.96875,4,30.55,0.24,30.24,0.07,1896,0.8984375,RETURNED
5,3,256,0.98046875,5,30.43,0.16,30.28,0.0,1922,0.9609375,LOST
5,3,256,0.9765625,6,29.96,0.15,29.68,0.12,1889,0.97265625,RETURNED
5,3,256,0.984375,7,29.88,0.16,29.65,0.07,1882,0.9765625,RETURNED
5,3,256,0.99609375,8,30.02,0.18,29.84,0.0,1905,0.99609375,LOST
6,357.26,0.28
6,0,256,0.92578125,0,31.72,0.27,31.31,0.13,1908,0.62890625,RETURNED
6,0,256,0.92578125,1,30.82,0.23,30.47,0.12,1907,0.609375,RETURNED
6,0,256,0.93359375,2,31.29,0.16,30.66,0.47,1909,0.87109375,RETURNED
6,0,256,0.95703125,3,31.01,0.17,30.84,0.0,1914,0.93359375,LOST
6,0,256,0.984375,4,30.2,0.2,29.87,0.12,1896,0.96484375,RETURNED
6,0,256,0.97265625,5,30.55,0.2,30.35,0.0,1922,0.97265625,LOST
6,0,256,0.9921875,6,30.23,0.16,29.93,0.14,1889,0.9765625,RETURNED
6,0,256,0.98828125,7,30.21,0.33,29.76,0.11,1882,0.984375,RETURNED
6,0,256,0.98828125,8,30.3,0.21,30.1,0.0,1905,0.9921875,LOST
6,0,256,0.98828125,9,31.09,0.19,30.75,0.14,1928,0.9921875,RETURNED
6,0,256,0.99609375,10,30.35,0.28,30.07,0.0,1910,0.98828125,LOST
6,1,256,0.91796875,0,31.78,0.17,31.47,0.15,1908,0.62109375,RETURNED
6,1,256,0.89453125,1,30.91,0.17,30.63,0.12,1907,0.62109375,RETURNED
6,1,256,0.95703125,2,30.83,0.19,30.53,0.12,1909,0.921875,RETURNED
6,1,256,0.98828125,3,31.23,0.23,31.0,0.0,1914,0.95703125,LOST
6,1,256,0.96875,4,30.31,0.19,30.01,0.11,1896,0.9453125,RETURNED
6,1,256,0.984375,5,30.68,0.22,30.46,0.0,1922,0.96875,LOST
6,1,256,0.9921875,6,30.28,0.14,30.03,0.12,1889,0.984375,RETURNED
6,1,256,0.9921875,7,30.22,0.22,29.89,0.11,1882,0.98046875,RETURNED
6,1,256,0.9921875,8,30.29,0.16,30.13,0.0,1905,0.9921875,LOST
6,1,256,0.99609375,9,31.31,0.15,31.03,0.13,1928,0.98046875,RETURNED
6,1,256,1.0,10,4.76,0.27,4.48,0.0,281,0.99609375,LOST
6,2,256,0.89453125,0,32.02,0.27,31.63,0.12,1908,0.62890625,RETURNED
6,2,256,0.953125,1,31.1,0.16,30.83,0.11,1907,0.90625,RETURNED
6,2,256,0.96875,2,31.12,0.16,30.83,0.13,1909,0.8828125,RETURNED
6,2,256,0.98046875,3,31.26,0.18,31.09,0.0,1914,0.96484375,LOST
6,2,256,0.98046875,4,30.53,0.22,30.17,0.14,1896,0.9375,RETURNED
6,2,256,0.97265625,5,30.76,0.17,30.59,0.0,1922,0.97265625,LOST
6,2,256,0.99609375,6,30.49,0.17,30.15,0.18,1889,0.984375,RETURNED
6,2,256,0.98828125,7,30.28,0.16,29.99,0.13,1882,0.984375,RETURNED
6,2,256,0.9921875,8,30.49,0.16,30.33,0.0,1905,0.99609375,LOST
6,2,256,0.99609375,9,31.44,0.1,31.21,0.14,1928,0.99609375,RETURNED
6,2,256,0.9921875,10,30.42,0.16,30.26,0.0,1910,0.99609375,LOST
6,3,256,0.90625,0,31.94,0.4,31.42,0.12,1908,0.6171875,RETURNED
6,3,256,0.90234375,1,30.84,0.17,30.53,0.13,1907,0.62109375,RETURNED
6,3,256,0.94921875,2,30.73,0.13,30.47,0.13,1909,0.796875,RETURNED
6,3,256,0.984375,3,31.15,0.28,30.87,0.0,1914,0.953125,LOST
6,3,256,0.97265625,4,30.28,0.17,29.92,0.19,1896,0.921875,RETURNED
6,3,256,0.984375,5,30.57,0.17,30.39,0.0,1922,0.96875,LOST
6,3,256,0.97265625,6,30.32,0.17,30.0,0.16,1889,0.953125,RETURNED
6,3,256,0.984375,7,30.08,0.14,29.83,0.11,1882,0.9609375,RETURNED
6,3,256,0.9765625,8,30.25,0.18,30.07,0.0,1905,0.98828125,LOST
6,3,256,0.99609375,9,31.24,0.19,30.86,0.18,1928,0.9921875,RETURNED
6,3,256,1.0,10,4.75,0.28,4.47,0.0,281,0.99609375,LOST
7,302.81,0.32
7,0,256,0.91015625,0,34.4,0.18,34.01,0.21,1908,0.60546875,RETURNED
7,0,256,0.95703125,1,34.1,0.1,33.86,0.14,1907,0.87890625,RETURNED
7,0,256,0.97265625,2,34.75,0.76,33.86,0.13,1909,0.9296875,RETURNED
7,0,256,0.9765625,3,35.01,0.25,34.76,0.0,1914,0.97265625,LOST
7,0,256,0.96484375,4,34.89,0.24,34.49,0.17,1896,0.9609375,RETURNED
7,0,256,0.984375,5,35.06,0.2,34.86,0.0,1922,0.9765625,LOST
7,0,256,0.984375,6,36.13,0.17,35.85,0.12,1889,0.98046875,RETURNED
7,0,256,1.0,7,15.76,0.17,15.47,0.12,757,0.99609375,RETURNED
7,1,256,0.921875,0,34.47,0.15,34.11,0.21,1908,0.609375,RETURNED
7,1,256,0.9609375,1,34.8,0.32,34.04,0.44,1907,0.89453125,RETURNED
7,1,256,0.9765625,2,34.32,0.2,33.99,0.13,1909,0.9296875,RETURNED
7,1,256,0.9765625,3,35.03,0.17,34.86,0.0,1914,0.9609375,LOST
7,1,256,0.98828125,4,34.34,0.16,34.01,0.16,1896,0.9765625,RETURNED
7,1,256,0.97265625,5,34.48,0.17,34.32,0.0,1922,0.96875,LOST
7,1,256,0.99609375,6,35.7,0.21,35.38,0.1,1889,0.98828125,RETURNED
7,1,256,0.99609375,7,36.06,0.18,35.77,0.11,1882,0.98046875,RETURNED
7,2,256,0.9296875,0,34.71,0.55,34.03,0.12,1908,0.625,RETURNED
7,2,256,0.953125,1,34.1,0.09,33.88,0.13,1907,0.875,RETURNED
7,2,256,0.953125,2,34.2,0.16,33.91,0.13,1909,0.87890625,RETURNED
7,2,256,0.92578125,3,35.16,0.23,34.93,0.0,1914,0.84375,LOST
7,2,256,0.98828125,4,34.18,0.18,33.87,0.13,1896,0.9765625,RETURNED
7,2,256,0.9765625,5,34.49,0.21,34.28,0.0,1922,0.95703125,LOST
7,2,256,0.98046875,6,35.39,0.18,35.09,0.12,1889,0.953125,RETURNED
7,2,256,0.9921875,7,36.08,0.18,35.75,0.15,1882,0.98046875,RETURNED
7,3,256,0.90625,0,35.23,0.55,34.56,0.12,1908,0.6171875,RETURNED
7,3,256,0.90625,1,35.03,0.19,34.43,0.41,1907,0.62109375,RETURNED
7,3,256,0.9765625,2,34.76,0.18,34.45,0.13,1909,0.9375,RETURNED
7,3,256,0.9765625,3,35.41,0.21,35.2,0.0,1914,0.9609375,LOST
7,3,256,0.99609375,4,34.6,0.17,34.35,0.08,1896,0.9765625,RETURNED
7,3,256,0.96484375,5,35.11,0.23,34.88,0.0,1922,0.97265625,LOST
7,3,256,0.9921875,6,36.33,0.17,36.03,0.13,1889,0.98046875,RETURNED
7,3,256,1.0,7,18.58,0.18,18.4,0.0,916,0.98828125,LOST
8,298.36,0.28
8,0,256,0.91015625,0,30.81,0.13,30.48,0.2,1908,0.62890625,RETURNED
8,0,256,0.9140625,1,30.64,0.2,30.32,0.12,1907,0.6171875,RETURNED
8,0,256,0.96484375,2,30.8,0.18,30.49,0.13,1909,0.921875,RETURNED
8,0,256,0.95703125,3,30.8,0.18,30.62,0.0,1914,0.91796875,LOST
8,0,256,0.984375,4,30.15,0.17,29.87,0.1,1896,0.9765625,RETURNED
8,0,256,0.9765625,5,30.79,0.37,30.42,0.0,1922,0.953125,LOST
8,0,256,0.9921875,6,30.08,0.12,29.82,0.14,1889,0.95703125,RETURNED
8,0,256,0.99609375,7,30.08,0.17,29.83,0.08,1882,0.9921875,RETURNED
8,0,256,0.9921875,8,30.11,0.19,29.92,0.0,1905,0.97265625,LOST
8,1,256,0.91015625,0,31.04,0.34,30.59,0.1,1908,0.625,RETURNED
8,1,256,0.94921875,1,30.6,0.19,30.28,0.13,1907,0.85546875,RETURNED
8,1,256,0.953125,2,30.84,0.19,30.52,0.12,1909,0.8984375,RETURNED
8,1,256,0.96875,3,30.69,0.15,30.55,0.0,1914,0.953125,LOST
8,1,256,0.984375,4,30.27,0.16,29.98,0.13,1896,0.96484375,RETURNED
8,1,256,0.98828125,5,30.61,0.17,30.44,0.0,1922,0.9765625,LOST
8,1,256,0.98828125,6,30.22,0.22,29.88,0.11,1889,0.96484375,RETURNED
8,1,256,0.98828125,7,30.09,0.16,29.81,0.12,1882,0.98828125,RETURNED
8,1,256,0.98828125,8,30.19,0.16,30.03,0.0,1905,0.99609375,LOST
8,2,256,0.92578125,0,31.03,0.19,30.68,0.15,1908,0.6171875,RETURNED
8,2,256,0.953125,1,30.75,0.17,30.47,0.11,1907,0.9140625,RETURNED
8,2,256,0.9765625,2,31.06,0.25,30.66,0.15,1909,0.953125,RETURNED
8,2,256,0.97265625,3,30.89,0.17,30.71,0.0,1914,0.953125,LOST
8,2,256,0.98046875,4,30.44,0.16,30.13,0.15,1896,0.953125,RETURNED
8,2,256,0.98046875,5,31.13,0.53,30.6,0.0,1922,0.984375,LOST
8,2,256,0.99609375,6,30.35,0.16,30.06,0.13,1889,0.98828125,RETURNED
8,2,256,0.98828125,7,30.19,0.12,29.94,0.12,1882,0.98828125,RETURNED
8,2,256,1.0,8,0.97,0.16,0.69,0.12,44,0.9921875,RETURNED
8,3,256,0.8984375,0,31.08,0.34,30.6,0.14,1908,0.61328125,RETURNED
8,3,256,0.91796875,1,30.67,0.19,30.37,0.12,1907,0.6328125,RETURNED
8,3,256,0.94140625,2,30.92,0.19,30.63,0.11,1909,0.90625,RETURNED
8,3,256,0.97265625,3,30.74,0.14,30.59,0.0,1914,0.953125,LOST
8,3,256,0.96875,4,30.38,0.2,30.0,0.17,1896,0.9453125,RETURNED
8,3,256,0.96875,5,30.84,0.34,30.5,0.0,1922,0.96484375,LOST
8,3,256,0.98828125,6,30.37,0.25,29.98,0.14,1889,0.98046875,RETURNED
8,3,256,0.9921875,7,30.15,0.18,29.9,0.07,1882,0.98828125,RETURNED
8,3,256,0.9921875,8,30.16,0.09,30.06,0.0,1905,0.9921875,LOST
9,382.85,0.31
9,0,256,0.90625,0,30.57,0.19,30.23,0.15,1908,0.6171875,RETURNED
9,0,256,0.890625,1,30.38,0.1,30.16,0.11,1907,0.6171875,RETURNED
9,0,256,0.96875,2,55.5,0.18,30.18,25.14,1909,0.94921875,RETURNED
9,0,256,0.95703125,3,30.53,0.18,30.36,0.0,1914,0.90625,LOST
9,0,256,0.9765625,4,30.5,0.27,30.06,0.16,1896,0.953125,RETURNED
9,0,256,0.9921875,5,30.75,0.12,30.63,0.0,1922,0.97265625,LOST
9,0,256,0.98046875,6,31.13,0.23,30.74,0.15,1889,0.9609375,RETURNED
9,0,256,0.984375,7,30.58,0.16,30.28,0.13,1882,0.9765625,RETURNED
9,0,256,0.9921875,8,30.44,0.15,30.3,0.0,1905,0.984375,LOST
9,0,256,0.99609375,9,30.87,0.25,30.5,0.12,1928,0.98828125,RETURNED
9,0,256,0.9921875,10,30.64,0.35,30.29,0.0,1910,0.9921875,LOST
9,1,256,0.9140625,0,30.67,0.16,30.39,0.12,1908,0.63671875,RETURNED
9,1,256,0.9453125,1,30.51,0.18,30.22,0.11,1907,0.8671875,RETURNED
9,1,256,0.9453125,2,40.56,0.22,30.25,10.09,1909,0.91015625,RETURNED
9,1,256,0.9609375,3,30.64,0.17,30.47,0.0,1914,0.90234375,LOST
9,1,256,0.9765625,4,30.39,0.18,30.04,0.18,1896,0.96484375,RETURNED
9,1,256,0.9765625,5,30.69,0.21,30.48,0.0,1922,0.95703125,LOST
9,1,256,0.98828125,6,30.57,0.16,30.29,0.11,1889,0.9609375,RETURNED
9,1,256,0.9921875,7,31.25,0.12,30.99,0.14,1882,0.984375,RETURNED
9,1,256,0.99609375,8,30.69,0.17,30.52,0.0,1905,0.9921875,LOST
9,1,256,0.99609375,9,30.97,0.16,30.7,0.12,1928,0.9921875,RETURNED
9,1,256,0.99609375,10,30.44,0.16,30.27,0.0,1910,0.9921875,LOST
9,1,256,1.0,11,1.41,0.18,1.23,0.0,78,0.99609375,LOST
9,2,256,0.89453125,0,30.52,0.15,30.26,0.11,1908,0.61328125,RETURNED
9,2,256,0.953125,1,30.38,0.09,30.16,0.13,1907,0.875,RETURNED
9,2,256,0.92578125,2,55.61,0.17,30.22,25.22,1909,0.78125,RETURNED
9,2,256,0.9609375,3,30.64,0.33,30.31,0.0,1914,0.90234375,LOST
9,2,256,0.9765625,4,30.32,0.22,30.01,0.1,1896,0.96875,RETURNED
9,2,256,0.97265625,5,30.86,0.26,30.6,0.0,1922,0.95703125,LOST
9,2,256,0.9765625,6,34.16,3.19,30.85,0.12,1889,0.9375,RETURNED
9,2,256,0.984375,7,30.72,0.16,30.44,0.12,1882,0.98046875,RETURNED
9,2,256,0.9921875,8,30.56,0.18,30.38,0.0,1905,0.984375,LOST
9,2,256,0.99609375,9,30.8,0.16,30.53,0.12,1928,0.9921875,RETURNED
9,2,256,0.9921875,10,30.79,0.46,30.34,0.0,1910,0.99609375,LOST
9,3,256,0.9296875,0,30.49,0.17,30.17,0.15,1908,0.6171875,RETURNED
9,3,256,0.9453125,1,30.35,0.1,30.09,0.16,1907,0.8984375,RETURNED
9,3,256,0.91015625,2,40.52,0.11,30.12,10.29,1909,0.6328125,RETURNED
9,3,256,0.9609375,3,30.41,0.17,30.24,0.0,1914,0.9453125,LOST
9,3,256,0.95703125,4,30.19,0.17,29.89,0.13,1896,0.94921875,RETURNED
9,3,256,0.9765625,5,30.45,0.14,30.31,0.0,1922,0.95703125,LOST
9,3,256,0.984375,6,30.49,0.17,30.2,0.12,1889,0.9609375,RETURNED
9,3,256,0.9921875,7,31.34,0.17,31.07,0.11,1882,0.984375,RETURNED
9,3,256,0.99609375,8,30.42,0.16,30.27,0.0,1905,0.984375,LOST
9,3,256,0.984375,9,31.15,0.45,30.58,0.12,1928,0.984375,RETURNED
9,3,256,0.9921875,10,30.31,0.21,30.1,0.0,1910,0.98828125,LOST
9,3,256,1.0,11,2.22,0.15,1.94,0.12,124,0.99609375,RETURNED
10,361.72,0.28
10,0,256,0.91015625,0,35.58,0.16,35.24,0.17,1908,0.6171875,RETURNED
10,0,256,0.94140625,1,35.52,0.19,35.22,0.12,1907,0.87890625,RETURNED
10,0,256,0.96484375,2,50.94,0.2,35.62,15.13,1909,0.94921875,RETURNED
10,0,256,0.984375,3,36.12,0.18,35.94,0.0,1914,0.97265625,LOST
10,0,256,0.9921875,4,35.31,0.17,35.01,0.14,1896,0.9765625,RETURNED
10,0,256,0.9921875,5,35.68,0.18,35.5,0.0,1922,0.9921875,LOST
10,0,256,0.984375,6,35.31,0.16,34.94,0.21,1889,0.98828125,RETURNED
10,0,256,0.99609375,7,35.13,0.18,34.82,0.13,1882,0.984375,RETURNED
10,0,256,0.99609375,8,35.39,0.19,35.2,0.0,1905,0.99609375,LOST
10,1,256,0.91015625,0,35.45,0.28,35.0,0.17,1908,0.640625,RETURNED
10,1,256,0.95703125,1,35.33,0.2,34.98,0.15,1907,0.86328125,RETURNED
10,1,256,0.98046875,2,55.33,0.21,34.97,20.15,1909,0.96484375,RETURNED
10,1,256,0.96875,3,35.84,0.17,35.67,0.0,1914,0.94140625,LOST
10,1,256,0.98828125,4,35.05,0.17,34.76,0.12,1896,0.9765625,RETURNED
10,1,256,0.9921875,5,35.42,0.17,35.24,0.0,1922,0.98828125,LOST
10,1,256,0.99609375,6,35.19,0.17,34.83,0.19,1889,0.9921875,RETURNED
10,1,256,0.99609375,7,34.94,0.11,34.68,0.15,1882,0.99609375,RETURNED
10,1,256,1.0,8,31.81,0.31,31.5,0.0,1713,0.9921875,LOST
10,2,256,0.9140625,0,34.26,0.26,33.88,0.12,1908,0.6328125,RETURNED
10,2,256,0.92578125,1,34.16,0.21,33.82,0.13,1907,0.6640625,RETURNED
10,2,256,0.97265625,2,44.36,0.21,33.98,10.16,1909,0.91015625,RETURNED
10,2,256,0.96484375,3,34.19,0.23,33.96,0.0,1914,0.9140625,LOST
10,2,256,0.98046875,4,34.65,0.11,34.39,0.15,1896,0.98046875,RETURNED
10,2,256,0.984375,5,34.15,0.15,33.99,0.0,1922,0.9765625,LOST
10,2,256,0.98046875,6,33.83,0.16,33.54,0.13,1889,0.96484375,RETURNED
10,2,256,0.98046875,7,39.01,0.17,33.68,5.16,1882,0.96875,RETURNED
10,2,256,0.9921875,8,33.96,0.16,33.8,0.0,1905,0.98046875,LOST
10,3,256,0.921875,0,35.2,0.2,34.86,0.14,1908,0.61328125,RETURNED
10,3,256,0.96875,1,35.21,0.22,34.92,0.07,1907,0.921875,RETURNED
10,3,256,0.9765625,2,45.44,0.2,35.09,10.15,1909,0.953125,RETURNED
10,3,256,0.9765625,3,35.19,0.16,35.02,0.0,1914,0.95703125,LOST
10,3,256,0.98828125,4,35.64,0.15,35.34,0.15,1896,0.96875,RETURNED
10,3,256,0.9453125,5,35.49,0.18,35.31,0.0,1922,0.9375,LOST
10,3,256,0.98828125,6,34.94,0.19,34.59,0.17,1889,0.984375,RETURNED
10,3,256,0.9921875,7,34.93,0.1,34.69,0.14,1882,0.98828125,RETURNED
10,3,256,1.0,8,22.42,0.18,22.24,0.0,1209,0.99609375,LOST
11,309.70,0.26
11,0,256,0.91796875,0,36.11,0.31,35.64,0.16,1908,0.6328125,RETURNED
11,0,256,0.9375,1,35.52,0.19,35.25,0.08,1907,0.90625,RETURNED
11,0,256,0.9765625,2,35.29,0.24,34.93,0.12,1909,0.9453125,RETURNED
11,0,256,0.98828125,3,35.35,0.17,35.18,0.0,1914,0.96875,LOST
11,0,256,0.98046875,4,35.33,0.2,34.98,0.14,1896,0.953125,RETURNED
11,0,256,0.98828125,5,35.71,0.16,35.55,0.0,1922,0.98828125,LOST
11,0,256,0.984375,6,35.41,0.28,35.06,0.08,1889,0.9765625,RETURNED
11,0,256,0.9921875,7,35.06,0.16,34.77,0.13,1882,0.98046875,RETURNED
11,1,256,0.8984375,0,37.38,0.39,36.86,0.13,1908,0.62109375,RETURNED
11,1,256,0.92578125,1,36.91,0.15,36.62,0.13,1907,0.84765625,RETURNED
11,1,256,0.9765625,2,36.91,0.1,36.73,0.08,1909,0.91796875,RETURNED
11,1,256,0.99609375,3,36.66,0.16,36.5,0.0,1914,0.97265625,LOST
11,1,256,0.96484375,4,36.83,0.18,36.51,0.14,1896,0.9609375,RETURNED
11,1,256,0.9921875,5,37.01,0.16,36.85,0.0,1922,0.984375,LOST
11,1,256,0.984375,6,36.66,0.17,36.37,0.12,1889,0.98046875,RETURNED
11,1,256,1.0,7,35.24,0.17,34.92,0.14,1824,0.98828125,RETURNED
11,2,256,0.91796875,0,35.05,0.16,34.54,0.35,1908,0.62890625,RETURNED
11,2,256,0.90234375,1,34.86,0.2,34.58,0.08,1907,0.62890625,RETURNED
11,2,256,0.94140625,2,34.61,0.18,34.35,0.08,1909,0.8984375,RETURNED
11,2,256,0.9765625,3,34.92,0.19,34.73,0.0,1914,0.94140625,LOST
11,2,256,0.98828125,4,34.73,0.16,34.46,0.11,1896,0.97265625,RETURNED
11,2,256,0.98828125,5,34.83,0.11,34.71,0.0,1922,0.98828125,LOST
11,2,256,0.98828125,6,34.51,0.23,34.21,0.07,1889,0.9609375,RETURNED
11,2,256,1.0,7,33.37,0.22,33.0,0.15,1824,0.98828125,RETURNED
11,3,256,0.8984375,0,35.7,0.18,35.41,0.12,1908,0.640625,RETURNED
11,3,256,0.953125,1,35.76,0.23,35.33,0.19,1907,0.8828125,RETURNED
11,3,256,0.94921875,2,35.45,0.15,35.18,0.11,1909,0.84765625,RETURNED
11,3,256,0.953125,3,35.61,0.21,35.4,0.0,1914,0.9375,LOST
11,3,256,0.9609375,4,35.63,0.18,35.37,0.08,1896,0.93359375,RETURNED
11,3,256,0.96484375,5,35.37,0.18,35.19,0.0,1922,0.9609375,LOST
11,3,256,0.9921875,6,35.04,0.16,34.82,0.07,1889,0.98828125,RETURNED
11,3,256,0.98046875,7,34.88,0.19,34.58,0.11,1882,0.94140625,RETURNED
12,514.86,0.27
12,0,256,0.9140625,0,54.06,0.26,53.66,0.15,1908,0.61328125,RETURNED
12,0,256,0.95703125,1,52.98,0.16,52.65,0.17,1907,0.84375,RETURNED
12,0,256,0.9765625,2,53.31,0.17,52.99,0.16,1909,0.90625,RETURNED
12,0,256,0.9765625,3,52.7,0.19,52.51,0.0,1914,0.96484375,LOST
12,0,256,0.97265625,4,55.09,0.2,54.72,0.16,1896,0.9609375,RETURNED
12,0,256,0.99609375,5,52.62,0.17,52.45,0.0,1922,0.9921875,LOST
12,0,256,0.98828125,6,51.83,0.18,51.47,0.18,1889,0.9609375,RETURNED
12,0,256,0.9921875,7,53.02,0.19,52.66,0.17,1882,0.98828125,RETURNED
12,0,256,0.99609375,8,51.22,0.18,51.04,0.0,1905,0.984375,LOST
12,1,256,0.90234375,0,53.64,0.18,53.34,0.12,1908,0.6171875,RETURNED
12,1,256,0.96875,1,52.16,0.18,51.9,0.08,1907,0.90234375,RETURNED
12,1,256,0.984375,2,53.51,0.23,53.07,0.21,1909,0.953125,RETURNED
12,1,256,0.9453125,3,52.25,0.23,52.02,0.0,1914,0.9296875,LOST
12,1,256,0.98046875,4,55.19,0.1,54.95,0.14,1896,0.984375,RETURNED
12,1,256,0.9765625,5,53.25,0.17,53.08,0.0,1922,0.97265625,LOST
12,1,256,0.99609375,6,51.28,0.15,50.99,0.13,1889,0.984375,RETURNED
12,1,256,0.99609375,7,51.53,0.1,51.28,0.15,1882,0.99609375,RETURNED
12,1,256,1.0,8,24.06,0.1,23.82,0.13,815,0.99609375,RETURNED
12,2,256,0.90625,0,52.08,0.2,51.75,0.13,1908,0.65625,RETURNED
12,2,256,0.953125,1,52.64,0.2,52.36,0.08,1907,0.87890625,RETURNED
12,2,256,0.953125,2,51.87,0.18,51.6,0.09,1909,0.84765625,RETURNED
12,2,256,0.97265625,3,51.92,0.19,51.73,0.0,1914,0.94140625,LOST
12,2,256,0.97265625,4,55.67,0.24,55.33,0.1,1896,0.953125,RETURNED
12,2,256,0.98046875,5,52.25,0.13,52.12,0.0,1922,0.96875,LOST
12,2,256,0.99609375,6,51.9,0.31,51.48,0.11,1889,0.97265625,RETURNED
12,2,256,0.98828125,7,52.04,0.17,51.71,0.16,1882,0.984375,RETURNED
12,2,256,0.9921875,8,51.34,0.28,51.06,0.0,1905,0.99609375,LOST
12,3,256,0.90625,0,53.66,0.18,53.35,0.13,1908,0.6484375,RETURNED
12,3,256,0.92578125,1,51.8,0.17,51.46,0.17,1907,0.85546875,RETURNED
12,3,256,0.96875,2,52.51,0.18,52.18,0.15,1909,0.9375,RETURNED
12,3,256,0.98046875,3,52.43,0.19,52.24,0.0,1914,0.9609375,LOST
12,3,256,0.9921875,4,55.44,0.12,55.11,0.2,1896,0.96875,RETURNED
12,3,256,0.9921875,5,52.35,0.17,52.18,0.0,1922,0.98828125,LOST
12,3,256,0.9921875,6,52.58,0.23,52.19,0.16,1889,0.984375,RETURNED
12,3,256,0.99609375,7,52.42,0.18,52.03,0.21,1882,0.99609375,RETURNED
12,3,256,0.98828125,8,51.87,0.24,51.63,0.0,1905,0.99609375,LOST
13,382.93,0.29
13,0,256,0.9140625,0,36.53,0.17,36.22,0.14,1908,0.6171875,RETURNED
13,0,256,0.9453125,1,35.74,0.16,35.46,0.11,1907,0.89453125,RETURNED
13,0,256,0.96484375,2,35.74,0.19,35.43,0.13,1909,0.9453125,RETURNED
13,0,256,0.98046875,3,35.81,0.11,35.7,0.0,1914,0.95703125,LOST
13,0,256,0.97265625,4,35.68,0.17,35.37,0.14,1896,0.94921875,RETURNED
13,0,256,0.97265625,5,35.89,0.18,35.71,0.0,1922,0.96484375,LOST
13,0,256,0.98828125,6,35.59,0.16,35.33,0.1,1889,0.97265625,RETURNED
13,0,256,0.98828125,7,35.29,0.14,35.05,0.1,1882,0.98046875,RETURNED
13,0,256,0.9921875,8,35.92,0.16,35.76,0.0,1905,0.984375,LOST
13,1,256,0.9140625,0,35.94,0.12,35.66,0.16,1908,0.6171875,RETURNED
13,1,256,0.890625,1,35.41,0.2,35.06,0.15,1907,0.609375,RETURNED
13,1,256,0.94921875,2,35.42,0.13,35.16,0.13,1909,0.88671875,RETURNED
13,1,256,0.9453125,3,35.35,0.11,35.24,0.0,1914,0.875,LOST
13,1,256,0.97265625,4,35.12,0.1,34.88,0.14,1896,0.953125,RETURNED
13,1,256,0.9765625,5,35.65,0.32,35.34,0.0,1922,0.9609375,LOST
13,1,256,0.98828125,6,35.23,0.16,34.85,0.23,1889,0.9765625,RETURNED
13,1,256,0.984375,7,34.89,0.2,34.57,0.12,1882,0.96875,RETURNED
13,1,256,0.98828125,8,35.39,0.15,35.25,0.0,1905,0.98828125,LOST
13,2,256,0.91015625,0,36.18,0.21,35.85,0.12,1908,0.62109375,RETURNED
13,2,256,0.9375,1,35.65,0.16,35.34,0.15,1907,0.90625,RETURNED
13,2,256,0.96484375,2,35.48,0.17,35.16,0.14,1909,0.9140625,RETURNED
13,2,256,0.97265625,3,35.36,0.09,35.27,0.0,1914,0.9453125,LOST
13,2,256,0.9765625,4,35.33,0.16,35.03,0.14,1896,0.94921875,RETURNED
13,2,256,0.98046875,5,35.61,0.2,35.41,0.0,1922,0.9609375,LOST
13,2,256,0.96875,6,35.49,0.18,35.07,0.24,1889,0.95703125,RETURNED
13,2,256,0.9921875,7,35.07,0.18,34.79,0.11,1882,0.984375,RETURNED
13,2,256,1.0,8,6.34,0.09,6.13,0.11,330,0.9921875,RETURNED
13,3,256,0.90234375,0,36.45,0.23,36.13,0.09,1908,0.62890625,RETURNED
13,3,256,0.95703125,1,35.64,0.17,35.31,0.16,1907,0.87890625,RETURNED
13,3,256,0.94921875,2,35.68,0.19,35.29,0.2,1909,0.90234375,RETURNED
13,3,256,0.94921875,3,35.65,0.2,35.45,0.0,1914,0.90234375,LOST
13,3,256,0.98046875,4,35.7,0.2,35.37,0.13,1896,0.9609375,RETURNED
13,3,256,0.96875,5,35.95,0.18,35.78,0.0,1922,0.92578125,LOST
13,3,256,0.98046875,6,35.6,0.16,35.32,0.12,1889,0.95703125,RETURNED
13,3,256,0.98046875,7,35.31,0.14,35.05,0.12,1882,0.9765625,RETURNED
13,3,256,0.98828125,8,35.89,0.12,35.76,0.0,1905,0.98046875,LOST
14,269.06,0.27
14,0,256,0.91015625,0,35.78,0.2,35.42,0.16,1908,0.6171875,RETURNED
14,0,256,0.953125,1,35.66,0.17,35.38,0.12,1907,0.82421875,RETURNED
14,0,256,0.9453125,2,36.52,0.09,36.35,0.08,1909,0.921875,RETURNED
14,0,256,0.9765625,3,35.97,0.2,35.77,0.0,1914,0.953125,LOST
14,0,256,0.9765625,4,35.78,0.24,35.41,0.13,1896,0.953125,RETURNED
14,0,256,0.96875,5,36.28,0.26,36.02,0.0,1922,0.953125,LOST
14,0,256,0.9921875,6,35.72,0.16,35.44,0.11,1889,0.9765625,RETURNED
14,1,256,0.89453125,0,35.51,0.17,35.14,0.19,1908,0.6328125,RETURNED
14,1,256,0.9453125,1,35.37,0.17,35.08,0.11,1907,0.890625,RETURNED
14,1,256,0.94140625,2,36.27,0.09,36.1,0.09,1909,0.87890625,RETURNED
14,1,256,0.96875,3,35.53,0.17,35.36,0.0,1914,0.9296875,LOST
14,1,256,0.96484375,4,35.33,0.22,34.99,0.12,1896,0.9453125,RETURNED
14,1,256,0.9609375,5,35.71,0.18,35.53,0.0,1922,0.94140625,LOST
14,1,256,0.9921875,6,35.64,0.16,35.36,0.11,1889,0.9765625,RETURNED
14,2,256,0.91015625,0,35.92,0.19,35.62,0.11,1908,0.60546875,RETURNED
14,2,256,0.953125,1,35.82,0.18,35.53,0.11,1907,0.90625,RETURNED
14,2,256,0.953125,2,36.84,0.17,36.55,0.12,1909,0.8828125,RETURNED
14,2,256,0.984375,3,36.02,0.15,35.86,0.0,1914,0.94921875,LOST
14,2,256,0.97265625,4,35.73,0.17,35.45,0.12,1896,0.94140625,RETURNED
14,2,256,0.9765625,5,36.21,0.17,36.04,0.0,1922,0.95703125,LOST
14,2,256,1.0,6,30.09,0.16,29.78,0.15,1584,0.97265625,RETURNED
14,3,256,0.90625,0,35.68,0.18,35.37,0.14,1908,0.6171875,RETURNED
14,3,256,0.9296875,1,35.45,0.16,35.21,0.08,1907,0.859375,RETURNED
14,3,256,0.8984375,2,36.72,0.18,36.4,0.14,1909,0.6328125,RETURNED
14,3,256,0.96484375,3,35.78,0.25,35.53,0.0,1914,0.9453125,LOST
14,3,256,0.97265625,4,35.39,0.14,35.13,0.12,1896,0.953125,RETURNED
14,3,256,0.97265625,5,35.89,0.19,35.7,0.0,1922,0.97265625,LOST
14,3,256,0.98046875,6,35.72,0.13,35.47,0.12,1889,0.97265625,RETURNED
15,413.56,0.28
15,0,256,0.91015625,0,36.63,0.17,36.39,0.07,1908,0.625,RETURNED
15,0,256,0.953125,1,37.32,0.17,37.04,0.11,1907,0.8359375,RETURNED
15,0,256,0.9453125,2,36.96,0.26,36.58,0.12,1909,0.88671875,RETURNED
15,0,256,0.9453125,3,36.64,0.17,36.48,0.0,1914,0.96484375,LOST
15,0,256,0.99609375,4,36.67,0.21,36.33,0.12,1896,0.96484375,RETURNED
15,0,256,0.98828125,5,36.81,0.22,36.59,0.0,1922,0.96875,LOST
15,0,256,0.98828125,6,36.73,0.24,36.37,0.12,1889,0.9765625,RETURNED
15,0,256,0.98828125,7,36.04,0.19,35.69,0.16,1882,0.9765625,RETURNED
15,0,256,0.98828125,8,36.53,0.19,36.34,0.0,1905,0.98828125,LOST
15,0,256,0.9921875,9,36.9,0.21,36.53,0.17,1928,0.99609375,RETURNED
15,1,256,0.88671875,0,35.74,0.16,35.48,0.11,1908,0.62890625,RETURNED
15,1,256,0.88671875,1,36.58,0.17,36.34,0.06,1907,0.62890625,RETURNED
15,1,256,0.97265625,2,36.17,0.15,35.86,0.15,1909,0.9375,RETURNED
15,1,256,0.98046875,3,36.17,0.24,35.93,0.0,1914,0.953125,LOST
15,1,256,0.97265625,4,35.75,0.16,35.45,0.13,1896,0.9453125,RETURNED
15,1,256,0.9921875,5,35.88,0.18,35.7,0.0,1922,0.9765625,LOST
15,1,256,0.984375,6,36.19,0.17,35.88,0.13,1889,0.96875,RETURNED
15,1,256,0.98828125,7,35.61,0.48,34.98,0.14,1882,0.98046875,RETURNED
15,1,256,0.98828125,8,36.13,0.17,35.96,0.0,1905,0.9921875,LOST
15,1,256,0.98828125,9,36.2,0.17,35.9,0.14,1928,0.9921875,RETURNED
15,1,256,0.9921875,10,35.71,0.17,35.54,0.0,1910,0.99609375,LOST
15,2,256,0.90234375,0,36.0,0.16,35.63,0.21,1908,0.61328125,RETURNED
15,2,256,0.96484375,1,36.51,0.21,36.18,0.12,1907,0.890625,RETURNED
15,2,256,0.96875,2,36.16,0.26,35.76,0.13,1909,0.8828125,RETURNED
15,2,256,0.9765625,3,35.93,0.17,35.76,0.0,1914,0.9453125,LOST
15,2,256,0.9765625,4,35.86,0.15,35.48,0.22,1896,0.96484375,RETURNED
15,2,256,0.98046875,5,36.08,0.16,35.92,0.0,1922,0.96875,LOST
15,2,256,0.9765625,6,36.43,0.19,36.11,0.13,1889,0.95703125,RETURNED
15,2,256,0.984375,7,35.43,0.2,35.11,0.12,1882,0.9765625,RETURNED
15,2,256,0.9921875,8,36.14,0.21,35.93,0.0,1905,0.984375,LOST
15,2,256,0.99609375,9,36.17,0.17,35.89,0.11,1928,0.99609375,RETURNED
15,2,256,1.0,10,1.16,0.18,0.86,0.12,46,0.99609375,RETURNED
15,3,256,0.90234375,0,35.41,0.15,35.13,0.13,1908,0.625,RETURNED
15,3,256,0.9453125,1,36.1,0.17,35.81,0.12,1907,0.84375,RETURNED
15,3,256,0.94921875,2,35.75,0.23,35.44,0.09,1909,0.75390625,RETURNED
15,3,256,0.96484375,3,35.59,0.25,35.34,0.0,1914,0.94140625,LOST
15,3,256,0.96875,4,35.27,0.2,34.94,0.13,1896,0.9375,RETURNED
15,3,256,0.99609375,5,35.83,0.29,35.54,0.0,1922,0.9765625,LOST
15,3,256,0.9921875,6,35.96,0.11,35.73,0.12,1889,0.96875,RETURNED
15,3,256,0.99609375,7,35.14,0.14,34.92,0.08,1882,0.9921875,RETURNED
15,3,256,0.99609375,8,35.66,0.12,35.54,0.0,1905,0.99609375,LOST
15,3,256,0.9921875,9,35.85,0.17,35.55,0.13,1928,0.9921875,RETURNED
15,3,256,0.99609375,10,35.56,0.36,35.2,0.0,1910,0.9921875,LOST
16,249.01,0.31
16,0,256,0.921875,0,53.34,0.18,52.99,0.17,1908,0.62109375,RETURNED
16,0,256,0.890625,1,52.73,0.19,52.41,0.13,1907,0.61328125,RETURNED
16,0,256,0.9609375,2,52.66,0.21,52.32,0.13,1909,0.8984375,RETURNED
16,0,256,0.984375,3,52.04,0.22,51.81,0.0,1914,0.97265625,LOST
16,1,256,0.90234375,0,53.59,0.18,53.32,0.09,1908,0.6171875,RETURNED
16,1,256,0.9375,1,53.82,0.19,53.47,0.16,1907,0.86328125,RETURNED
16,1,256,0.98046875,2,50.76,0.31,50.31,0.14,1909,0.94921875,RETURNED
16,1,256,1.0,3,36.23,0.14,35.99,0.1,1317,0.98046875,RETURNED
16,2,256,0.90625,0,52.63,0.25,52.22,0.17,1908,0.62890625,RETURNED
16,2,256,0.953125,1,52.58,0.2,52.22,0.16,1907,0.8203125,RETURNED
16,2,256,0.9765625,2,52.14,0.25,51.75,0.14,1909,0.94140625,RETURNED
16,2,256,0.97265625,3,51.61,0.15,51.45,0.0,1914,0.9453125,LOST
16,3,256,0.8984375,0,52.94,0.22,52.59,0.13,1908,0.625,RETURNED
16,3,256,0.96484375,1,52.18,0.11,51.95,0.12,1907,0.9140625,RETURNED
16,3,256,0.97265625,2,50.07,0.16,49.71,0.2,1909,0.94921875,RETURNED
16,3,256,0.98046875,3,51.95,0.18,51.78,0.0,1914,0.95703125,LOST
17,447.63,0.48
17,0,256,0.93359375,0,54.51,0.22,54.14,0.15,1908,0.66015625,RETURNED
17,0,256,0.89453125,1,50.87,0.2,50.46,0.21,1907,0.62109375,RETURNED
17,0,256,0.98046875,2,51.84,0.13,51.57,0.14,1909,0.97265625,RETURNED
17,0,256,0.9765625,3,52.91,0.12,52.79,0.0,1914,0.96484375,LOST
17,0,256,0.984375,4,55.77,0.15,55.4,0.21,1896,0.97265625,RETURNED
17,0,256,0.99609375,5,51.81,0.17,51.64,0.0,1922,0.99609375,LOST
17,0,256,0.98828125,6,56.33,0.17,56.01,0.15,1889,0.984375,RETURNED
17,0,256,0.9921875,7,52.13,0.16,51.84,0.13,1882,0.98828125,RETURNED
17,1,256,0.91015625,0,54.52,0.18,54.18,0.16,1908,0.6328125,RETURNED
17,1,256,0.9609375,1,52.0,0.21,51.63,0.15,1907,0.8671875,RETURNED
17,1,256,0.95703125,2,53.32,0.25,52.95,0.12,1909,0.91015625,RETURNED
17,1,256,0.9765625,3,52.45,0.21,52.24,0.0,1914,0.9609375,LOST
17,1,256,0.984375,4,53.79,0.22,53.16,0.41,1896,0.9609375,RETURNED
17,1,256,0.99609375,5,52.57,0.17,52.41,0.0,1922,0.9765625,LOST
17,1,256,0.9921875,6,56.49,0.17,56.17,0.15,1889,0.984375,RETURNED
17,1,256,0.9921875,7,51.59,0.26,51.16,0.17,1882,0.98828125,RETURNED
17,2,256,0.9296875,0,53.47,0.22,53.12,0.13,1908,0.625,RETURNED
17,2,256,0.97265625,1,52.09,0.25,51.69,0.15,1907,0.86328125,RETURNED
17,2,256,0.98046875,2,51.43,0.18,51.09,0.16,1909,0.96484375,RETURNED
17,2,256,0.9609375,3,52.62,0.13,52.49,0.0,1914,0.9296875,LOST
17,2,256,0.99609375,4,53.02,0.26,52.55,0.22,1896,0.98046875,RETURNED
17,2,256,0.99609375,5,52.75,0.17,52.58,0.0,1922,0.99609375,LOST
17,2,256,0.99609375,6,55.8,0.18,55.46,0.16,1889,0.99609375,RETURNED
17,2,256,0.984375,7,52.08,0.24,51.71,0.13,1882,0.96875,RETURNED
17,3,256,0.91015625,0,54.24,0.22,53.86,0.16,1908,0.6171875,RETURNED
17,3,256,0.9296875,1,51.09,0.17,50.78,0.14,1907,0.66796875,RETURNED
17,3,256,0.96875,2,52.45,0.17,52.15,0.14,1909,0.92578125,RETURNED
17,3,256,0.96484375,3,53.38,0.25,53.13,0.0,1914,0.92578125,LOST
17,3,256,0.984375,4,55.7,0.18,55.39,0.13,1896,0.98046875,RETURNED
17,3,256,0.98828125,5,52.3,0.18,52.12,0.0,1922,0.984375,LOST
17,3,256,0.99609375,6,54.51,0.18,54.21,0.12,1889,0.9921875,RETURNED
17,3,256,1.0,7,22.46,0.18,22.13,0.16,757,0.99609375,RETURNED
18,255.87,0.27
18,0,256,0.921875,0,32.73,0.12,32.43,0.18,1908,0.6328125,RETURNED
18,0,256,0.97265625,1,32.26,0.17,32.02,0.07,1907,0.92578125,RETURNED
18,0,256,0.9609375,2,32.51,0.21,32.2,0.11,1909,0.875,RETURNED
18,0,256,0.97265625,3,32.59,0.29,32.3,0.0,1914,0.96484375,LOST
18,0,256,0.9765625,4,32.56,0.17,32.2,0.19,1896,0.94140625,RETURNED
18,0,256,0.9921875,5,32.56,0.15,32.4,0.0,1922,0.9765625,LOST
18,0,256,1.0,6,27.86,0.24,27.5,0.11,1625,0.9765625,RETURNED
18,1,256,0.92578125,0,32.3,0.17,31.92,0.22,1908,0.625,RETURNED
18,1,256,0.90234375,1,32.19,0.33,31.69,0.18,1907,0.6171875,RETURNED
18,1,256,0.94921875,2,32.25,0.24,31.88,0.13,1909,0.90625,RETURNED
18,1,256,0.96484375,3,32.18,0.18,32.0,0.0,1914,0.96875,LOST
18,1,256,0.9765625,4,32.17,0.16,31.84,0.18,1896,0.96875,RETURNED
18,1,256,0.984375,5,32.28,0.16,32.11,0.0,1922,0.9765625,LOST
18,1,256,0.9921875,6,31.95,0.16,31.65,0.13,1889,0.94921875,RETURNED
18,2,256,0.921875,0,33.14,0.17,32.86,0.11,1908,0.6328125,RETURNED
18,2,256,0.96875,1,32.82,0.17,32.53,0.13,1907,0.90625,RETURNED
18,2,256,0.96875,2,33.83,0.26,33.45,0.12,1909,0.890625,RETURNED
18,2,256,0.98046875,3,33.56,0.17,33.39,0.0,1914,0.96875,LOST
18,2,256,0.94921875,4,32.82,0.19,32.5,0.13,1896,0.91796875,RETURNED
18,2,256,0.9921875,5,33.12,0.17,32.95,0.0,1922,0.9765625,LOST
18,2,256,0.99609375,6,32.83,0.21,32.37,0.25,1889,0.95703125,RETURNED
18,3,256,0.9140625,0,32.85,0.17,32.54,0.14,1908,0.61328125,RETURNED
18,3,256,0.953125,1,32.51,0.16,32.17,0.18,1907,0.83984375,RETURNED
18,3,256,0.94921875,2,32.92,0.24,32.53,0.14,1909,0.94921875,RETURNED
18,3,256,0.984375,3,32.61,0.23,32.38,0.0,1914,0.96875,LOST
18,3,256,0.9765625,4,32.68,0.25,32.24,0.19,1896,0.95703125,RETURNED
18,3,256,0.98046875,5,32.74,0.19,32.55,0.0,1922,0.97265625,LOST
18,3,256,0.98828125,6,32.4,0.2,32.11,0.1,1889,0.9765625,RETURNED
19,319.52,0.27
19,0,256,0.890625,0,31.05,0.21,30.59,0.25,1908,0.61328125,RETURNED
19,0,256,0.9453125,1,30.78,0.16,30.48,0.13,1907,0.890625,RETURNED
19,0,256,0.9609375,2,31.15,0.24,30.75,0.15,1909,0.81640625,RETURNED
19,0,256,0.98046875,3,31.05,0.19,30.86,0.0,1914,0.9765625,LOST
19,0,256,0.96875,4,30.85,0.21,30.47,0.17,1896,0.9609375,RETURNED
19,0,256,0.9765625,5,31.02,0.16,30.86,0.0,1922,0.98046875,LOST
19,0,256,0.984375,6,31.3,0.39,30.72,0.19,1889,0.97265625,RETURNED
19,0,256,0.99609375,7,30.64,0.16,30.36,0.12,1882,0.98828125,RETURNED
19,0,256,1.0,8,21.98,0.27,21.71,0.0,1352,0.99609375,LOST
19,1,256,0.91796875,0,30.49,0.18,30.16,0.16,1908,0.6171875,RETURNED
19,1,256,0.93359375,1,30.5,0.3,30.09,0.11,1907,0.80859375,RETURNED
19,1,256,0.98046875,2,30.73,0.23,30.4,0.11,1909,0.94140625,RETURNED
19,1,256,0.9609375,3,30.61,0.24,30.37,0.0,1914,0.94921875,LOST
19,1,256,0.97265625,4,30.24,0.15,29.94,0.15,1896,0.94921875,RETURNED
19,1,256,0.9609375,5,30.55,0.15,30.4,0.0,1922,0.94140625,LOST
19,1,256,0.99609375,6,30.62,0.23,30.27,0.13,1889,0.97265625,RETURNED
19,1,256,0.9921875,7,30.15,0.11,29.85,0.2,1882,0.984375,RETURNED
19,1,256,0.99609375,8,30.35,0.1,30.25,0.0,1905,0.99609375,LOST
19,1,256,1.0,9,7.52,0.1,7.42,0.0,462,0.99609375,LOST
19,2,256,0.9140625,0,30.61,0.29,30.2,0.13,1908,0.6171875,RETURNED
19,2,256,0.890625,1,30.56,0.27,30.17,0.13,1907,0.640625,RETURNED
19,2,256,0.92578125,2,30.72,0.17,30.39,0.16,1909,0.875,RETURNED
19,2,256,0.9609375,3,30.63,0.19,30.44,0.0,1914,0.91796875,LOST
19,2,256,0.984375,4,30.34,0.17,30.05,0.12,1896,0.98046875,RETURNED
19,2,256,0.9609375,5,30.48,0.11,30.37,0.0,1922,0.92578125,LOST
19,2,256,0.96484375,6,30.48,0.11,30.25,0.12,1889,0.91015625,RETURNED
19,2,256,0.9921875,7,30.11,0.17,29.81,0.13,1882,0.98828125,RETURNED
19,2,256,0.98828125,8,30.41,0.27,30.14,0.0,1905,0.9921875,LOST
19,2,256,1.0,9,7.55,0.16,7.38,0.0,462,0.99609375,LOST
19,3,256,0.9375,0,30.53,0.18,30.28,0.07,1908,0.62890625,RETURNED
19,3,256,0.94921875,1,30.84,0.17,30.25,0.42,1907,0.90625,RETURNED
19,3,256,0.94140625,2,30.79,0.11,30.53,0.16,1909,0.87109375,RETURNED
19,3,256,0.97265625,3,30.71,0.19,30.51,0.0,1914,0.9453125,LOST
19,3,256,0.98828125,4,30.25,0.11,30.07,0.07,1896,0.96484375,RETURNED
19,3,256,0.984375,5,30.54,0.09,30.45,0.0,1922,0.98828125,LOST
19,3,256,0.99609375,6,30.69,0.21,30.34,0.13,1889,0.9921875,RETURNED
19,3,256,0.99609375,7,35.37,0.21,29.99,5.18,1882,0.98828125,RETURNED
19,3,256,1.0,8,21.68,0.22,21.46,0.0,1352,0.99609375,LOST
20,355.73,0.29
20,0,256,0.90234375,0,35.68,0.11,35.39,0.18,1908,0.625,RETURNED
20,0,256,0.9453125,1,35.54,0.3,35.11,0.12,1907,0.83203125,RETURNED
20,0,256,0.9453125,2,35.48,0.17,35.19,0.12,1909,0.87890625,RETURNED
20,0,256,0.9765625,3,35.38,0.15,35.23,0.0,1914,0.9453125,LOST
20,0,256,0.9765625,4,45.76,0.17,35.29,10.3,1896,0.94921875,RETURNED
20,0,256,0.9765625,5,35.6,0.17,35.43,0.0,1922,0.97265625,LOST
20,0,256,0.99609375,6,35.3,0.17,34.98,0.15,1889,0.98046875,RETURNED
20,0,256,0.99609375,7,35.02,0.17,34.73,0.12,1882,0.98046875,RETURNED
20,0,256,0.99609375,8,35.68,0.24,35.44,0.0,1905,0.99609375,LOST
20,1,256,0.8984375,0,35.91,0.15,35.55,0.21,1908,0.625,RETURNED
20,1,256,0.91796875,1,35.76,0.23,35.47,0.07,1907,0.63671875,RETURNED
20,1,256,0.96484375,2,35.67,0.24,35.36,0.07,1909,0.92578125,RETURNED
20,1,256,0.9765625,3,35.77,0.29,35.48,0.0,1914,0.96484375,LOST
20,1,256,0.98828125,4,45.83,0.16,35.55,10.13,1896,0.96875,RETURNED
20,1,256,0.9765625,5,36.05,0.25,35.8,0.0,1922,0.97265625,LOST
20,1,256,0.99609375,6,35.75,0.22,35.27,0.26,1889,0.98046875,RETURNED
20,1,256,0.99609375,7,35.15,0.1,34.94,0.11,1882,0.99609375,RETURNED
20,1,256,0.99609375,8,35.82,0.24,35.58,0.0,1905,0.99609375,LOST
20,2,256,0.88671875,0,36.6,0.19,36.12,0.29,1908,0.6328125,RETURNED
20,2,256,0.96484375,1,36.26,0.19,35.79,0.29,1907,0.88671875,RETURNED
20,2,256,0.97265625,2,36.09,0.17,35.81,0.11,1909,0.92578125,RETURNED
20,2,256,0.953125,3,36.17,0.16,36.01,0.0,1914,0.921875,LOST
20,2,256,0.98046875,4,46.42,0.22,35.99,10.21,1896,0.95703125,RETURNED
20,2,256,0.98046875,5,36.42,0.16,36.27,0.0,1922,0.9765625,LOST
20,2,256,0.9765625,6,36.17,0.17,35.88,0.12,1889,0.9609375,RETURNED
20,2,256,0.99609375,7,36.03,0.17,35.75,0.11,1882,0.9921875,RETURNED
20,2,256,1.0,8,11.23,0.38,10.85,0.0,576,0.99609375,LOST
20,3,256,0.8984375,0,34.65,0.17,34.37,0.11,1908,0.62109375,RETURNED
20,3,256,0.93359375,1,34.57,0.18,34.27,0.12,1907,0.859375,RETURNED
20,3,256,0.97265625,2,34.92,0.36,34.4,0.17,1909,0.93359375,RETURNED
20,3,256,0.98828125,3,34.58,0.17,34.4,0.0,1914,0.97265625,LOST
20,3,256,0.98828125,4,44.91,0.24,34.49,10.18,1896,0.97265625,RETURNED
20,3,256,0.984375,5,34.87,0.16,34.7,0.0,1922,0.98828125,LOST
20,3,256,0.99609375,6,34.59,0.24,34.23,0.12,1889,0.97265625,RETURNED
20,3,256,0.984375,7,37.17,0.41,33.83,2.93,1882,0.9765625,RETURNED
20,3,256,0.99609375,8,34.82,0.22,34.59,0.0,1905,0.984375,LOST
21,336.61,0.27
21,0,256,0.90234375,0,34.86,0.22,34.47,0.17,1908,0.6171875,RETURNED
21,0,256,0.94140625,1,34.6,0.16,34.28,0.16,1907,0.859375,RETURNED
21,0,256,0.9375,2,34.66,0.17,34.36,0.13,1909,0.78125,RETURNED
21,0,256,0.96875,3,34.55,0.23,34.32,0.0,1914,0.94921875,LOST
21,0,256,0.97265625,4,34.47,0.21,34.13,0.13,1896,0.94921875,RETURNED
21,0,256,0.984375,5,35.0,0.19,34.82,0.0,1922,0.95703125,LOST
21,0,256,0.9921875,6,34.42,0.16,34.07,0.19,1889,0.96484375,RETURNED
21,0,256,0.99609375,7,34.4,0.23,34.05,0.12,1882,0.98046875,RETURNED
21,0,256,0.98828125,8,34.86,0.25,34.61,0.0,1905,0.99609375,LOST
21,1,256,0.90625,0,34.37,0.24,34.01,0.11,1908,0.609375,RETURNED
21,1,256,0.90625,1,34.4,0.28,33.89,0.23,1907,0.74609375,RETURNED
21,1,256,0.95703125,2,34.44,0.3,33.97,0.18,1909,0.90625,RETURNED
21,1,256,0.90234375,3,34.01,0.15,33.85,0.0,1914,0.63671875,LOST
21,1,256,0.98046875,4,34.29,0.24,33.79,0.26,1896,0.96484375,RETURNED
21,1,256,0.9921875,5,34.63,0.16,34.47,0.0,1922,0.984375,LOST
21,1,256,0.98828125,6,34.05,0.17,33.74,0.14,1889,0.98046875,RETURNED
21,1,256,0.9921875,7,34.11,0.14,33.8,0.17,1882,0.98828125,RETURNED
21,1,256,1.0,8,27.53,0.11,27.43,0.0,1526,0.9921875,LOST
21,2,256,0.90625,0,34.6,0.16,34.37,0.07,1908,0.61328125,RETURNED
21,2,256,0.93359375,1,34.24,0.09,34.09,0.07,1907,0.76171875,RETURNED
21,2,256,0.95703125,2,34.43,0.15,34.21,0.06,1909,0.92578125,RETURNED
21,2,256,0.96484375,3,34.38,0.28,34.1,0.0,1914,0.9375,LOST
21,2,256,0.96875,4,34.35,0.32,33.91,0.12,1896,0.9609375,RETURNED
21,2,256,0.9609375,5,34.84,0.16,34.68,0.0,1922,0.94921875,LOST
21,2,256,0.98828125,6,34.07,0.12,33.84,0.12,1889,0.98046875,RETURNED
21,2,256,0.9921875,7,34.28,0.22,33.92,0.14,1882,0.97265625,RETURNED
21,2,256,0.984375,8,34.66,0.2,34.46,0.0,1905,0.9921875,LOST
21,3,256,0.90625,0,34.55,0.2,34.15,0.19,1908,0.61328125,RETURNED
21,3,256,0.94921875,1,34.19,0.16,33.96,0.08,1907,0.86328125,RETURNED
21,3,256,0.96484375,2,34.48,0.23,34.09,0.15,1909,0.9140625,RETURNED
21,3,256,0.9609375,3,34.23,0.16,34.07,0.0,1914,0.94140625,LOST
21,3,256,0.98046875,4,34.12,0.1,33.82,0.19,1896,0.953125,RETURNED
21,3,256,0.98046875,5,34.78,0.2,34.58,0.0,1922,0.94921875,LOST
21,3,256,0.98046875,6,33.97,0.2,33.69,0.08,1889,0.953125,RETURNED
21,3,256,0.98828125,7,34.24,0.25,33.89,0.1,1882,0.98046875,RETURNED
21,3,256,1.0,8,22.0,0.24,21.76,0.0,1209,0.9921875,LOST
22,359.23,0.26
22,0,256,0.9140625,0,30.68,0.18,30.35,0.15,1908,0.6328125,RETURNED
22,0,256,0.953125,1,30.58,0.2,30.27,0.12,1907,0.9140625,RETURNED
22,0,256,0.9453125,2,30.75,0.24,30.35,0.16,1909,0.90625,RETURNED
22,0,256,0.9609375,3,30.75,0.3,30.45,0.0,1914,0.9453125,LOST
22,0,256,0.97265625,4,31.18,0.2,30.69,0.29,1896,0.94140625,RETURNED
22,0,256,0.98046875,5,30.58,0.1,30.48,0.0,1922,0.9765625,LOST
22,0,256,0.98046875,6,30.52,0.2,30.18,0.14,1889,0.97265625,RETURNED
22,0,256,0.9921875,7,30.06,0.15,29.79,0.12,1882,0.97265625,RETURNED
22,0,256,0.984375,8,31.07,0.19,30.88,0.0,1905,0.99609375,LOST
22,0,256,0.99609375,9,31.13,0.32,30.69,0.12,1928,0.99609375,RETURNED
22,0,256,0.99609375,10,30.48,0.17,30.31,0.0,1910,0.99609375,LOST
22,1,256,0.91796875,0,30.47,0.2,30.14,0.12,1908,0.61328125,RETURNED
22,1,256,0.9296875,1,30.4,0.19,30.08,0.13,1907,0.90625,RETURNED
22,1,256,0.97265625,2,30.45,0.15,30.15,0.14,1909,0.890625,RETURNED
22,1,256,0.96875,3,30.37,0.1,30.27,0.0,1914,0.921875,LOST
22,1,256,0.984375,4,31.02,0.38,30.5,0.14,1896,0.96875,RETURNED
22,1,256,0.98046875,5,30.82,0.42,30.41,0.0,1922,0.97265625,LOST
22,1,256,0.98828125,6,30.26,0.11,30.03,0.12,1889,0.9765625,RETURNED
22,1,256,0.984375,7,30.01,0.19,29.7,0.12,1882,0.9765625,RETURNED
22,1,256,0.99609375,8,31.06,0.28,30.78,0.0,1905,0.99609375,LOST
22,1,256,0.99609375,9,30.83,0.17,30.53,0.13,1928,0.99609375,RETURNED
22,1,256,1.0,10,2.23,0.16,1.95,0.12,121,0.9921875,RETURNED
22,2,256,0.90625,0,30.63,0.22,30.29,0.12,1908,0.61328125,RETURNED
22,2,256,0.95703125,1,30.61,0.19,30.22,0.2,1907,0.875,RETURNED
22,2,256,0.9765625,2,30.53,0.16,30.26,0.11,1909,0.9140625,RETURNED
22,2,256,0.98046875,3,30.57,0.22,30.35,0.0,1914,0.96484375,LOST
22,2,256,0.9765625,4,30.98,0.21,30.64,0.13,1896,0.9453125,RETURNED
22,2,256,0.99609375,5,30.57,0.14,30.42,0.0,1922,0.984375,LOST
22,2,256,0.98828125,6,30.42,0.19,30.1,0.12,1889,0.97265625,RETURNED
22,2,256,0.99609375,7,30.16,0.2,29.72,0.23,1882,0.98828125,RETURNED
22,2,256,0.984375,8,30.96,0.16,30.81,0.0,1905,0.98828125,LOST
22,2,256,0.9921875,9,30.99,0.22,30.58,0.2,1928,0.99609375,RETURNED
22,2,256,0.9921875,10,30.47,0.21,30.26,0.0,1910,0.99609375,LOST
22,3,256,0.90625,0,30.54,0.18,30.24,0.12,1908,0.625,RETURNED
22,3,256,0.94140625,1,30.59,0.29,30.18,0.12,1907,0.90625,RETURNED
22,3,256,0.97265625,2,30.67,0.29,30.24,0.14,1909,0.9296875,RETURNED
22,3,256,0.98046875,3,30.43,0.1,30.33,0.0,1914,0.95703125,LOST
22,3,256,0.97265625,4,30.87,0.19,30.56,0.12,1896,0.9453125,RETURNED
22,3,256,0.9765625,5,30.6,0.18,30.41,0.0,1922,0.96484375,LOST
22,3,256,0.99609375,6,30.42,0.24,30.08,0.1,1889,0.9765625,RETURNED
22,3,256,0.98828125,7,29.99,0.17,29.69,0.12,1882,0.9765625,RETURNED
22,3,256,0.9765625,8,30.91,0.16,30.75,0.0,1905,0.9765625,LOST
22,3,256,0.99609375,9,30.98,0.21,30.6,0.17,1928,0.99609375,RETURNED
22,3,256,0.99609375,10,30.35,0.09,30.26,0.0,1910,0.99609375,LOST
23,303.85,0.31
23,0,256,0.8984375,0,37.01,0.2,36.65,0.16,1908,0.62109375,RETURNED
23,0,256,0.953125,1,36.88,0.15,36.56,0.17,1907,0.921875,RETURNED
23,0,256,0.984375,2,36.74,0.15,36.48,0.1,1909,0.94140625,RETURNED
23,0,256,0.9765625,3,36.76,0.16,36.6,0.0,1914,0.953125,LOST
23,0,256,0.984375,4,36.72,0.24,36.25,0.23,1896,0.953125,RETURNED
23,0,256,0.99609375,5,37.8,0.33,37.48,0.0,1922,0.984375,LOST
23,0,256,0.98828125,6,36.68,0.27,36.29,0.12,1889,0.96875,RETURNED
23,1,256,0.90625,0,35.39,0.24,35.02,0.13,1908,0.6171875,RETURNED
23,1,256,0.953125,1,35.73,0.19,35.02,0.51,1907,0.8515625,RETURNED
23,1,256,0.96484375,2,35.36,0.22,35.02,0.12,1909,0.78125,RETURNED
23,1,256,0.96484375,3,35.19,0.17,35.02,0.0,1914,0.95703125,LOST
23,1,256,0.9921875,4,35.34,0.25,34.91,0.18,1896,0.984375,RETURNED
23,1,256,0.98828125,5,35.89,0.17,35.72,0.0,1922,0.9921875,LOST
23,1,256,0.99609375,6,35.04,0.16,34.64,0.24,1889,0.98828125,RETURNED
23,1,256,1.0,7,1.6,0.24,1.36,0.0,74,0.99609375,LOST
23,2,256,0.921875,0,35.22,0.23,34.82,0.17,1908,0.62109375,RETURNED
23,2,256,0.94921875,1,35.11,0.19,34.81,0.11,1907,0.90625,RETURNED
23,2,256,0.8828125,2,35.65,0.7,34.72,0.24,1909,0.625,RETURNED
23,2,256,0.98046875,3,35.2,0.11,35.08,0.0,1914,0.953125,LOST
23,2,256,0.99609375,4,34.96,0.23,34.54,0.18,1896,0.984375,RETURNED
23,2,256,0.98828125,5,35.86,0.22,35.64,0.0,1922,0.9765625,LOST
23,2,256,0.97265625,6,34.97,0.24,34.56,0.18,1889,0.9609375,RETURNED
23,2,256,0.99609375,7,34.66,0.16,34.36,0.13,1882,0.99609375,RETURNED
23,3,256,0.90625,0,34.67,0.26,34.2,0.21,1908,0.62109375,RETURNED
23,3,256,0.9609375,1,34.37,0.16,34.08,0.12,1907,0.8828125,RETURNED
23,3,256,0.96875,2,34.44,0.11,34.22,0.11,1909,0.90234375,RETURNED
23,3,256,0.96484375,3,34.5,0.16,34.34,0.0,1914,0.9609375,LOST
23,3,256,0.9921875,4,34.2,0.16,33.92,0.12,1896,0.98046875,RETURNED
23,3,256,0.98828125,5,35.28,0.13,35.15,0.0,1922,0.9765625,LOST
23,3,256,0.984375,6,34.27,0.16,34.01,0.11,1889,0.98046875,RETURNED
23,3,256,0.984375,7,34.23,0.2,33.86,0.17,1882,0.97265625,RETURNED
24,266.84,0.27
24,0,256,0.890625,0,30.72,0.17,30.43,0.12,1908,0.625,RETURNED
24,0,256,0.921875,1,30.5,0.28,30.13,0.09,1907,0.6328125,RETURNED
24,0,256,0.91015625,2,31.06,0.38,30.61,0.07,1909,0.7890625,RETURNED
24,0,256,0.96484375,3,30.31,0.09,30.22,0.0,1914,0.9453125,LOST
24,0,256,0.95703125,4,30.34,0.18,29.99,0.17,1896,0.92578125,RETURNED
24,0,256,0.96875,5,30.57,0.16,30.41,0.0,1922,0.94921875,LOST
24,0,256,0.98046875,6,30.47,0.17,30.18,0.12,1889,0.96484375,RETURNED
24,0,256,0.9921875,7,30.2,0.19,29.84,0.17,1882,0.984375,RETURNED
24,1,256,0.890625,0,30.86,0.16,30.48,0.21,1908,0.6328125,RETURNED
24,1,256,0.93359375,1,30.78,0.34,30.18,0.25,1907,0.90234375,RETURNED
24,1,256,0.96875,2,31.06,0.16,30.73,0.17,1909,0.92578125,RETURNED
24,1,256,0.97265625,3,30.52,0.27,30.25,0.0,1914,0.9453125,LOST
24,1,256,0.984375,4,30.28,0.1,30.02,0.16,1896,0.94921875,RETURNED
24,1,256,0.98046875,5,30.65,0.21,30.43,0.0,1922,0.9765625,LOST
24,1,256,0.97265625,6,30.52,0.17,30.24,0.12,1889,0.95703125,RETURNED
24,1,256,0.98828125,7,30.24,0.15,29.97,0.11,1882,0.96484375,RETURNED
24,2,256,0.90625,0,30.81,0.16,30.52,0.13,1908,0.609375,RETURNED
24,2,256,0.94921875,1,30.59,0.18,30.3,0.11,1907,0.890625,RETURNED
24,2,256,0.93359375,2,31.0,0.1,30.79,0.11,1909,0.875,RETURNED
24,2,256,0.96484375,3,30.69,0.29,30.4,0.0,1914,0.9296875,LOST
24,2,256,0.96875,4,30.46,0.2,30.12,0.14,1896,0.94921875,RETURNED
24,2,256,0.984375,5,30.67,0.12,30.54,0.0,1922,0.96875,LOST
24,2,256,0.98046875,6,30.59,0.23,30.25,0.11,1889,0.953125,RETURNED
24,2,256,1.0,7,25.66,0.17,25.15,0.33,1573,0.98828125,RETURNED
24,3,256,0.90234375,0,30.97,0.24,30.62,0.11,1908,0.62890625,RETURNED
24,3,256,0.94921875,1,30.71,0.17,30.31,0.24,1907,0.859375,RETURNED
24,3,256,0.953125,2,31.11,0.2,30.8,0.11,1909,0.9296875,RETURNED
24,3,256,0.9609375,3,30.52,0.11,30.41,0.0,1914,0.92578125,LOST
24,3,256,0.98828125,4,30.61,0.31,30.19,0.12,1896,0.96484375,RETURNED
24,3,256,0.98046875,5,30.85,0.19,30.66,0.0,1922,0.96875,LOST
24,3,256,0.98828125,6,30.8,0.33,30.32,0.15,1889,0.9609375,RETURNED
24,3,256,0.9921875,7,30.36,0.17,30.06,0.13,1882,0.98828125,RETURNED
25,298.09,0.27
25,0,256,0.92578125,0,31.58,0.16,31.12,0.3,1908,0.62890625,RETURNED
25,0,256,0.92578125,1,30.72,0.15,30.45,0.12,1907,0.875,RETURNED
25,0,256,0.9609375,2,31.61,0.16,31.33,0.12,1909,0.9296875,RETURNED
25,0,256,0.9609375,3,31.52,0.16,31.36,0.0,1914,0.9609375,LOST
25,0,256,0.984375,4,30.95,0.15,30.54,0.26,1896,0.96484375,RETURNED
25,0,256,0.98046875,5,31.3,0.19,31.11,0.0,1922,0.96484375,LOST
25,0,256,0.9921875,6,30.25,0.12,30.01,0.12,1889,0.98046875,RETURNED
25,1,256,0.890625,0,31.51,0.13,31.27,0.12,1908,0.62890625,RETURNED
25,1,256,0.96875,1,30.83,0.2,30.48,0.15,1907,0.90234375,RETURNED
25,1,256,0.9765625,2,30.79,0.17,30.5,0.12,1909,0.9453125,RETURNED
25,1,256,0.98046875,3,30.71,0.23,30.49,0.0,1914,0.953125,LOST
25,1,256,0.984375,4,30.77,0.13,30.57,0.07,1896,0.97265625,RETURNED
25,1,256,0.98828125,5,30.84,0.25,30.59,0.0,1922,0.984375,LOST
25,1,256,0.98828125,6,30.97,0.24,30.55,0.18,1889,0.98046875,RETURNED
25,1,256,0.98828125,7,30.07,0.17,29.77,0.12,1882,0.96484375,RETURNED
25,2,256,0.91796875,0,31.42,0.22,31.0,0.2,1908,0.6484375,RETURNED
25,2,256,0.9375,1,30.58,0.12,30.33,0.13,1907,0.90625,RETURNED
25,2,256,