0,592.25,10.33
0,0,256,0.91796875,0,35.17,0.12,34.91,0.14,1908,0.63671875,RETURNED
0,0,256,0.9296875,1,35.04,0.25,34.79,0.0,1907,0.82421875,LOST
0,0,256,0.96484375,2,35.23,0.24,34.99,0.0,1917,0.90234375,LOST
0,0,256,0.953125,3,35.23,0.11,35.12,0.0,1924,0.8984375,LOST
0,0,256,0.953125,4,34.98,0.25,34.57,0.16,1896,0.91015625,RETURNED
0,0,256,0.98046875,5,35.18,0.15,35.03,0.0,1922,0.92578125,LOST
0,0,256,0.9765625,6,34.52,0.1,34.42,0.0,1889,0.94921875,LOST
0,0,256,0.98046875,7,34.82,0.27,34.43,0.12,1886,0.95703125,RETURNED
0,0,256,0.9921875,8,34.88,0.11,34.78,0.0,1905,0.98046875,LOST
0,0,256,0.9765625,9,35.4,0.11,35.16,0.13,1928,0.97265625,RETURNED
0,0,256,0.984375,10,35.1,0.2,34.9,0.0,1910,0.98828125,LOST
0,0,256,0.99609375,11,34.93,0.12,34.81,0.0,1909,0.98828125,LOST
0,0,256,0.94140625,12,34.95,0.11,34.84,0.0,1910,0.84765625,LOST
0,0,256,0.98828125,13,34.83,0.17,34.67,0.0,1902,0.98828125,LOST
0,0,256,0.96484375,14,35.22,0.2,34.94,0.08,1917,0.921875,RETURNED
0,0,256,0.984375,15,35.99,0.54,35.32,0.13,1942,0.9609375,RETURNED
0,1,256,0.90625,0,35.04,0.13,34.83,0.08,1908,0.625,RETURNED
0,1,256,0.9609375,1,35.09,0.32,34.77,0.0,1907,0.8515625,LOST
0,1,256,0.95703125,2,34.99,0.13,34.86,0.0,1917,0.80859375,LOST
0,1,256,0.94921875,3,35.49,0.46,35.03,0.0,1924,0.87890625,LOST
0,1,256,0.95703125,4,34.74,0.19,34.47,0.08,1896,0.91796875,RETURNED
0,1,256,0.98046875,5,35.2,0.11,35.09,0.0,1922,0.94921875,LOST
0,1,256,0.94921875,6,34.57,0.11,34.46,0.0,1889,0.9296875,LOST
0,1,256,0.97265625,7,34.86,0.26,34.39,0.21,1886,0.921875,RETURNED
0,1,256,0.97265625,8,34.93,0.2,34.73,0.0,1905,0.96875,LOST
0,1,256,0.98046875,9,35.74,0.22,35.19,0.32,1928,0.93359375,RETURNED
0,1,256,0.98046875,10,35.06,0.21,34.85,0.0,1910,0.96484375,LOST
0,1,256,0.99609375,11,34.9,0.17,34.73,0.0,1909,0.98828125,LOST
0,1,256,0.99609375,12,34.94,0.12,34.81,0.0,1910,0.9921875,LOST
0,1,256,0.984375,13,34.73,0.16,34.56,0.0,1902,0.9765625,LOST
0,1,256,0.99609375,14,35.12,0.17,34.83,0.12,1917,0.984375,RETURNED
0,1,256,1.0,15,22.04,0.16,21.66,0.21,1191,0.9921875,RETURNED
0,2,256,0.88671875,0,35.74,0.28,35.36,0.1,1908,0.61328125,RETURNED
0,2,256,0.9453125,1,35.45,0.28,35.17,0.0,1907,0.85546875,LOST
0,2,256,0.96484375,2,35.69,0.3,35.38,0.0,1917,0.890625,LOST
0,2,256,0.95703125,3,35.64,0.11,35.53,0.0,1924,0.91796875,LOST
0,2,256,0.94921875,4,35.2,0.13,34.92,0.15,1896,0.90625,RETURNED
0,2,256,0.95703125,5,35.66,0.25,35.41,0.0,1922,0.9453125,LOST
0,2,256,0.96875,6,35.02,0.14,34.88,0.0,1889,0.93359375,LOST
0,2,256,0.9765625,7,35.27,0.21,34.81,0.25,1886,0.953125,RETURNED
0,2,256,0.99609375,8,35.28,0.12,35.17,0.0,1905,0.98046875,LOST
0,2,256,0.98828125,9,35.83,0.15,35.55,0.13,1928,0.98046875,RETURNED
0,2,256,0.99609375,10,34.9,0.18,34.72,0.0,1910,0.98828125,LOST
0,2,256,0.9921875,11,34.95,0.31,34.63,0.0,1909,0.98828125,LOST
0,2,256,0.99609375,12,34.84,0.12,34.72,0.0,1910,0.98828125,LOST
0,2,256,0.984375,13,35.31,0.26,35.05,0.0,1902,0.9765625,LOST
0,2,256,0.97265625,14,35.62,0.23,35.26,0.14,1917,0.94921875,RETURNED
0,2,256,1.0,15,22.32,0.21,21.96,0.15,1191,0.984375,RETURNED
0,3,256,0.90625,0,34.95,0.13,34.71,0.11,1908,0.62109375,RETURNED
0,3,256,0.9296875,1,34.84,0.25,34.59,0.0,1907,0.62109375,LOST
0,3,256,0.9609375,2,34.98,0.2,34.79,0.0,1917,0.90234375,LOST
0,3,256,0.9375,3,35.15,0.21,34.94,0.0,1924,0.859375,LOST
0,3,256,0.90234375,4,34.71,0.2,34.33,0.18,1896,0.65234375,RETURNED
0,3,256,0.9609375,5,35.08,0.15,34.92,0.0,1922,0.91796875,LOST
0,3,256,0.98046875,6,34.73,0.4,34.32,0.0,1889,0.95703125,LOST
0,3,256,0.98046875,7,34.7,0.25,34.22,0.23,1886,0.95703125,RETURNED
0,3,256,0.9921875,8,34.65,0.11,34.55,0.0,1905,0.98046875,LOST
0,3,256,0.98828125,9,35.41,0.37,34.96,0.09,1928,0.98046875,RETURNED
0,3,256,0.98046875,10,34.81,0.12,34.69,0.0,1910,0.96875,LOST
0,3,256,0.9921875,11,34.74,0.19,34.56,0.0,1909,0.984375,LOST
0,3,256,0.984375,12,35.05,0.4,34.65,0.0,1910,0.95703125,LOST
0,3,256,0.98828125,13,34.67,0.2,34.46,0.0,1902,0.9765625,LOST
0,3,256,0.9921875,14,35.43,0.52,34.74,0.17,1917,0.98046875,RETURNED
0,3,256,0.99609375,15,35.48,0.21,35.19,0.08,1942,0.9765625,RETURNED
1,358.66,0.20
1,0,256,0.921875,0,30.82,0.17,30.42,0.23,1908,0.609375,RETURNED
1,0,256,0.96875,1,30.62,0.27,30.36,0.0,1907,0.890625,LOST
1,0,256,0.9453125,2,30.71,0.1,30.61,0.0,1917,0.89453125,LOST
1,0,256,0.9765625,3,30.74,0.19,30.54,0.0,1924,0.921875,LOST
1,0,256,0.953125,4,30.73,0.13,30.42,0.18,1896,0.88671875,RETURNED
1,0,256,0.96875,5,30.81,0.26,30.55,0.0,1922,0.9375,LOST
1,0,256,0.9609375,6,30.38,0.26,30.12,0.0,1889,0.9140625,LOST
1,0,256,0.9609375,7,30.38,0.11,30.12,0.16,1886,0.93359375,RETURNED
1,0,256,0.98828125,8,30.71,0.24,30.47,0.0,1905,0.984375,LOST
1,0,256,0.98046875,9,31.22,0.32,30.73,0.17,1928,0.9765625,RETURNED
1,0,256,1.0,10,16.84,0.12,16.73,0.0,1051,0.98046875,LOST
1,1,256,0.890625,0,30.7,0.18,30.33,0.19,1908,0.60546875,RETURNED
1,1,256,0.9375,1,30.52,0.29,30.23,0.0,1907,0.81640625,LOST
1,1,256,0.94140625,2,30.78,0.23,30.55,0.0,1917,0.83984375,LOST
1,1,256,0.9453125,3,30.65,0.15,30.5,0.0,1924,0.90625,LOST
1,1,256,0.95703125,4,30.65,0.16,30.31,0.18,1896,0.90625,RETURNED
1,1,256,0.96875,5,30.59,0.13,30.46,0.0,1922,0.94921875,LOST
1,1,256,0.9765625,6,30.19,0.11,30.08,0.0,1889,0.95703125,LOST
1,1,256,0.9609375,7,30.34,0.1,29.99,0.25,1886,0.9296875,RETURNED
1,1,256,0.98828125,8,30.49,0.13,30.35,0.0,1905,0.984375,LOST
1,1,256,0.98046875,9,30.87,0.13,30.61,0.13,1928,0.9765625,RETURNED
1,1,256,0.98828125,10,30.63,0.35,30.28,0.0,1910,0.9765625,LOST
1,2,256,0.8984375,0,30.65,0.14,30.28,0.23,1908,0.625,RETURNED
1,2,256,0.95703125,1,30.32,0.19,30.14,0.0,1907,0.875,LOST
1,2,256,0.953125,2,30.67,0.24,30.42,0.0,1917,0.8828125,LOST
1,2,256,0.89453125,3,30.52,0.18,30.34,0.0,1924,0.6171875,LOST
1,2,256,0.94921875,4,30.51,0.25,30.12,0.14,1896,0.9140625,RETURNED
1,2,256,0.98046875,5,30.55,0.25,30.3,0.0,1922,0.921875,LOST
1,2,256,0.97265625,6,30.19,0.26,29.94,0.0,1889,0.9375,LOST
1,2,256,0.984375,7,30.18,0.17,29.89,0.12,1886,0.94921875,RETURNED
1,2,256,0.98828125,8,30.54,0.29,30.24,0.0,1905,0.98046875,LOST
1,2,256,0.9765625,9,31.01,0.38,30.51,0.12,1928,0.95703125,RETURNED
1,2,256,0.99609375,10,30.35,0.15,30.2,0.0,1910,0.984375,LOST
1,3,256,0.90625,0,30.81,0.22,30.39,0.2,1908,0.65625,RETURNED
1,3,256,0.9453125,1,30.45,0.15,30.3,0.0,1907,0.86328125,LOST
1,3,256,0.953125,2,30.9,0.25,30.65,0.0,1917,0.85546875,LOST
1,3,256,0.9296875,3,30.75,0.21,30.54,0.0,1924,0.875,LOST
1,3,256,0.94921875,4,30.72,0.19,30.35,0.18,1896,0.89453125,RETURNED
1,3,256,0.96484375,5,30.59,0.11,30.48,0.0,1922,0.94921875,LOST
1,3,256,0.97265625,6,30.25,0.14,30.11,0.0,1889,0.94921875,LOST
1,3,256,0.9765625,7,30.44,0.24,30.07,0.13,1886,0.95703125,RETURNED
1,3,256,0.98828125,8,30.8,0.38,30.41,0.0,1905,0.984375,LOST
1,3,256,0.98046875,9,30.95,0.15,30.72,0.08,1928,0.96875,RETURNED
1,3,256,0.984375,10,30.6,0.25,30.35,0.0,1910,0.984375,LOST
2,406.42,0.20
2,0,256,0.92578125,0,35.28,0.15,34.95,0.17,1908,0.60546875,RETURNED
2,0,256,0.9375,1,35.02,0.16,34.86,0.0,1907,0.8984375,LOST
2,0,256,0.9609375,2,35.26,0.16,35.1,0.0,1917,0.8828125,LOST
2,0,256,0.953125,3,35.76,0.63,35.13,0.0,1924,0.90625,LOST
2,0,256,0.95703125,4,35.23,0.21,34.84,0.19,1896,0.91796875,RETURNED
2,0,256,0.984375,5,35.44,0.23,35.21,0.0,1922,0.9609375,LOST
2,0,256,0.9609375,6,34.82,0.2,34.62,0.0,1889,0.94140625,LOST
2,0,256,0.98046875,7,34.73,0.12,34.51,0.1,1886,0.9609375,RETURNED
2,0,256,0.98828125,8,34.92,0.11,34.81,0.0,1905,0.98046875,LOST
2,0,256,0.9921875,9,35.81,0.27,35.3,0.24,1928,0.98046875,RETURNED
2,0,256,1.0,10,31.72,0.26,31.37,0.1,1716,0.9921875,RETURNED
2,1,256,0.9140625,0,35.02,0.19,34.73,0.11,1908,0.6171875,RETURNED
2,1,256,0.91015625,1,34.94,0.26,34.68,0.0,1907,0.625,LOST
2,1,256,0.9609375,2,35.02,0.15,34.87,0.0,1917,0.8984375,LOST
2,1,256,0.90234375,3,35.03,0.11,34.92,0.0,1924,0.625,LOST
2,1,256,0.9609375,4,34.84,0.15,34.56,0.13,1896,0.90234375,RETURNED
2,1,256,0.92578125,5,35.33,0.35,34.99,0.0,1922,0.796875,LOST
2,1,256,0.9765625,6,34.6,0.24,34.36,0.0,1889,0.94140625,LOST
2,1,256,0.98046875,7,34.8,0.21,34.32,0.28,1886,0.96484375,RETURNED
2,1,256,0.9765625,8,34.92,0.32,34.61,0.0,1905,0.98046875,LOST
2,1,256,0.96484375,9,35.39,0.23,35.08,0.08,1928,0.9765625,RETURNED
2,1,256,0.9765625,10,34.99,0.26,34.73,0.0,1910,0.9609375,LOST
2,2,256,0.90625,0,35.12,0.2,34.74,0.18,1908,0.62109375,RETURNED
2,2,256,0.9296875,1,34.91,0.27,34.64,0.0,1907,0.8203125,LOST
2,2,256,0.953125,2,35.01,0.15,34.86,0.0,1917,0.89453125,LOST
2,2,256,0.94140625,3,35.11,0.15,34.96,0.0,1924,0.88671875,LOST
2,2,256,0.96875,4,35.08,0.16,34.53,0.38,1896,0.921875,RETURNED
2,2,256,0.984375,5,35.12,0.15,34.98,0.0,1922,0.96875,LOST
2,2,256,0.98828125,6,34.59,0.19,34.4,0.0,1889,0.9609375,LOST
2,2,256,0.9765625,7,34.5,0.1,34.25,0.14,1886,0.96875,RETURNED
2,2,256,0.98046875,8,34.87,0.28,34.59,0.0,1905,0.9765625,LOST
2,2,256,0.98828125,9,35.47,0.42,34.98,0.08,1928,0.98046875,RETURNED
2,2,256,0.98828125,10,34.75,0.11,34.64,0.0,1910,0.98046875,LOST
2,3,256,0.92578125,0,35.1,0.18,34.75,0.17,1908,0.6171875,RETURNED
2,3,256,0.95703125,1,35.02,0.31,34.71,0.0,1907,0.8828125,LOST
2,3,256,0.9609375,2,35.13,0.21,34.91,0.0,1917,0.86328125,LOST
2,3,256,0.96484375,3,35.08,0.12,34.96,0.0,1924,0.89453125,LOST
2,3,256,0.9609375,4,35.01,0.16,34.68,0.17,1896,0.90234375,RETURNED
2,3,256,0.98046875,5,35.18,0.13,35.05,0.0,1922,0.96875,LOST
2,3,256,0.98046875,6,34.73,0.26,34.48,0.0,1889,0.96484375,LOST
2,3,256,0.97265625,7,34.67,0.22,34.37,0.08,1886,0.9609375,RETURNED
2,3,256,0.98828125,8,34.74,0.16,34.57,0.0,1905,0.98046875,LOST
2,3,256,0.98046875,9,35.35,0.22,35.02,0.12,1928,0.953125,RETURNED
2,3,256,0.99609375,10,34.86,0.18,34.69,0.0,1910,0.9765625,LOST
3,464.67,0.21
3,0,256,0.9140625,0,32.89,0.45,32.21,0.23,1908,0.62109375,RETURNED
3,0,256,0.89453125,1,32.68,0.38,32.3,0.0,1907,0.6171875,LOST
3,0,256,0.9375,2,32.6,0.22,32.38,0.0,1917,0.90625,LOST
3,0,256,0.94921875,3,32.58,0.1,32.47,0.0,1924,0.91015625,LOST
3,0,256,0.95703125,4,32.55,0.25,32.05,0.26,1896,0.8984375,RETURNED
3,0,256,0.9375,5,32.7,0.24,32.46,0.0,1922,0.90234375,LOST
3,0,256,0.95703125,6,32.18,0.12,32.06,0.0,1889,0.9140625,LOST
3,0,256,0.96484375,7,32.54,0.38,32.0,0.16,1886,0.9140625,RETURNED
3,0,256,0.98828125,8,32.48,0.11,32.37,0.0,1905,0.96484375,LOST
3,0,256,0.98828125,9,33.22,0.41,32.67,0.15,1928,0.96875,RETURNED
3,0,256,0.9921875,10,32.5,0.12,32.38,0.0,1910,0.98828125,LOST
3,0,256,0.984375,11,32.48,0.22,32.26,0.0,1909,0.96484375,LOST
3,0,256,1.0,12,27.7,0.23,27.3,0.17,1608,0.98046875,RETURNED
3,1,256,0.92578125,0,32.09,0.17,31.74,0.18,1908,0.62109375,RETURNED
3,1,256,0.96484375,1,32.02,0.21,31.8,0.0,1907,0.921875,LOST
3,1,256,0.95703125,2,32.0,0.17,31.83,0.0,1917,0.9140625,LOST
3,1,256,0.9296875,3,32.22,0.18,32.03,0.0,1924,0.89453125,LOST
3,1,256,0.90625,4,32.03,0.25,31.59,0.2,1896,0.62109375,RETURNED
3,1,256,0.94140625,5,32.17,0.23,31.95,0.0,1922,0.890625,LOST
3,1,256,0.97265625,6,31.67,0.22,31.45,0.0,1889,0.9375,LOST
3,1,256,0.9609375,7,32.52,0.98,31.4,0.14,1886,0.91796875,RETURNED
3,1,256,0.96875,8,31.98,0.17,31.81,0.0,1905,0.94140625,LOST
3,1,256,0.984375,9,32.5,0.23,32.16,0.1,1928,0.97265625,RETURNED
3,1,256,0.99609375,10,32.11,0.17,31.93,0.0,1910,0.98046875,LOST
3,1,256,0.99609375,11,31.9,0.2,31.7,0.0,1909,0.99609375,LOST
3,1,256,1.0,12,27.99,0.41,27.3,0.28,1640,0.98828125,RETURNED
3,2,256,0.90625,0,34.14,0.21,33.76,0.17,1908,0.625,RETURNED
3,2,256,0.94140625,1,33.99,0.2,33.78,0.0,1907,0.8671875,LOST
3,2,256,0.92578125,2,34.52,0.52,34.0,0.0,1917,0.84765625,LOST
3,2,256,0.97265625,3,34.26,0.24,34.03,0.0,1924,0.9140625,LOST
3,2,256,0.91015625,4,33.95,0.24,33.56,0.15,1896,0.609375,RETURNED
3,2,256,0.9609375,5,34.19,0.23,33.96,0.0,1922,0.8984375,LOST
3,2,256,0.984375,6,33.58,0.1,33.47,0.0,1889,0.9453125,LOST
3,2,256,0.97265625,7,33.69,0.16,33.39,0.14,1886,0.96484375,RETURNED
3,2,256,0.98828125,8,34.09,0.21,33.88,0.0,1905,0.97265625,LOST
3,2,256,0.984375,9,34.76,0.28,34.37,0.11,1928,0.97265625,RETURNED
3,2,256,0.9921875,10,34.32,0.23,34.08,0.0,1910,0.98828125,LOST
3,2,256,0.98828125,11,34.13,0.22,33.91,0.0,1909,0.98828125,LOST
3,2,256,0.99609375,12,34.15,0.25,33.89,0.0,1910,0.984375,LOST
3,3,256,0.91015625,0,33.68,0.49,33.03,0.16,1908,0.62890625,RETURNED
3,3,256,0.94140625,1,33.63,0.46,33.17,0.0,1907,0.84765625,LOST
3,3,256,0.9375,2,33.39,0.11,33.28,0.0,1917,0.890625,LOST
3,3,256,0.9609375,3,33.65,0.37,33.29,0.0,1924,0.92578125,LOST
3,3,256,0.90234375,4,33.2,0.25,32.88,0.07,1896,0.625,RETURNED
3,3,256,0.95703125,5,33.6,0.25,33.36,0.0,1922,0.94140625,LOST
3,3,256,0.9609375,6,33.09,0.17,32.92,0.0,1889,0.9296875,LOST
3,3,256,0.96875,7,33.03,0.17,32.74,0.12,1886,0.953125,RETURNED
3,3,256,0.98828125,8,33.46,0.2,33.25,0.0,1905,0.96484375,LOST
3,3,256,0.98828125,9,33.77,0.14,33.55,0.08,1928,0.96875,RETURNED
3,3,256,0.99609375,10,33.49,0.23,33.26,0.0,1910,0.98828125,LOST
3,3,256,0.98828125,11,33.36,0.13,33.22,0.0,1909,0.984375,LOST
3,3,256,0.99609375,12,33.39,0.29,33.1,0.0,1910,0.96875,LOST
4,388.02,0.21
4,0,256,0.921875,0,30.65,0.11,30.36,0.18,1908,0.62109375,RETURNED
4,0,256,0.94140625,1,30.61,0.23,30.38,0.0,1907,0.87109375,LOST
4,0,256,0.91015625,2,30.62,0.26,30.36,0.0,1917,0.62109375,LOST
4,0,256,0.94921875,3,31.15,0.48,30.67,0.0,1924,0.8984375,LOST
4,0,256,0.93359375,4,30.42,0.24,30.07,0.11,1896,0.8828125,RETURNED
4,0,256,0.98046875,5,30.78,0.25,30.53,0.0,1922,0.93359375,LOST
4,0,256,0.97265625,6,30.21,0.23,29.98,0.0,1889,0.93359375,LOST
4,0,256,0.984375,7,30.36,0.26,30.02,0.08,1886,0.953125,RETURNED
4,0,256,0.98828125,8,30.4,0.17,30.23,0.0,1905,0.98046875,LOST
4,0,256,0.97265625,9,31.03,0.25,30.64,0.14,1928,0.98046875,RETURNED
4,0,256,0.99609375,10,30.79,0.53,30.25,0.0,1910,0.9921875,LOST
4,0,256,1.0,11,24.26,0.24,24.02,0.0,1523,0.99609375,LOST
4,1,256,0.91796875,0,30.62,0.28,30.25,0.09,1908,0.62890625,RETURNED
4,1,256,0.953125,1,30.58,0.25,30.33,0.0,1907,0.86328125,LOST
4,1,256,0.9609375,2,30.63,0.29,30.34,0.0,1917,0.921875,LOST
4,1,256,0.8828125,3,30.82,0.16,30.66,0.0,1924,0.6171875,LOST
4,1,256,0.94140625,4,30.62,0.32,30.04,0.25,1896,0.88671875,RETURNED
4,1,256,0.9609375,5,30.67,0.18,30.48,0.0,1922,0.9140625,LOST
4,1,256,0.984375,6,30.15,0.17,29.97,0.0,1889,0.94140625,LOST
4,1,256,0.984375,7,30.36,0.21,29.96,0.18,1886,0.92578125,RETURNED
4,1,256,0.98046875,8,30.28,0.1,30.18,0.0,1905,0.953125,LOST
4,1,256,0.984375,9,30.93,0.2,30.6,0.14,1928,0.96875,RETURNED
4,1,256,0.98828125,10,30.39,0.15,30.24,0.0,1910,0.984375,LOST
4,1,256,1.0,11,1.43,0.21,1.22,0.0,78,0.99609375,LOST
4,2,256,0.87109375,0,30.82,0.22,30.39,0.21,1908,0.6171875,RETURNED
4,2,256,0.94921875,1,30.55,0.11,30.44,0.0,1907,0.89453125,LOST
4,2,256,0.95703125,2,30.68,0.24,30.44,0.0,1917,0.88671875,LOST
4,2,256,0.9609375,3,30.96,0.13,30.83,0.0,1924,0.9140625,LOST
4,2,256,0.95703125,4,30.65,0.23,30.15,0.27,1896,0.9140625,RETURNED
4,2,256,0.98828125,5,30.72,0.11,30.61,0.0,1922,0.953125,LOST
4,2,256,0.984375,6,30.31,0.24,30.07,0.0,1889,0.953125,LOST
4,2,256,0.9609375,7,30.44,0.23,30.07,0.14,1886,0.94140625,RETURNED
4,2,256,0.98046875,8,30.45,0.11,30.34,0.0,1905,0.97265625,LOST
4,2,256,0.98828125,9,31.09,0.21,30.72,0.15,1928,0.98046875,RETURNED
4,2,256,0.99609375,10,30.57,0.25,30.32,0.0,1910,0.98828125,LOST
4,2,256,1.0,11,1.78,0.11,1.49,0.18,94,0.9921875,RETURNED
4,3,256,0.921875,0,30.85,0.42,30.17,0.26,1908,0.62109375,RETURNED
4,3,256,0.91015625,1,30.35,0.11,30.24,0.0,1907,0.625,LOST
4,3,256,0.95703125,2,30.45,0.1,30.35,0.0,1917,0.87109375,LOST
4,3,256,0.96484375,3,30.82,0.2,30.61,0.0,1924,0.921875,LOST
4,3,256,0.8984375,4,30.39,0.23,29.95,0.21,1896,0.63671875,RETURNED
4,3,256,0.96484375,5,30.84,0.38,30.46,0.0,1922,0.91796875,LOST
4,3,256,0.96484375,6,30.19,0.28,29.91,0.0,1889,0.9296875,LOST
4,3,256,0.96875,7,30.2,0.15,29.92,0.13,1886,0.93359375,RETURNED
4,3,256,0.9921875,8,30.24,0.11,30.13,0.0,1905,0.98046875,LOST
4,3,256,0.9921875,9,30.93,0.22,30.58,0.13,1928,0.98046875,RETURNED
4,3,256,0.99609375,10,30.39,0.23,30.17,0.0,1910,0.9921875,LOST
4,3,256,0.99609375,11,30.26,0.2,30.06,0.0,1909,0.984375,LOST
5,602.73,0.20
5,0,256,0.91015625,0,32.12,0.1,31.9,0.12,1908,0.62890625,RETURNED
5,0,256,0.8828125,1,31.83,0.25,31.57,0.0,1907,0.61328125,LOST
5,0,256,0.96875,2,31.98,0.12,31.85,0.0,1917,0.890625,LOST
5,0,256,0.953125,3,31.99,0.19,31.8,0.0,1924,0.890625,LOST
5,0,256,0.94921875,4,31.82,0.2,31.48,0.14,1896,0.90625,RETURNED
5,0,256,0.9453125,5,32.02,0.18,31.84,0.0,1922,0.90234375,LOST
5,0,256,0.9765625,6,31.6,0.28,31.32,0.0,1889,0.9453125,LOST
5,0,256,0.96484375,7,31.62,0.21,31.25,0.15,1886,0.9375,RETURNED
5,0,256,0.98828125,8,31.75,0.12,31.63,0.0,1905,0.96484375,LOST
5,0,256,0.97265625,9,32.49,0.44,31.97,0.08,1928,0.91015625,RETURNED
5,0,256,0.984375,10,32.68,0.15,32.53,0.0,1910,0.97265625,LOST
5,0,256,0.96875,11,32.09,0.14,31.95,0.0,1909,0.96875,LOST
5,0,256,0.98828125,12,31.91,0.19,31.72,0.0,1910,0.96875,LOST
5,0,256,0.95703125,13,31.76,0.13,31.63,0.0,1902,0.953125,LOST
5,0,256,0.9921875,14,32.71,0.46,32.13,0.12,1917,0.96875,RETURNED
5,0,256,0.984375,15,32.78,0.15,32.51,0.12,1942,0.9765625,RETURNED
5,0,256,1.0,16,24.81,0.18,24.62,0.0,1480,0.984375,LOST
5,1,256,0.8984375,0,33.13,0.23,32.79,0.11,1908,0.62109375,RETURNED
5,1,256,0.94140625,1,32.55,0.12,32.43,0.0,1907,0.85546875,LOST
5,1,256,0.94140625,2,32.7,0.19,32.51,0.0,1917,0.83203125,LOST
5,1,256,0.91015625,3,32.57,0.11,32.45,0.0,1924,0.62109375,LOST
5,1,256,0.93359375,4,32.41,0.13,32.11,0.17,1896,0.87109375,RETURNED
5,1,256,0.96875,5,32.65,0.1,32.55,0.0,1922,0.9375,LOST
5,1,256,0.9765625,6,32.2,0.12,32.08,0.0,1889,0.953125,LOST
5,1,256,0.96484375,7,32.21,0.18,31.94,0.08,1886,0.9296875,RETURNED
5,1,256,0.9765625,8,32.49,0.17,32.32,0.0,1905,0.96484375,LOST
5,1,256,0.96484375,9,33.98,0.28,33.59,0.1,1928,0.95703125,RETURNED
5,1,256,0.984375,10,33.55,0.19,33.36,0.0,1910,0.97265625,LOST
5,1,256,0.98828125,11,33.36,0.25,33.11,0.0,1909,0.95703125,LOST
5,1,256,0.9921875,12,32.76,0.25,32.52,0.0,1910,0.9609375,LOST
5,1,256,0.96875,13,32.62,0.24,32.38,0.0,1902,0.97265625,LOST
5,1,256,0.98046875,14,33.89,0.21,33.56,0.11,1917,0.96484375,RETURNED
5,1,256,0.9921875,15,33.59,0.37,33.11,0.1,1942,0.98046875,RETURNED
5,1,256,0.9921875,16,33.24,0.17,32.91,0.16,1905,0.9765625,RETURNED
5,2,256,0.890625,0,32.3,0.18,31.94,0.18,1908,0.62890625,RETURNED
5,2,256,0.953125,1,31.92,0.24,31.68,0.0,1907,0.890625,LOST
5,2,256,0.94140625,2,32.01,0.12,31.89,0.0,1917,0.81640625,LOST
5,2,256,0.9375,3,32.24,0.31,31.93,0.0,1924,0.89453125,LOST
5,2,256,0.953125,4,31.79,0.11,31.55,0.14,1896,0.91015625,RETURNED
5,2,256,0.95703125,5,32.17,0.26,31.91,0.0,1922,0.94140625,LOST
5,2,256,0.953125,6,31.6,0.18,31.42,0.0,1889,0.90234375,LOST
5,2,256,0.96484375,7,31.64,0.18,31.35,0.11,1886,0.859375,RETURNED
5,2,256,0.98046875,8,31.72,0.11,31.61,0.0,1905,0.9609375,LOST
5,2,256,0.97265625,9,33.32,0.3,32.86,0.16,1928,0.95703125,RETURNED
5,2,256,0.984375,10,32.08,0.15,31.93,0.0,1910,0.96875,LOST
5,2,256,0.98046875,11,32.1,0.13,31.97,0.0,1909,0.984375,LOST
5,2,256,0.98828125,12,31.91,0.21,31.7,0.0,1910,0.97265625,LOST
5,2,256,0.96484375,13,31.99,0.27,31.72,0.0,1902,0.97265625,LOST
5,2,256,0.97265625,14,32.77,0.18,32.48,0.11,1917,0.92578125,RETURNED
5,2,256,0.9765625,15,32.75,0.21,32.42,0.11,1942,0.9609375,RETURNED
5,2,256,0.984375,16,32.49,0.24,32.1,0.15,1905,0.98046875,RETURNED
5,3,256,0.91015625,0,33.42,0.22,33.03,0.18,1908,0.61328125,RETURNED
5,3,256,0.9453125,1,33.0,0.21,32.79,0.0,1907,0.85546875,LOST
5,3,256,0.97265625,2,33.21,0.23,32.98,0.0,1917,0.89453125,LOST
5,3,256,0.9453125,3,33.38,0.25,33.13,0.0,1924,0.87109375,LOST
5,3,256,0.9375,4,33.01,0.17,32.68,0.16,1896,0.8984375,RETURNED
5,3,256,0.95703125,5,33.18,0.19,32.99,0.0,1922,0.9453125,LOST
5,3,256,0.9765625,6,32.71,0.23,32.49,0.0,1889,0.94921875,LOST
5,3,256,0.9609375,7,32.81,0.23,32.5,0.07,1886,0.9453125,RETURNED
5,3,256,0.99609375,8,32.84,0.1,32.74,0.0,1905,0.96484375,LOST
5,3,256,0.93359375,9,34.25,0.19,33.92,0.14,1928,0.91796875,RETURNED
5,3,256,0.98046875,10,33.33,0.21,33.13,0.0,1910,0.97265625,LOST
5,3,256,0.98046875,11,33.3,0.17,33.13,0.0,1909,0.96484375,LOST
5,3,256,0.96875,12,33.16,0.15,33.01,0.0,1910,0.953125,LOST
5,3,256,0.9453125,13,33.12,0.29,32.83,0.0,1902,0.95703125,LOST
5,3,256,0.98046875,14,34.59,0.21,34.3,0.08,1917,0.96484375,RETURNED
5,3,256,0.9921875,15,33.78,0.15,33.5,0.13,1942,0.9921875,RETURNED
5,3,256,0.9921875,16,33.59,0.17,33.27,0.15,1905,0.984375,RETURNED
6,470.61,0.28
6,0,256,0.921875,0,31.68,0.21,31.34,0.12,1908,0.61328125,RETURNED
6,0,256,0.921875,1,30.92,0.11,30.81,0.0,1907,0.625,LOST
6,0,256,0.96484375,2,31.45,0.18,31.27,0.0,1917,0.88671875,LOST
6,0,256,0.95703125,3,31.34,0.24,31.1,0.0,1924,0.91015625,LOST
6,0,256,0.9453125,4,31.54,0.23,31.18,0.12,1896,0.91015625,RETURNED
6,0,256,0.96484375,5,31.45,0.31,31.14,0.0,1922,0.91796875,LOST
6,0,256,0.96875,6,31.25,0.37,30.88,0.0,1889,0.92578125,LOST
6,0,256,0.9609375,7,30.75,0.11,30.46,0.18,1886,0.9453125,RETURNED
6,0,256,0.98828125,8,31.29,0.48,30.81,0.0,1905,0.9609375,LOST
6,0,256,0.98046875,9,31.97,0.11,31.71,0.15,1928,0.96484375,RETURNED
6,0,256,0.98828125,10,31.2,0.2,31.0,0.0,1910,0.97265625,LOST
6,0,256,0.9921875,11,31.39,0.26,31.13,0.0,1909,0.984375,LOST
6,0,256,1.0,12,31.76,0.21,31.39,0.17,1790,0.98828125,RETURNED
6,1,256,0.89453125,0,31.38,0.21,31.1,0.08,1908,0.625,RETURNED
6,1,256,0.91796875,1,30.62,0.12,30.5,0.0,1907,0.63671875,LOST
6,1,256,0.9609375,2,31.16,0.11,31.04,0.0,1917,0.91796875,LOST
6,1,256,0.984375,3,31.01,0.22,30.8,0.0,1924,0.91015625,LOST
6,1,256,0.9375,4,31.51,0.19,30.88,0.44,1896,0.890625,RETURNED
6,1,256,0.96875,5,30.99,0.15,30.84,0.0,1922,0.9375,LOST
6,1,256,0.9765625,6,30.77,0.17,30.6,0.0,1889,0.953125,LOST
6,1,256,0.96875,7,30.77,0.27,30.38,0.12,1886,0.9453125,RETURNED
6,1,256,0.98046875,8,30.71,0.18,30.53,0.0,1905,0.96484375,LOST
6,1,256,0.96875,9,31.64,0.22,31.31,0.11,1928,0.9609375,RETURNED
6,1,256,0.99609375,10,30.77,0.15,30.62,0.0,1910,0.984375,LOST
6,1,256,0.9921875,11,32.27,0.17,32.11,0.0,1909,0.984375,LOST
6,1,256,0.9921875,12,32.15,0.22,31.93,0.0,1910,0.9765625,LOST
6,2,256,0.91796875,0,31.61,0.22,31.19,0.21,1908,0.625,RETURNED
6,2,256,0.94921875,1,30.75,0.11,30.64,0.0,1907,0.890625,LOST
6,2,256,0.90234375,2,31.43,0.24,31.19,0.0,1917,0.62109375,LOST
6,2,256,0.9375,3,31.17,0.2,30.96,0.0,1924,0.89453125,LOST
6,2,256,0.953125,4,31.5,0.28,31.08,0.14,1896,0.90625,RETURNED
6,2,256,0.97265625,5,31.25,0.26,30.99,0.0,1922,0.9375,LOST
6,2,256,0.9765625,6,30.95,0.23,30.73,0.0,1889,0.953125,LOST
6,2,256,0.9609375,7,30.61,0.14,30.22,0.25,1886,0.92578125,RETURNED
6,2,256,0.98828125,8,31.08,0.26,30.83,0.0,1905,0.953125,LOST
6,2,256,0.984375,9,31.88,0.31,31.45,0.12,1928,0.97265625,RETURNED
6,2,256,0.953125,10,30.97,0.16,30.82,0.0,1910,0.91796875,LOST
6,2,256,0.98828125,11,31.14,0.22,30.92,0.0,1909,0.96875,LOST
6,2,256,0.9921875,12,33.36,0.29,33.07,0.0,1910,0.98046875,LOST
6,2,256,0.98828125,13,30.6,0.13,30.47,0.0,1902,0.98828125,LOST
6,3,256,0.91796875,0,31.53,0.27,31.16,0.09,1908,0.62890625,RETURNED
6,3,256,0.9765625,1,30.77,0.17,30.6,0.0,1907,0.91796875,LOST
6,3,256,0.95703125,2,31.34,0.19,31.15,0.0,1917,0.91796875,LOST
6,3,256,0.93359375,3,31.01,0.1,30.91,0.0,1924,0.89453125,LOST
6,3,256,0.9453125,4,31.25,0.16,30.97,0.12,1896,0.91015625,RETURNED
6,3,256,0.94921875,5,31.13,0.17,30.96,0.0,1922,0.9140625,LOST
6,3,256,0.96875,6,30.95,0.25,30.7,0.0,1889,0.9453125,LOST
6,3,256,0.953125,7,30.87,0.27,30.48,0.11,1886,0.91796875,RETURNED
6,3,256,0.98046875,8,30.82,0.17,30.65,0.0,1905,0.9609375,LOST
6,3,256,0.98828125,9,31.61,0.11,31.39,0.11,1928,0.96875,RETURNED
6,3,256,0.99609375,10,30.9,0.17,30.73,0.0,1910,0.984375,LOST
6,3,256,0.9921875,11,32.26,0.2,32.06,0.0,1909,0.984375,LOST
6,3,256,0.9921875,12,32.05,0.22,31.83,0.0,1910,0.98046875,LOST
7,408.27,0.26
7,0,256,0.91015625,0,35.28,0.19,34.94,0.15,1908,0.6171875,RETURNED
7,0,256,0.94921875,1,35.03,0.14,34.89,0.0,1907,0.8671875,LOST
7,0,256,0.94921875,2,35.22,0.11,35.11,0.0,1917,0.828125,LOST
7,0,256,0.9453125,3,35.61,0.47,35.15,0.0,1924,0.890625,LOST
7,0,256,0.95703125,4,35.0,0.17,34.67,0.15,1896,0.91015625,RETURNED
7,0,256,0.98046875,5,35.55,0.17,35.38,0.0,1922,0.95703125,LOST
7,0,256,0.96484375,6,34.71,0.17,34.53,0.0,1889,0.9375,LOST
7,0,256,0.9765625,7,34.83,0.15,34.59,0.08,1886,0.95703125,RETURNED
7,0,256,0.984375,8,35.07,0.21,34.86,0.0,1905,0.9765625,LOST
7,0,256,0.97265625,9,35.45,0.11,35.24,0.11,1928,0.96484375,RETURNED
7,0,256,0.984375,10,34.98,0.1,34.88,0.0,1910,0.9765625,LOST
7,1,256,0.9140625,0,35.27,0.16,34.86,0.25,1908,0.625,RETURNED
7,1,256,0.953125,1,35.25,0.45,34.8,0.0,1907,0.8828125,LOST
7,1,256,0.96484375,2,35.18,0.23,34.95,0.0,1917,0.91015625,LOST
7,1,256,0.94921875,3,35.29,0.22,35.06,0.0,1924,0.88671875,LOST
7,1,256,0.9609375,4,34.87,0.16,34.64,0.07,1896,0.91015625,RETURNED
7,1,256,0.984375,5,35.48,0.1,35.38,0.0,1922,0.9609375,LOST
7,1,256,0.9921875,6,34.63,0.15,34.47,0.0,1889,0.9609375,LOST
7,1,256,0.9765625,7,34.8,0.19,34.48,0.12,1886,0.9609375,RETURNED
7,1,256,0.97265625,8,35.06,0.31,34.76,0.0,1905,0.9609375,LOST
7,1,256,0.9765625,9,35.38,0.11,35.19,0.08,1928,0.9765625,RETURNED
7,1,256,1.0,10,21.26,0.14,20.95,0.17,1147,0.984375,RETURNED
7,2,256,0.890625,0,35.15,0.16,34.86,0.14,1908,0.62109375,RETURNED
7,2,256,0.9453125,1,35.07,0.18,34.89,0.0,1907,0.84375,LOST
7,2,256,0.94140625,2,35.27,0.19,35.08,0.0,1917,0.86328125,LOST
7,2,256,0.94921875,3,35.32,0.21,35.12,0.0,1924,0.890625,LOST
7,2,256,0.9609375,4,34.95,0.11,34.74,0.1,1896,0.91015625,RETURNED
7,2,256,0.9921875,5,35.72,0.21,35.51,0.0,1922,0.953125,LOST
7,2,256,0.98828125,6,34.68,0.1,34.57,0.0,1889,0.9609375,LOST
7,2,256,0.9765625,7,34.76,0.1,34.53,0.12,1886,0.9609375,RETURNED
7,2,256,0.984375,8,35.0,0.24,34.76,0.0,1905,0.9765625,LOST
7,2,256,0.97265625,9,35.5,0.17,35.19,0.14,1928,0.97265625,RETURNED
7,2,256,0.984375,10,35.01,0.14,34.86,0.0,1910,0.984375,LOST
7,3,256,0.8828125,0,35.14,0.27,34.73,0.15,1908,0.6171875,RETURNED
7,3,256,0.94921875,1,34.82,0.2,34.62,0.0,1907,0.8359375,LOST
7,3,256,0.95703125,2,34.98,0.15,34.83,0.0,1917,0.87109375,LOST
7,3,256,0.96484375,3,35.0,0.11,34.89,0.0,1924,0.8828125,LOST
7,3,256,0.94921875,4,34.78,0.17,34.47,0.15,1896,0.91015625,RETURNED
7,3,256,0.94921875,5,35.17,0.1,35.07,0.0,1922,0.87890625,LOST
7,3,256,0.96875,6,34.52,0.17,34.36,0.0,1889,0.9375,LOST
7,3,256,0.97265625,7,34.66,0.13,34.29,0.24,1886,0.9609375,RETURNED
7,3,256,0.984375,8,34.8,0.18,34.62,0.0,1905,0.96875,LOST
7,3,256,0.984375,9,35.8,0.63,35.02,0.15,1928,0.9765625,RETURNED
7,3,256,0.9765625,10,34.98,0.32,34.66,0.0,1910,0.96484375,LOST
9,451.65,9.27
9,0,256,0.90234375,0,35.25,0.3,34.86,0.1,1908,0.625,RETURNED
9,0,256,0.91015625,1,35.1,0.24,34.86,0.0,1907,0.61328125,LOST
9,0,256,0.95703125,2,35.22,0.23,34.98,0.0,1917,0.90234375,LOST
9,0,256,0.95703125,3,35.3,0.2,35.1,0.0,1924,0.8984375,LOST
9,0,256,0.94140625,4,34.9,0.24,34.58,0.08,1896,0.90625,RETURNED
9,0,256,0.96484375,5,35.25,0.11,35.15,0.0,1922,0.90234375,LOST
9,0,256,0.98046875,6,34.72,0.21,34.51,0.0,1889,0.9453125,LOST
9,0,256,0.96875,7,35.04,0.26,34.48,0.3,1886,0.9453125,RETURNED
9,0,256,0.984375,8,34.97,0.18,34.79,0.0,1905,0.96875,LOST
9,0,256,0.984375,9,35.68,0.21,35.28,0.2,1928,0.96875,RETURNED
9,0,256,0.9921875,10,35.24,0.23,35.01,0.0,1910,0.984375,LOST
9,0,256,0.9921875,11,35.03,0.14,34.89,0.0,1909,0.984375,LOST
9,1,256,0.9140625,0,35.12,0.28,34.67,0.17,1908,0.625,RETURNED
9,1,256,0.953125,1,34.76,0.16,34.6,0.0,1907,0.859375,LOST
9,1,256,0.94921875,2,34.97,0.19,34.77,0.0,1917,0.8515625,LOST
9,1,256,0.95703125,3,35.11,0.2,34.92,0.0,1924,0.90234375,LOST
9,1,256,0.96484375,4,34.91,0.24,34.35,0.32,1896,0.9140625,RETURNED
9,1,256,0.98828125,5,35.19,0.26,34.93,0.0,1922,0.96484375,LOST
9,1,256,0.97265625,6,34.51,0.24,34.28,0.0,1889,0.9609375,LOST
9,1,256,0.97265625,7,34.63,0.27,34.28,0.09,1886,0.96484375,RETURNED
9,1,256,0.98046875,8,34.7,0.12,34.58,0.0,1905,0.97265625,LOST
9,1,256,0.984375,9,35.58,0.41,35.0,0.16,1928,0.96875,RETURNED
9,1,256,0.98828125,10,34.99,0.11,34.87,0.0,1910,0.984375,LOST
9,1,256,1.0,11,33.6,0.26,33.34,0.0,1837,0.984375,LOST
9,2,256,0.91796875,0,35.34,0.28,34.87,0.18,1908,0.640625,RETURNED
9,2,256,0.88671875,1,34.9,0.12,34.78,0.0,1907,0.62109375,LOST
9,2,256,0.9453125,2,35.21,0.28,34.93,0.0,1917,0.88671875,LOST
9,2,256,0.9375,3,35.2,0.17,35.03,0.0,1924,0.8828125,LOST
9,2,256,0.9453125,4,34.8,0.22,34.48,0.1,1896,0.88671875,RETURNED
9,2,256,0.9765625,5,35.31,0.23,35.08,0.0,1922,0.9453125,LOST
9,2,256,0.9921875,6,34.55,0.14,34.41,0.0,1889,0.9609375,LOST
9,2,256,0.9609375,7,34.76,0.22,34.42,0.12,1886,0.9140625,RETURNED
9,2,256,0.98046875,8,34.8,0.11,34.7,0.0,1905,0.97265625,LOST
9,2,256,0.9765625,9,35.33,0.1,35.14,0.09,1928,0.96875,RETURNED
9,2,256,0.9921875,10,35.2,0.11,35.09,0.0,1910,0.984375,LOST
9,2,256,0.99609375,11,35.36,0.29,35.07,0.0,1909,0.98046875,LOST
9,3,256,0.90234375,0,35.06,0.11,34.79,0.16,1908,0.6171875,RETURNED
9,3,256,0.95703125,1,34.89,0.16,34.74,0.0,1907,0.9140625,LOST
9,3,256,0.953125,2,35.06,0.14,34.92,0.0,1917,0.90625,LOST
9,3,256,0.953125,3,35.13,0.11,35.02,0.0,1924,0.8984375,LOST
9,3,256,0.96484375,4,34.81,0.22,34.49,0.1,1896,0.9140625,RETURNED
9,3,256,0.9453125,5,35.29,0.24,35.05,0.0,1922,0.91015625,LOST
9,3,256,0.97265625,6,34.47,0.11,34.37,0.0,1889,0.94140625,LOST
9,3,256,0.97265625,7,34.8,0.28,34.42,0.1,1886,0.93359375,RETURNED
9,3,256,0.98828125,8,34.8,0.11,34.69,0.0,1905,0.97265625,LOST
9,3,256,0.98046875,9,35.46,0.24,35.11,0.11,1928,0.96484375,RETURNED
9,3,256,0.9921875,10,35.13,0.24,34.89,0.0,1910,0.984375,LOST
9,3,256,0.99609375,11,35.0,0.29,34.71,0.0,1909,0.984375,LOST
10,658.75,0.27
10,0,256,0.90625,0,35.13,0.28,34.67,0.18,1908,0.625,RETURNED
10,0,256,0.8984375,1,34.83,0.14,34.69,0.0,1907,0.61328125,LOST
10,0,256,0.96875,2,34.96,0.12,34.84,0.0,1917,0.859375,LOST
10,0,256,0.9453125,3,35.34,0.23,35.12,0.0,1924,0.890625,LOST
10,0,256,0.94140625,4,35.26,0.29,34.56,0.41,1896,0.8671875,RETURNED
10,0,256,0.96484375,5,35.39,0.43,34.96,0.0,1922,0.8984375,LOST
10,0,256,0.984375,6,34.47,0.22,34.25,0.0,1889,0.96484375,LOST
10,0,256,0.96484375,7,34.57,0.24,34.24,0.09,1886,0.9296875,RETURNED
10,0,256,0.96484375,8,34.74,0.13,34.61,0.0,1905,0.9609375,LOST
10,0,256,0.98046875,9,35.68,0.56,34.94,0.18,1928,0.96875,RETURNED
10,0,256,0.984375,10,34.84,0.11,34.74,0.0,1910,0.98046875,LOST
10,0,256,0.9921875,11,34.97,0.29,34.69,0.0,1909,0.98046875,LOST
10,0,256,0.9921875,12,34.81,0.18,34.63,0.0,1910,0.95703125,LOST
10,0,256,0.98828125,13,34.73,0.2,34.54,0.0,1902,0.98046875,LOST
10,0,256,0.98828125,14,35.23,0.29,34.79,0.14,1917,0.96875,RETURNED
10,0,256,0.98046875,15,35.74,0.32,35.25,0.17,1942,0.97265625,RETURNED
10,0,256,0.9921875,16,34.83,0.15,34.59,0.09,1905,0.9921875,RETURNED
10,0,256,0.9921875,17,34.74,0.21,34.43,0.11,1898,0.98828125,RETURNED
10,1,256,0.90234375,0,35.55,0.16,35.21,0.19,1908,0.6171875,RETURNED
10,1,256,0.96484375,1,35.25,0.14,35.11,0.0,1907,0.8515625,LOST
10,1,256,0.9453125,2,35.33,0.1,35.23,0.0,1917,0.8984375,LOST
10,1,256,0.94921875,3,35.93,0.39,35.54,0.0,1924,0.90234375,LOST
10,1,256,0.96484375,4,35.37,0.25,34.96,0.16,1896,0.90625,RETURNED
10,1,256,0.97265625,5,35.73,0.24,35.5,0.0,1922,0.94140625,LOST
10,1,256,0.97265625,6,35.01,0.25,34.76,0.0,1889,0.9453125,LOST
10,1,256,0.9765625,7,35.08,0.16,34.73,0.19,1886,0.9453125,RETURNED
10,1,256,0.984375,8,35.13,0.19,34.94,0.0,1905,0.9765625,LOST
10,1,256,0.97265625,9,35.84,0.19,35.46,0.2,1928,0.9609375,RETURNED
10,1,256,0.984375,10,35.91,0.7,35.21,0.0,1910,0.98046875,LOST
10,1,256,0.9765625,11,35.63,0.32,35.31,0.0,1909,0.96875,LOST
10,1,256,0.98828125,12,35.21,0.11,35.1,0.0,1910,0.96484375,LOST
10,1,256,0.984375,13,35.3,0.3,35.0,0.0,1902,0.9609375,LOST
10,1,256,0.98828125,14,35.62,0.25,35.2,0.17,1917,0.98046875,RETURNED
10,1,256,0.9921875,15,36.38,0.4,35.68,0.3,1942,0.9921875,RETURNED
10,1,256,0.99609375,16,35.53,0.21,35.14,0.17,1905,0.98828125,RETURNED
10,1,256,1.0,17,9.91,0.13,9.78,0.0,533,0.9921875,LOST
10,2,256,0.92578125,0,35.63,0.29,35.13,0.21,1908,0.62109375,RETURNED
10,2,256,0.96484375,1,35.29,0.13,35.16,0.0,1907,0.85546875,LOST
10,2,256,0.95703125,2,35.51,0.24,35.28,0.0,1917,0.890625,LOST
10,2,256,0.95703125,3,35.85,0.24,35.61,0.0,1924,0.90625,LOST
10,2,256,0.90625,4,35.38,0.25,35.01,0.12,1896,0.62109375,RETURNED
10,2,256,0.98046875,5,35.62,0.17,35.45,0.0,1922,0.96484375,LOST
10,2,256,0.9765625,6,34.97,0.24,34.73,0.0,1889,0.95703125,LOST
10,2,256,0.97265625,7,34.98,0.17,34.7,0.12,1886,0.94140625,RETURNED
10,2,256,0.9765625,8,35.43,0.27,35.16,0.0,1905,0.97265625,LOST
10,2,256,0.96484375,9,35.71,0.21,35.42,0.07,1928,0.95703125,RETURNED
10,2,256,0.984375,10,35.38,0.11,35.27,0.0,1910,0.98046875,LOST
10,2,256,0.98828125,11,35.5,0.16,35.34,0.0,1909,0.98828125,LOST
10,2,256,0.98046875,12,35.39,0.2,35.18,0.0,1910,0.96484375,LOST
10,2,256,0.98828125,13,35.17,0.13,35.05,0.0,1902,0.98046875,LOST
10,2,256,0.98046875,14,35.67,0.11,35.47,0.09,1917,0.9765625,RETURNED
10,2,256,0.98828125,15,35.97,0.16,35.62,0.19,1942,0.9765625,RETURNED
10,2,256,0.9921875,16,35.41,0.17,35.06,0.18,1905,0.98828125,RETURNED
10,2,256,0.9921875,17,35.32,0.24,34.93,0.16,1898,0.9921875,RETURNED
10,3,256,0.88671875,0,35.38,0.29,34.86,0.22,1908,0.6171875,RETURNED
10,3,256,0.921875,1,35.17,0.19,34.98,0.0,1907,0.61328125,LOST
10,3,256,0.9765625,2,35.35,0.28,35.06,0.0,1917,0.90234375,LOST
10,3,256,0.88671875,3,35.84,0.43,35.41,0.0,1924,0.6171875,LOST
10,3,256,0.96484375,4,34.98,0.11,34.79,0.07,1896,0.921875,RETURNED
10,3,256,0.93359375,5,35.53,0.22,35.31,0.0,1922,0.90625,LOST
10,3,256,0.98828125,6,34.82,0.12,34.7,0.0,1889,0.96484375,LOST
10,3,256,0.9609375,7,34.97,0.1,34.73,0.14,1886,0.921875,RETURNED
10,3,256,0.96875,8,35.29,0.25,35.04,0.0,1905,0.96484375,LOST
10,3,256,0.98046875,9,35.73,0.18,35.38,0.17,1928,0.953125,RETURNED
10,3,256,0.984375,10,35.29,0.11,35.18,0.0,1910,0.98046875,LOST
10,3,256,0.98828125,11,35.36,0.16,35.2,0.0,1909,0.96875,LOST
10,3,256,0.98046875,12,35.31,0.12,35.2,0.0,1910,0.9609375,LOST
10,3,256,0.98828125,13,35.24,0.18,35.06,0.0,1902,0.9765625,LOST
10,3,256,0.9921875,14,35.76,0.34,35.34,0.08,1917,0.96484375,RETURNED
10,3,256,0.98828125,15,36.2,0.14,35.8,0.26,1942,0.98828125,RETURNED
10,3,256,0.984375,16,35.41,0.14,35.14,0.13,1905,0.9765625,RETURNED
10,3,256,0.9921875,17,35.32,0.15,34.98,0.19,1898,0.98828125,RETURNED
11,552.47,0.27
11,0,256,0.90234375,0,31.45,0.36,30.84,0.25,1908,0.609375,RETURNED
11,0,256,0.96875,1,31.1,0.13,30.97,0.0,1907,0.92578125,LOST
11,0,256,0.8984375,2,30.99,0.17,30.82,0.0,1917,0.61328125,LOST
11,0,256,0.94921875,3,31.72,0.35,31.37,0.0,1924,0.90625,LOST
11,0,256,0.91015625,4,30.88,0.13,30.66,0.09,1896,0.640625,RETURNED
11,0,256,0.9765625,5,31.68,0.24,31.44,0.0,1922,0.96484375,LOST
11,0,256,0.98828125,6,30.69,0.26,30.43,0.0,1889,0.96484375,LOST
11,0,256,0.9765625,7,31.03,0.15,30.73,0.16,1886,0.921875,RETURNED
11,0,256,0.984375,8,30.86,0.25,30.61,0.0,1905,0.9765625,LOST
11,0,256,0.97265625,9,31.68,0.21,31.33,0.14,1928,0.95703125,RETURNED
11,0,256,0.984375,10,31.13,0.23,30.9,0.0,1910,0.97265625,LOST
11,0,256,0.984375,11,31.22,0.21,31.01,0.0,1909,0.9609375,LOST
11,0,256,0.9921875,12,30.91,0.12,30.79,0.0,1910,0.97265625,LOST
11,0,256,0.98828125,13,31.11,0.42,30.7,0.0,1902,0.9765625,LOST
11,0,256,0.98828125,14,31.67,0.2,31.33,0.14,1917,0.97265625,RETURNED
11,0,256,0.99609375,15,31.92,0.39,31.4,0.12,1942,0.984375,RETURNED
11,0,256,1.0,16,20.96,0.18,20.78,0.0,1287,0.98828125,LOST
11,1,256,0.921875,0,31.34,0.32,30.84,0.18,1908,0.6328125,RETURNED
11,1,256,0.94921875,1,31.22,0.22,31.0,0.0,1907,0.8828125,LOST
11,1,256,0.94921875,2,31.04,0.18,30.85,0.0,1917,0.89453125,LOST
11,1,256,0.953125,3,31.39,0.2,31.19,0.0,1924,0.90625,LOST
11,1,256,0.96484375,4,30.9,0.23,30.5,0.17,1896,0.921875,RETURNED
11,1,256,0.9453125,5,31.71,0.23,31.48,0.0,1922,0.91015625,LOST
11,1,256,0.96875,6,30.63,0.18,30.45,0.0,1889,0.9375,LOST
11,1,256,0.95703125,7,31.09,0.21,30.71,0.17,1886,0.90234375,RETURNED
11,1,256,0.98046875,8,30.79,0.17,30.62,0.0,1905,0.97265625,LOST
11,1,256,0.953125,9,31.76,0.23,31.34,0.19,1928,0.90625,RETURNED
11,1,256,0.984375,10,31.21,0.26,30.95,0.0,1910,0.97265625,LOST
11,1,256,0.9453125,11,31.28,0.22,31.06,0.0,1909,0.953125,LOST
11,1,256,0.98046875,12,30.94,0.11,30.83,0.0,1910,0.94140625,LOST
11,1,256,0.97265625,13,31.03,0.31,30.73,0.0,1902,0.97265625,LOST
11,1,256,0.984375,14,31.75,0.18,31.29,0.27,1917,0.97265625,RETURNED
11,1,256,0.99609375,15,31.69,0.32,31.25,0.13,1942,0.98046875,RETURNED
11,1,256,1.0,16,22.37,0.17,22.21,0.0,1381,0.9921875,LOST
11,2,256,0.92578125,0,31.13,0.18,30.78,0.17,1908,0.62890625,RETURNED
11,2,256,0.94921875,1,31.23,0.27,30.96,0.0,1907,0.84765625,LOST
11,2,256,0.9609375,2,31.1,0.21,30.89,0.0,1917,0.8515625,LOST
11,2,256,0.95703125,3,31.55,0.37,31.17,0.0,1924,0.88671875,LOST
11,2,256,0.9375,4,30.84,0.12,30.53,0.19,1896,0.90234375,RETURNED
11,2,256,0.94921875,5,31.57,0.12,31.46,0.0,1922,0.890625,LOST
11,2,256,0.98828125,6,30.63,0.17,30.47,0.0,1889,0.94921875,LOST
11,2,256,0.96484375,7,31.12,0.25,30.7,0.16,1886,0.921875,RETURNED
11,2,256,0.9765625,8,30.82,0.18,30.64,0.0,1905,0.97265625,LOST
11,2,256,0.97265625,9,31.76,0.27,31.36,0.14,1928,0.88671875,RETURNED
11,2,256,0.97265625,10,31.18,0.24,30.94,0.0,1910,0.9453125,LOST
11,2,256,0.984375,11,31.11,0.1,31.01,0.0,1909,0.9453125,LOST
11,2,256,0.98046875,12,31.07,0.27,30.81,0.0,1910,0.9765625,LOST
11,2,256,0.9609375,13,31.12,0.39,30.73,0.0,1902,0.9453125,LOST
11,2,256,0.98046875,14,31.59,0.24,31.27,0.08,1917,0.97265625,RETURNED
11,2,256,0.98828125,15,31.8,0.42,31.24,0.14,1942,0.98046875,RETURNED
11,2,256,1.0,16,29.59,0.17,28.97,0.45,1798,0.98828125,RETURNED
11,3,256,0.91015625,0,31.13,0.26,30.77,0.1,1908,0.609375,RETURNED
11,3,256,0.98046875,1,31.26,0.29,30.98,0.0,1907,0.88671875,LOST
11,3,256,0.9765625,2,31.11,0.28,30.83,0.0,1917,0.921875,LOST
11,3,256,0.953125,3,31.52,0.35,31.18,0.0,1924,0.90625,LOST
11,3,256,0.9453125,4,30.89,0.23,30.49,0.17,1896,0.91796875,RETURNED
11,3,256,0.93359375,5,31.57,0.13,31.45,0.0,1922,0.890625,LOST
11,3,256,0.9765625,6,30.6,0.19,30.4,0.0,1889,0.94921875,LOST
11,3,256,0.97265625,7,31.02,0.19,30.66,0.18,1886,0.92578125,RETURNED
11,3,256,0.98046875,8,30.83,0.25,30.58,0.0,1905,0.96484375,LOST
11,3,256,0.9375,9,31.7,0.25,31.31,0.14,1928,0.90234375,RETURNED
11,3,256,0.98046875,10,31.0,0.13,30.87,0.0,1910,0.953125,LOST
11,3,256,0.9921875,11,31.1,0.12,30.98,0.0,1909,0.97265625,LOST
11,3,256,0.98828125,12,31.03,0.22,30.81,0.0,1910,0.96484375,LOST
11,3,256,0.97265625,13,30.85,0.18,30.67,0.0,1902,0.9453125,LOST
11,3,256,0.96484375,14,31.66,0.38,31.16,0.12,1917,0.93359375,RETURNED
11,3,256,0.984375,15,31.52,0.18,31.2,0.14,1942,0.98046875,RETURNED
11,3,256,0.99609375,16,31.06,0.29,30.59,0.18,1905,0.98046875,RETURNED
12,361.94,0.26
12,0,256,0.921875,0,31.07,0.1,30.78,0.19,1908,0.6171875,RETURNED
12,0,256,0.9609375,1,31.42,0.22,31.21,0.0,1907,0.71484375,LOST
12,0,256,0.89453125,2,31.31,0.3,31.01,0.0,1917,0.625,LOST
12,0,256,0.90234375,3,31.58,0.24,31.34,0.0,1924,0.61328125,LOST
12,0,256,0.9609375,4,30.94,0.18,30.6,0.16,1896,0.91796875,RETURNED
12,0,256,0.98046875,5,31.7,0.26,31.44,0.0,1922,0.9609375,LOST
12,0,256,0.984375,6,31.11,0.25,30.86,0.0,1889,0.9609375,LOST
12,0,256,0.97265625,7,31.02,0.3,30.5,0.22,1886,0.95703125,RETURNED
12,0,256,0.98828125,8,30.99,0.16,30.83,0.0,1905,0.984375,LOST
12,0,256,0.96484375,9,31.54,0.19,31.19,0.17,1928,0.9453125,RETURNED
12,0,256,0.953125,10,31.34,0.24,31.11,0.0,1910,0.9453125,LOST
12,1,256,0.9140625,0,31.24,0.16,30.97,0.12,1908,0.62109375,RETURNED
12,1,256,0.94140625,1,31.55,0.25,31.3,0.0,1907,0.84375,LOST
12,1,256,0.98046875,2,31.33,0.16,31.17,0.0,1917,0.9140625,LOST
12,1,256,0.94921875,3,31.71,0.25,31.46,0.0,1924,0.8984375,LOST
12,1,256,0.95703125,4,31.18,0.29,30.79,0.1,1896,0.921875,RETURNED
12,1,256,0.97265625,5,31.78,0.32,31.45,0.0,1922,0.94921875,LOST
12,1,256,0.98046875,6,31.1,0.13,30.97,0.0,1889,0.9609375,LOST
12,1,256,0.97265625,7,30.93,0.14,30.62,0.17,1886,0.91796875,RETURNED
12,1,256,0.98046875,8,31.19,0.14,31.06,0.0,1905,0.97265625,LOST
12,1,256,0.96875,9,31.61,0.16,31.33,0.12,1928,0.95703125,RETURNED
12,1,256,0.96875,10,31.47,0.22,31.25,0.0,1910,0.96484375,LOST
12,2,256,0.90625,0,31.5,0.29,30.93,0.27,1908,0.6328125,RETURNED
12,2,256,0.96484375,1,31.41,0.11,31.3,0.0,1907,0.90234375,LOST
12,2,256,0.94140625,2,31.83,0.6,31.23,0.0,1917,0.87109375,LOST
12,2,256,0.96484375,3,31.69,0.19,31.5,0.0,1924,0.90234375,LOST
12,2,256,0.95703125,4,31.34,0.22,30.93,0.19,1896,0.9140625,RETURNED
12,2,256,0.96484375,5,31.71,0.26,31.45,0.0,1922,0.95703125,LOST
12,2,256,0.98046875,6,31.18,0.11,31.08,0.0,1889,0.9609375,LOST
12,2,256,0.95703125,7,31.05,0.16,30.77,0.12,1886,0.90625,RETURNED
12,2,256,0.98828125,8,31.27,0.18,31.1,0.0,1905,0.984375,LOST
12,2,256,0.9765625,9,31.94,0.3,31.47,0.17,1928,0.96875,RETURNED
12,2,256,1.0,10,20.92,0.24,20.68,0.0,1262,0.98046875,LOST
12,3,256,0.921875,0,31.1,0.28,30.68,0.13,1908,0.6171875,RETURNED
12,3,256,0.92578125,1,31.21,0.2,31.02,0.0,1907,0.62109375,LOST
12,3,256,0.96484375,2,31.1,0.24,30.86,0.0,1917,0.90625,LOST
12,3,256,0.97265625,3,31.28,0.14,31.14,0.0,1924,0.91796875,LOST
12,3,256,0.9609375,4,30.75,0.17,30.45,0.13,1896,0.921875,RETURNED
12,3,256,0.94921875,5,31.37,0.11,31.26,0.0,1922,0.90625,LOST
12,3,256,0.9765625,6,30.59,0.11,30.48,0.0,1889,0.95703125,LOST
12,3,256,0.984375,7,30.94,0.25,30.49,0.2,1886,0.95703125,RETURNED
12,3,256,0.984375,8,30.97,0.25,30.72,0.0,1905,0.984375,LOST
12,3,256,0.97265625,9,31.62,0.39,31.06,0.17,1928,0.9609375,RETURNED
12,3,256,1.0,10,28.1,0.26,27.6,0.23,1701,0.97265625,RETURNED
13,362.27,0.25
13,0,256,0.89453125,0,32.24,0.25,31.85,0.14,1908,0.64453125,RETURNED
13,0,256,0.90625,1,32.01,0.18,31.83,0.0,1907,0.6171875,LOST
13,0,256,0.953125,2,32.3,0.28,32.03,0.0,1917,0.89453125,LOST
13,0,256,0.89453125,3,32.26,0.17,32.08,0.0,1924,0.609375,LOST
13,0,256,0.96875,4,31.95,0.2,31.66,0.08,1896,0.89453125,RETURNED
13,0,256,0.95703125,5,32.23,0.17,32.06,0.0,1922,0.90625,LOST
13,0,256,0.9921875,6,31.93,0.3,31.63,0.0,1889,0.96875,LOST
13,0,256,0.984375,7,31.71,0.15,31.45,0.11,1886,0.9453125,RETURNED
13,0,256,0.984375,8,32.08,0.18,31.9,0.0,1905,0.95703125,LOST
13,0,256,0.99609375,9,32.6,0.17,32.2,0.23,1928,0.9765625,RETURNED
13,0,256,1.0,10,10.07,0.16,9.92,0.0,595,0.99609375,LOST
13,1,256,0.90625,0,34.19,0.1,33.93,0.16,1908,0.64453125,RETURNED
13,1,256,0.9375,1,34.02,0.16,33.86,0.0,1907,0.83203125,LOST
13,1,256,0.9140625,2,34.13,0.17,33.96,0.0,1917,0.62890625,LOST
13,1,256,0.95703125,3,34.35,0.26,34.1,0.0,1924,0.90625,LOST
13,1,256,0.94921875,4,33.79,0.21,33.5,0.08,1896,0.90625,RETURNED
13,1,256,0.96875,5,34.09,0.22,33.87,0.0,1922,0.9140625,LOST
13,1,256,0.96875,6,33.56,0.17,33.39,0.0,1889,0.953125,LOST
13,1,256,0.98046875,7,33.96,0.26,33.61,0.1,1886,0.94921875,RETURNED
13,1,256,0.9921875,8,34.12,0.14,33.98,0.0,1905,0.9765625,LOST
13,1,256,0.984375,9,34.66,0.14,34.37,0.14,1928,0.94140625,RETURNED
13,2,256,0.90625,0,32.26,0.26,31.88,0.12,1908,0.62890625,RETURNED
13,2,256,0.90234375,1,32.07,0.23,31.83,0.0,1907,0.62109375,LOST
13,2,256,0.9609375,2,32.21,0.1,32.11,0.0,1917,0.8984375,LOST
13,2,256,0.96875,3,32.34,0.19,32.15,0.0,1924,0.875,LOST
13,2,256,0.94921875,4,32.22,0.36,31.69,0.16,1896,0.88671875,RETURNED
13,2,256,0.97265625,5,33.25,1.17,32.08,0.0,1922,0.9296875,LOST
13,2,256,0.984375,6,31.9,0.32,31.58,0.0,1889,0.96484375,LOST
13,2,256,0.9609375,7,31.74,0.16,31.47,0.12,1886,0.921875,RETURNED
13,2,256,0.9921875,8,31.95,0.11,31.83,0.0,1905,0.98046875,LOST
13,2,256,0.953125,9,32.52,0.2,32.19,0.14,1928,0.921875,RETURNED
13,2,256,1.0,10,10.25,0.23,10.02,0.0,595,0.99609375,LOST
13,3,256,0.90625,0,32.33,0.18,31.95,0.19,1908,0.63671875,RETURNED
13,3,256,0.88671875,1,32.0,0.17,31.83,0.0,1907,0.625,LOST
13,3,256,0.9609375,2,32.41,0.27,32.14,0.0,1917,0.90625,LOST
13,3,256,0.95703125,3,32.36,0.16,32.2,0.0,1924,0.87109375,LOST
13,3,256,0.953125,4,32.09,0.22,31.79,0.08,1896,0.90625,RETURNED
13,3,256,0.96484375,5,32.3,0.22,32.07,0.0,1922,0.95703125,LOST
13,3,256,0.96875,6,31.68,0.15,31.53,0.0,1889,0.94921875,LOST
13,3,256,0.9765625,7,31.7,0.15,31.42,0.12,1886,0.96484375,RETURNED
13,3,256,0.98828125,8,31.91,0.1,31.81,0.0,1905,0.984375,LOST
13,3,256,0.97265625,9,32.63,0.32,32.21,0.1,1928,0.98046875,RETURNED
13,3,256,1.0,10,10.1,0.18,9.93,0.0,595,0.99609375,LOST
14,584.71,0.27
14,0,256,0.921875,0,31.22,0.12,30.93,0.17,1908,0.61328125,RETURNED
14,0,256,0.953125,1,30.85,0.16,30.69,0.0,1907,0.8671875,LOST
14,0,256,0.90625,2,31.66,0.16,31.5,0.0,1917,0.640625,LOST
14,0,256,0.96484375,3,31.09,0.12,30.97,0.0,1924,0.91796875,LOST
14,0,256,0.94140625,4,30.95,0.2,30.63,0.13,1896,0.87890625,RETURNED
14,0,256,0.96484375,5,31.21,0.21,31.0,0.0,1922,0.94140625,LOST
14,0,256,0.97265625,6,30.86,0.1,30.76,0.0,1889,0.94140625,LOST
14,0,256,0.96875,7,30.72,0.19,30.41,0.13,1886,0.94921875,RETURNED
14,0,256,0.9609375,8,31.37,0.39,30.98,0.0,1905,0.94140625,LOST
14,0,256,0.9765625,9,31.31,0.11,31.11,0.09,1928,0.9609375,RETURNED
14,0,256,0.984375,10,31.34,0.24,31.1,0.0,1910,0.98046875,LOST
14,0,256,0.9921875,11,30.81,0.16,30.65,0.0,1909,0.984375,LOST
14,0,256,0.984375,12,31.19,0.11,31.08,0.0,1910,0.96484375,LOST
14,0,256,0.9921875,13,30.89,0.16,30.74,0.0,1902,0.98046875,LOST
14,0,256,0.98828125,14,31.39,0.12,31.19,0.09,1917,0.95703125,RETURNED
14,0,256,0.984375,15,31.66,0.29,31.25,0.12,1942,0.98046875,RETURNED
14,0,256,0.99609375,16,31.32,0.12,31.08,0.12,1905,0.9921875,RETURNED
14,0,256,0.98828125,17,30.79,0.11,30.57,0.12,1898,0.9921875,RETURNED
14,0,256,1.0,18,0.92,0.25,0.67,0.0,41,0.99609375,LOST
14,1,256,0.9140625,0,31.26,0.2,30.9,0.17,1908,0.62109375,RETURNED
14,1,256,0.9609375,1,30.78,0.23,30.55,0.0,1907,0.921875,LOST
14,1,256,0.9453125,2,31.46,0.19,31.27,0.0,1917,0.8828125,LOST
14,1,256,0.94921875,3,31.02,0.18,30.84,0.0,1924,0.91015625,LOST
14,1,256,0.94921875,4,30.76,0.13,30.53,0.1,1896,0.9140625,RETURNED
14,1,256,0.98046875,5,31.13,0.2,30.92,0.0,1922,0.93359375,LOST
14,1,256,0.95703125,6,30.75,0.15,30.6,0.0,1889,0.9296875,LOST
14,1,256,0.953125,7,30.66,0.24,30.3,0.13,1886,0.92578125,RETURNED
14,1,256,0.97265625,8,31.03,0.11,30.92,0.0,1905,0.953125,LOST
14,1,256,0.96484375,9,31.33,0.21,30.99,0.13,1928,0.9453125,RETURNED
14,1,256,0.98046875,10,31.12,0.18,30.94,0.0,1910,0.96875,LOST
14,1,256,0.9921875,11,30.64,0.1,30.53,0.0,1909,0.97265625,LOST
14,1,256,0.9921875,12,31.5,0.54,30.97,0.0,1910,0.98046875,LOST
14,1,256,0.98828125,13,30.74,0.11,30.63,0.0,1902,0.98046875,LOST
14,1,256,0.984375,14,31.5,0.46,30.95,0.08,1917,0.95703125,RETURNED
14,1,256,0.9921875,15,31.37,0.1,31.17,0.1,1942,0.98046875,RETURNED
14,1,256,0.9921875,16,31.3,0.17,30.96,0.18,1905,0.98046875,RETURNED
14,1,256,0.9921875,17,30.72,0.12,30.45,0.15,1898,0.9921875,RETURNED
14,1,256,1.0,18,1.55,0.12,1.36,0.08,85,0.99609375,RETURNED
14,2,256,0.92578125,0,31.17,0.17,30.87,0.13,1908,0.62890625,RETURNED
14,2,256,0.953125,1,30.73,0.15,30.58,0.0,1907,0.921875,LOST
14,2,256,0.95703125,2,31.65,0.32,31.33,0.0,1917,0.90625,LOST
14,2,256,0.9765625,3,31.05,0.16,30.89,0.0,1924,0.90625,LOST
14,2,256,0.90234375,4,30.99,0.26,30.6,0.12,1896,0.62109375,RETURNED
14,2,256,0.98046875,5,31.47,0.49,30.98,0.0,1922,0.94921875,LOST
14,2,256,0.98046875,6,30.76,0.11,30.65,0.0,1889,0.921875,LOST
14,2,256,0.96875,7,30.81,0.23,30.39,0.19,1886,0.91015625,RETURNED
14,2,256,0.98046875,8,31.2,0.27,30.93,0.0,1905,0.96875,LOST
14,2,256,0.98046875,9,31.42,0.24,31.04,0.13,1928,0.96484375,RETURNED
14,2,256,0.97265625,10,31.23,0.28,30.96,0.0,1910,0.9609375,LOST
14,2,256,0.99609375,11,30.79,0.19,30.6,0.0,1909,0.9765625,LOST
14,2,256,0.99609375,12,31.06,0.12,30.93,0.0,1910,0.984375,LOST
14,2,256,0.98828125,13,30.75,0.11,30.64,0.0,1902,0.98046875,LOST
14,2,256,0.98828125,14,31.54,0.24,31.0,0.31,1917,0.9765625,RETURNED
14,2,256,0.98046875,15,31.68,0.11,31.23,0.34,1942,0.98828125,RETURNED
14,2,256,0.9921875,16,31.48,0.37,31.0,0.12,1905,0.9921875,RETURNED
14,2,256,0.99609375,17,30.76,0.15,30.48,0.13,1898,0.9921875,RETURNED
14,2,256,1.0,18,1.65,0.17,1.39,0.09,85,0.99609375,RETURNED
14,3,256,0.921875,0,31.42,0.13,31.12,0.17,1908,0.6171875,RETURNED
14,3,256,0.95703125,1,31.0,0.21,30.78,0.0,1907,0.83984375,LOST
14,3,256,0.9609375,2,31.51,0.17,31.34,0.0,1917,0.90625,LOST
14,3,256,0.97265625,3,31.12,0.17,30.95,0.0,1924,0.9140625,LOST
14,3,256,0.93359375,4,30.95,0.17,30.64,0.14,1896,0.89453125,RETURNED
14,3,256,0.9609375,5,31.34,0.21,31.13,0.0,1922,0.91796875,LOST
14,3,256,0.9765625,6,31.08,0.21,30.86,0.0,1889,0.94140625,LOST
14,3,256,0.95703125,7,30.73,0.1,30.54,0.08,1886,0.93359375,RETURNED
14,3,256,0.98046875,8,31.31,0.16,31.14,0.0,1905,0.96484375,LOST
14,3,256,0.98046875,9,31.55,0.19,31.24,0.12,1928,0.96484375,RETURNED
14,3,256,0.98828125,10,31.32,0.17,31.15,0.0,1910,0.98046875,LOST
14,3,256,0.99609375,11,30.87,0.11,30.76,0.0,1909,0.98046875,LOST
14,3,256,0.99609375,12,31.4,0.21,31.19,0.0,1910,0.95703125,LOST
14,3,256,0.97265625,13,30.99,0.11,30.88,0.0,1902,0.96875,LOST
14,3,256,0.97265625,14,31.46,0.31,31.05,0.1,1917,0.93359375,RETURNED
14,3,256,0.9921875,15,31.62,0.26,31.2,0.16,1942,0.97265625,RETURNED
14,3,256,0.99609375,16,31.34,0.11,31.06,0.17,1905,0.984375,RETURNED
14,3,256,0.9921875,17,30.88,0.22,30.53,0.13,1898,0.9921875,RETURNED
15,330.80,0.28
15,0,256,0.875,0,30.62,0.27,30.17,0.17,1908,0.61328125,RETURNED
15,0,256,0.9609375,1,30.61,0.46,30.15,0.0,1907,0.875,LOST
15,0,256,0.90625,2,30.47,0.13,30.35,0.0,1917,0.65234375,LOST
15,0,256,0.96484375,3,30.96,0.11,30.85,0.0,1924,0.87890625,LOST
15,0,256,0.94140625,4,30.43,0.13,30.1,0.2,1896,0.8828125,RETURNED
15,0,256,0.97265625,5,30.97,0.26,30.71,0.0,1922,0.94140625,LOST
15,0,256,0.98046875,6,30.21,0.29,29.92,0.0,1889,0.9453125,LOST
15,0,256,0.98046875,7,30.28,0.16,30.01,0.11,1886,0.94140625,RETURNED
15,0,256,0.984375,8,30.3,0.13,30.18,0.0,1905,0.97265625,LOST
15,0,256,0.98828125,9,30.9,0.12,30.65,0.13,1928,0.97265625,RETURNED
15,1,256,0.91796875,0,30.25,0.12,30.03,0.1,1908,0.6171875,RETURNED
15,1,256,0.953125,1,30.24,0.18,30.06,0.0,1907,0.8671875,LOST
15,1,256,0.9453125,2,30.37,0.19,30.17,0.0,1917,0.859375,LOST
15,1,256,0.9296875,3,31.19,0.16,31.04,0.0,1924,0.8671875,LOST
15,1,256,0.96875,4,30.89,0.24,30.42,0.23,1896,0.91015625,RETURNED
15,1,256,0.98046875,5,31.09,0.2,30.9,0.0,1922,0.96484375,LOST
15,1,256,0.98046875,6,30.11,0.35,29.76,0.0,1889,0.96484375,LOST
15,1,256,0.96875,7,30.28,0.24,29.85,0.19,1886,0.94140625,RETURNED
15,1,256,0.98046875,8,30.26,0.18,30.08,0.0,1905,0.96875,LOST
15,1,256,1.0,9,22.91,0.61,22.3,0.0,1410,0.98046875,LOST
15,2,256,0.90234375,0,31.1,0.5,30.37,0.23,1908,0.625,RETURNED
15,2,256,0.95703125,1,30.63,0.18,30.46,0.0,1907,0.86328125,LOST
15,2,256,0.96484375,2,30.86,0.24,30.61,0.0,1917,0.88671875,LOST
15,2,256,0.9609375,3,31.39,0.14,31.25,0.0,1924,0.9140625,LOST
15,2,256,0.96484375,4,30.72,0.18,30.43,0.12,1896,0.90625,RETURNED
15,2,256,0.9765625,5,31.43,0.42,31.01,0.0,1922,0.96484375,LOST
15,2,256,0.984375,6,30.41,0.28,30.13,0.0,1889,0.96875,LOST
15,2,256,0.96484375,7,30.67,0.34,30.21,0.11,1886,0.90234375,RETURNED
15,2,256,0.9921875,8,30.54,0.16,30.37,0.0,1905,0.98046875,LOST
15,2,256,0.98828125,9,31.23,0.16,30.79,0.27,1928,0.98046875,RETURNED
15,3,256,0.91796875,0,30.46,0.22,30.1,0.14,1908,0.6328125,RETURNED
15,3,256,0.94140625,1,30.59,0.42,30.17,0.0,1907,0.8671875,LOST
15,3,256,0.95703125,2,30.45,0.15,30.29,0.0,1917,0.9140625,LOST
15,3,256,0.9375,3,31.02,0.11,30.91,0.0,1924,0.90625,LOST
15,3,256,0.9453125,4,30.53,0.12,30.22,0.19,1896,0.87890625,RETURNED
15,3,256,0.96484375,5,31.11,0.42,30.7,0.0,1922,0.9453125,LOST
15,3,256,0.98828125,6,30.07,0.15,29.92,0.0,1889,0.96484375,LOST
15,3,256,0.9765625,7,30.3,0.16,30.05,0.09,1886,0.9375,RETURNED
15,3,256,0.9921875,8,30.43,0.24,30.18,0.0,1905,0.98046875,LOST
15,3,256,0.98046875,9,30.93,0.18,30.63,0.12,1928,0.9453125,RETURNED
16,302.29,0.28
16,0,256,0.91796875,0,30.49,0.14,30.18,0.17,1908,0.6328125,RETURNED
16,0,256,0.9453125,1,30.26,0.2,30.06,0.0,1907,0.88671875,LOST
16,0,256,0.9609375,2,30.7,0.26,30.43,0.0,1917,0.9140625,LOST
16,0,256,0.9453125,3,30.5,0.13,30.37,0.0,1924,0.91796875,LOST
16,0,256,0.953125,4,30.4,0.23,30.05,0.12,1896,0.90625,RETURNED
16,0,256,0.95703125,5,30.48,0.16,30.31,0.0,1922,0.9296875,LOST
16,0,256,0.97265625,6,30.12,0.16,29.97,0.0,1889,0.953125,LOST
16,0,256,0.984375,7,30.3,0.18,29.83,0.3,1886,0.921875,RETURNED
16,0,256,0.9921875,8,30.5,0.29,30.2,0.0,1905,0.9921875,LOST
16,1,256,0.88671875,0,30.48,0.24,30.16,0.08,1908,0.63671875,RETURNED
16,1,256,0.9609375,1,30.25,0.19,30.06,0.0,1907,0.9140625,LOST
16,1,256,0.96484375,2,30.71,0.3,30.41,0.0,1917,0.89453125,LOST
16,1,256,0.94140625,3,30.6,0.26,30.35,0.0,1924,0.875,LOST
16,1,256,0.97265625,4,30.34,0.12,30.04,0.18,1896,0.9296875,RETURNED
16,1,256,0.9296875,5,30.45,0.16,30.29,0.0,1922,0.9296875,LOST
16,1,256,0.95703125,6,30.13,0.17,29.95,0.0,1889,0.9453125,LOST
16,1,256,0.99609375,7,30.35,0.22,29.78,0.35,1886,0.94921875,RETURNED
16,1,256,0.9921875,8,30.37,0.18,30.19,0.0,1905,0.9921875,LOST
16,2,256,0.9296875,0,30.62,0.12,30.38,0.13,1908,0.6484375,RETURNED
16,2,256,0.94921875,1,30.49,0.2,30.29,0.0,1907,0.87890625,LOST
16,2,256,0.93359375,2,30.88,0.26,30.62,0.0,1917,0.87890625,LOST
16,2,256,0.9453125,3,30.73,0.16,30.57,0.0,1924,0.8828125,LOST
16,2,256,0.94921875,4,30.62,0.25,30.22,0.15,1896,0.87890625,RETURNED
16,2,256,0.98046875,5,30.75,0.18,30.57,0.0,1922,0.953125,LOST
16,2,256,0.96875,6,30.39,0.18,30.2,0.0,1889,0.953125,LOST
16,2,256,0.984375,7,30.36,0.19,30.07,0.1,1886,0.94921875,RETURNED
16,2,256,0.984375,8,30.57,0.13,30.44,0.0,1905,0.984375,LOST
16,3,256,0.90234375,0,30.8,0.13,30.58,0.09,1908,0.61328125,RETURNED
16,3,256,0.9140625,1,30.79,0.2,30.59,0.0,1907,0.62890625,LOST
16,3,256,0.95703125,2,31.08,0.2,30.88,0.0,1917,0.8359375,LOST
16,3,256,0.94921875,3,31.05,0.25,30.79,0.0,1924,0.8984375,LOST
16,3,256,0.91796875,4,30.87,0.26,30.51,0.1,1896,0.609375,RETURNED
16,3,256,0.96875,5,30.89,0.18,30.7,0.0,1922,0.96484375,LOST
16,3,256,0.96875,6,30.42,0.15,30.27,0.0,1889,0.93359375,LOST
16,3,256,0.99609375,7,30.57,0.22,30.22,0.13,1886,0.94140625,RETURNED
16,3,256,1.0,8,23.68,0.24,23.44,0.0,1454,0.99609375,LOST
17,352.76,0.28
17,0,256,0.8984375,0,31.2,0.28,30.79,0.13,1908,0.6171875,RETURNED
17,0,256,0.953125,1,31.09,0.27,30.82,0.0,1907,0.890625,LOST
17,0,256,0.95703125,2,31.29,0.14,31.16,0.0,1917,0.87890625,LOST
17,0,256,0.96484375,3,31.11,0.11,31.0,0.0,1924,0.88671875,LOST
17,0,256,0.9453125,4,30.89,0.11,30.67,0.1,1896,0.85546875,RETURNED
17,0,256,0.96875,5,31.08,0.13,30.95,0.0,1922,0.93359375,LOST
17,0,256,0.98828125,6,30.69,0.12,30.57,0.0,1889,0.9453125,LOST
17,0,256,0.984375,7,30.66,0.11,30.46,0.08,1886,0.9453125,RETURNED
17,0,256,0.98046875,8,31.03,0.22,30.81,0.0,1905,0.984375,LOST
17,0,256,0.9375,9,31.57,0.25,31.16,0.16,1928,0.85546875,RETURNED
17,0,256,1.0,10,15.42,0.18,15.24,0.0,949,0.98828125,LOST
17,1,256,0.90625,0,30.58,0.27,30.13,0.17,1908,0.63671875,RETURNED
17,1,256,0.9140625,1,30.4,0.25,30.15,0.0,1907,0.61328125,LOST
17,1,256,0.94921875,2,30.79,0.2,30.59,0.0,1917,0.89453125,LOST
17,1,256,0.96484375,3,30.48,0.11,30.37,0.0,1924,0.91015625,LOST
17,1,256,0.91015625,4,30.3,0.23,29.99,0.08,1896,0.60546875,RETURNED
17,1,256,0.94921875,5,30.6,0.26,30.33,0.0,1922,0.90625,LOST
17,1,256,0.9609375,6,30.08,0.15,29.94,0.0,1889,0.91796875,LOST
17,1,256,0.9765625,7,30.1,0.2,29.82,0.09,1886,0.94140625,RETURNED
17,1,256,0.98046875,8,30.4,0.16,30.24,0.0,1905,0.97265625,LOST
17,1,256,0.98828125,9,31.07,0.31,30.52,0.24,1928,0.96875,RETURNED
17,1,256,1.0,10,15.34,0.29,15.05,0.0,949,0.98828125,LOST
17,2,256,0.91015625,0,30.64,0.28,30.17,0.2,1908,0.625,RETURNED
17,2,256,0.953125,1,30.39,0.18,30.21,0.0,1907,0.90625,LOST
17,2,256,0.96875,2,30.76,0.23,30.53,0.0,1917,0.8984375,LOST
17,2,256,0.95703125,3,30.54,0.17,30.37,0.0,1924,0.859375,LOST
17,2,256,0.9375,4,30.26,0.12,30.0,0.14,1896,0.91015625,RETURNED
17,2,256,0.96875,5,30.8,0.42,30.38,0.0,1922,0.93359375,LOST
17,2,256,0.984375,6,30.16,0.14,30.02,0.0,1889,0.9453125,LOST
17,2,256,0.97265625,7,30.31,0.26,29.92,0.13,1886,0.9453125,RETURNED
17,2,256,0.9765625,8,30.72,0.5,30.22,0.0,1905,0.97265625,LOST
17,2,256,0.94140625,9,30.78,0.12,30.54,0.12,1928,0.87109375,RETURNED
17,2,256,0.984375,10,30.44,0.25,30.19,0.0,1910,0.98046875,LOST
17,3,256,0.9140625,0,30.55,0.31,30.16,0.09,1908,0.6328125,RETURNED
17,3,256,0.97265625,1,30.29,0.16,30.14,0.0,1907,0.91015625,LOST
17,3,256,0.92578125,2,30.73,0.21,30.52,0.0,1917,0.61328125,LOST
17,3,256,0.94140625,3,30.69,0.37,30.31,0.0,1924,0.87890625,LOST
17,3,256,0.94921875,4,30.17,0.13,29.9,0.14,1896,0.890625,RETURNED
17,3,256,0.96875,5,30.47,0.15,30.32,0.0,1922,0.921875,LOST
17,3,256,0.98828125,6,30.17,0.23,29.94,0.0,1889,0.94921875,LOST
17,3,256,0.96875,7,30.24,0.22,29.85,0.17,1886,0.91015625,RETURNED
17,3,256,0.98046875,8,30.41,0.23,30.18,0.0,1905,0.97265625,LOST
17,3,256,0.98046875,9,30.96,0.23,30.49,0.24,1928,0.9765625,RETURNED
17,3,256,0.98046875,10,30.42,0.24,30.17,0.0,1910,0.98046875,LOST
18,411.47,0.27
18,0,256,0.92578125,0,34.99,0.11,34.73,0.16,1908,0.62109375,RETURNED
18,0,256,0.96484375,1,34.83,0.14,34.69,0.0,1907,0.92578125,LOST
18,0,256,0.96484375,2,35.66,0.25,35.41,0.0,1917,0.90234375,LOST
18,0,256,0.9609375,3,35.65,0.15,35.5,0.0,1924,0.890625,LOST
18,0,256,0.90234375,4,34.77,0.18,34.5,0.09,1896,0.62890625,RETURNED
18,0,256,0.9609375,5,35.15,0.14,35.01,0.0,1922,0.921875,LOST
18,0,256,0.96484375,6,34.49,0.14,34.35,0.0,1889,0.90625,LOST
18,0,256,0.9453125,7,34.72,0.23,34.36,0.13,1886,0.90625,RETURNED
18,0,256,0.98046875,8,34.77,0.18,34.59,0.0,1905,0.9609375,LOST
18,0,256,0.98828125,9,35.38,0.16,35.13,0.1,1928,0.96484375,RETURNED
18,0,256,0.99609375,10,34.99,0.23,34.76,0.0,1910,0.98828125,LOST
18,1,256,0.91015625,0,35.05,0.13,34.8,0.13,1908,0.6171875,RETURNED
18,1,256,0.94921875,1,34.85,0.12,34.73,0.0,1907,0.8828125,LOST
18,1,256,0.96484375,2,35.3,0.39,34.92,0.0,1917,0.8828125,LOST
18,1,256,0.9140625,3,35.18,0.1,35.07,0.0,1924,0.6484375,LOST
18,1,256,0.94921875,4,35.13,0.15,34.51,0.47,1896,0.92578125,RETURNED
18,1,256,0.95703125,5,35.2,0.16,35.04,0.0,1922,0.94921875,LOST
18,1,256,0.98046875,6,34.58,0.17,34.42,0.0,1889,0.94921875,LOST
18,1,256,0.9609375,7,34.79,0.29,34.37,0.13,1886,0.94140625,RETURNED
18,1,256,0.96484375,8,34.89,0.19,34.7,0.0,1905,0.9609375,LOST
18,1,256,0.98046875,9,35.6,0.27,35.16,0.17,1928,0.9453125,RETURNED
18,1,256,0.99609375,10,34.93,0.12,34.81,0.0,1910,0.98046875,LOST
18,2,256,0.8984375,0,35.32,0.17,35.04,0.11,1908,0.6171875,RETURNED
18,2,256,0.9609375,1,35.1,0.11,34.99,0.0,1907,0.92578125,LOST
18,2,256,0.95703125,2,35.4,0.19,35.22,0.0,1917,0.89453125,LOST
18,2,256,0.95703125,3,35.7,0.41,35.29,0.0,1924,0.8984375,LOST
18,2,256,0.94921875,4,35.29,0.15,34.77,0.37,1896,0.91796875,RETURNED
18,2,256,0.95703125,5,35.83,0.46,35.37,0.0,1922,0.921875,LOST
18,2,256,0.984375,6,35.01,0.27,34.74,0.0,1889,0.9296875,LOST
18,2,256,0.96484375,7,35.01,0.22,34.7,0.08,1886,0.9296875,RETURNED
18,2,256,0.98828125,8,35.12,0.16,34.96,0.0,1905,0.96484375,LOST
18,2,256,0.95703125,9,36.07,0.38,35.41,0.29,1928,0.91015625,RETURNED
18,2,256,0.99609375,10,35.33,0.26,35.07,0.0,1910,0.98046875,LOST
18,3,256,0.9140625,0,35.25,0.2,34.9,0.15,1908,0.6171875,RETURNED
18,3,256,0.96484375,1,35.06,0.24,34.82,0.0,1907,0.91015625,LOST
18,3,256,0.95703125,2,35.22,0.23,34.99,0.0,1917,0.90234375,LOST
18,3,256,0.94921875,3,35.32,0.16,35.16,0.0,1924,0.90625,LOST
18,3,256,0.89453125,4,34.89,0.14,34.57,0.19,1896,0.61328125,RETURNED
18,3,256,0.95703125,5,35.45,0.29,35.16,0.0,1922,0.90234375,LOST
18,3,256,0.98828125,6,34.65,0.18,34.47,0.0,1889,0.94921875,LOST
18,3,256,0.9453125,7,34.62,0.1,34.41,0.1,1886,0.87109375,RETURNED
18,3,256,0.98046875,8,34.9,0.18,34.72,0.0,1905,0.9609375,LOST
18,3,256,0.98046875,9,35.59,0.23,35.24,0.11,1928,0.94921875,RETURNED
18,3,256,1.0,10,26.27,0.31,25.96,0.0,1423,0.9765625,LOST
19,424.67,0.27
19,0,256,0.92578125,0,31.18,0.14,30.91,0.13,1908,0.6171875,RETURNED
19,0,256,0.9296875,1,30.98,0.18,30.8,0.0,1907,0.77734375,LOST
19,0,256,0.89453125,2,31.08,0.13,30.96,0.0,1917,0.62109375,LOST
19,0,256,0.97265625,3,31.12,0.11,31.01,0.0,1924,0.91015625,LOST
19,0,256,0.94921875,4,30.97,0.23,30.59,0.15,1896,0.8984375,RETURNED
19,0,256,0.9609375,5,31.21,0.23,30.98,0.0,1922,0.94921875,LOST
19,0,256,0.96875,6,30.82,0.13,30.7,0.0,1889,0.95703125,LOST
19,0,256,0.984375,7,30.78,0.22,30.48,0.08,1886,0.9765625,RETURNED
19,0,256,0.984375,8,30.94,0.13,30.81,0.0,1905,0.984375,LOST
19,0,256,0.9765625,9,31.29,0.12,31.05,0.12,1928,0.94921875,RETURNED
19,0,256,0.9921875,10,31.21,0.23,30.98,0.0,1910,0.9765625,LOST
19,0,256,0.98828125,11,30.99,0.23,30.76,0.0,1909,0.9765625,LOST
19,0,256,0.98828125,12,30.91,0.12,30.79,0.0,1910,0.96484375,LOST
19,1,256,0.8984375,0,30.94,0.42,30.32,0.19,1908,0.62109375,RETURNED
19,1,256,0.9140625,1,30.41,0.18,30.24,0.0,1907,0.7890625,LOST
19,1,256,0.9609375,2,30.58,0.24,30.35,0.0,1917,0.921875,LOST
19,1,256,0.94921875,3,30.6,0.16,30.44,0.0,1924,0.8984375,LOST
19,1,256,0.953125,4,30.4,0.15,30.09,0.16,1896,0.90234375,RETURNED
19,1,256,0.93359375,5,30.63,0.23,30.4,0.0,1922,0.828125,LOST
19,1,256,0.984375,6,30.28,0.11,30.17,0.0,1889,0.95703125,LOST
19,1,256,0.98046875,7,30.23,0.21,29.91,0.12,1886,0.96875,RETURNED
19,1,256,0.984375,8,30.38,0.11,30.27,0.0,1905,0.9765625,LOST
19,1,256,0.98828125,9,31.03,0.34,30.53,0.15,1928,0.984375,RETURNED
19,1,256,0.99609375,10,30.5,0.14,30.36,0.0,1910,0.98828125,LOST
19,1,256,0.98828125,11,30.46,0.19,30.27,0.0,1909,0.984375,LOST
19,1,256,1.0,12,20.15,0.31,19.84,0.0,1255,0.984375,LOST
19,2,256,0.91015625,0,30.72,0.21,30.35,0.16,1908,0.6171875,RETURNED
19,2,256,0.8984375,1,30.49,0.23,30.26,0.0,1907,0.66015625,LOST
19,2,256,0.9296875,2,30.55,0.14,30.42,0.0,1917,0.88671875,LOST
19,2,256,0.9375,3,30.77,0.25,30.52,0.0,1924,0.8984375,LOST
19,2,256,0.94921875,4,30.3,0.13,30.07,0.09,1896,0.88671875,RETURNED
19,2,256,0.953125,5,30.7,0.24,30.46,0.0,1922,0.8984375,LOST
19,2,256,0.95703125,6,30.5,0.21,30.28,0.0,1889,0.92578125,LOST
19,2,256,0.96484375,7,30.25,0.19,29.96,0.1,1886,0.953125,RETURNED
19,2,256,0.9921875,8,30.47,0.19,30.28,0.0,1905,0.98046875,LOST
19,2,256,0.984375,9,30.88,0.22,30.55,0.11,1928,0.96484375,RETURNED
19,2,256,0.9921875,10,30.69,0.26,30.42,0.0,1910,0.98828125,LOST
19,2,256,0.984375,11,30.52,0.22,30.3,0.0,1909,0.984375,LOST
19,2,256,0.984375,12,30.5,0.21,30.29,0.0,1910,0.94140625,LOST
19,3,256,0.90234375,0,31.47,0.39,30.86,0.22,1908,0.61328125,RETURNED
19,3,256,0.93359375,1,31.05,0.28,30.77,0.0,1907,0.8359375,LOST
19,3,256,0.953125,2,31.07,0.17,30.9,0.0,1917,0.91015625,LOST
19,3,256,0.953125,3,31.3,0.37,30.92,0.0,1924,0.87890625,LOST
19,3,256,0.9765625,4,30.93,0.2,30.57,0.17,1896,0.921875,RETURNED
19,3,256,0.98046875,5,31.22,0.27,30.96,0.0,1922,0.953125,LOST
19,3,256,0.96484375,6,30.8,0.15,30.65,0.0,1889,0.94921875,LOST
19,3,256,0.96875,7,30.7,0.18,30.38,0.13,1886,0.87109375,RETURNED
19,3,256,0.984375,8,31.2,0.4,30.8,0.0,1905,0.984375,LOST
19,3,256,0.984375,9,31.23,0.1,31.03,0.1,1928,0.984375,RETURNED
19,3,256,0.99609375,10,31.03,0.11,30.92,0.0,1910,0.984375,LOST
19,3,256,0.98828125,11,30.93,0.19,30.74,0.0,1909,0.98828125,LOST
19,3,256,1.0,12,23.23,0.23,22.8,0.2,1412,0.98828125,RETURNED
20,361.50,0.26
20,0,256,0.91796875,0,31.09,0.2,30.77,0.12,1908,0.63671875,RETURNED
20,0,256,0.9453125,1,30.69,0.32,30.37,0.0,1907,0.83203125,LOST
20,0,256,0.95703125,2,31.05,0.22,30.82,0.0,1917,0.88671875,LOST
20,0,256,0.9765625,3,30.66,0.14,30.52,0.0,1924,0.91796875,LOST
20,0,256,0.9609375,4,30.67,0.13,30.37,0.18,1896,0.91796875,RETURNED
20,0,256,0.9765625,5,30.81,0.23,30.59,0.0,1922,0.9609375,LOST
20,0,256,0.98828125,6,30.41,0.2,30.22,0.0,1889,0.9765625,LOST
20,0,256,0.98046875,7,30.3,0.15,30.05,0.11,1886,0.94140625,RETURNED
20,0,256,0.984375,8,30.57,0.13,30.44,0.0,1905,0.9765625,LOST
20,0,256,0.984375,9,31.24,0.39,30.74,0.11,1928,0.94921875,RETURNED
20,0,256,0.9921875,10,30.62,0.11,30.51,0.0,1910,0.96875,LOST
20,1,256,0.9296875,0,31.11,0.15,30.8,0.16,1908,0.6171875,RETURNED
20,1,256,0.94140625,1,30.46,0.1,30.36,0.0,1907,0.87109375,LOST
20,1,256,0.95703125,2,30.97,0.17,30.8,0.0,1917,0.9296875,LOST
20,1,256,0.94921875,3,30.7,0.14,30.55,0.0,1924,0.89453125,LOST
20,1,256,0.96484375,4,30.74,0.21,30.36,0.16,1896,0.87890625,RETURNED
20,1,256,0.96484375,5,30.83,0.22,30.61,0.0,1922,0.9375,LOST
20,1,256,0.984375,6,30.42,0.18,30.24,0.0,1889,0.953125,LOST
20,1,256,0.9765625,7,30.31,0.17,30.05,0.1,1886,0.9609375,RETURNED
20,1,256,0.984375,8,30.61,0.16,30.45,0.0,1905,0.9765625,LOST
20,1,256,0.984375,9,31.13,0.2,30.78,0.15,1928,0.9765625,RETURNED
20,1,256,0.99609375,10,30.76,0.18,30.58,0.0,1910,0.984375,LOST
20,2,256,0.90234375,0,31.22,0.17,30.88,0.16,1908,0.62109375,RETURNED
20,2,256,0.96875,1,30.74,0.24,30.5,0.0,1907,0.8828125,LOST
20,2,256,0.96484375,2,31.14,0.27,30.88,0.0,1917,0.91796875,LOST
20,2,256,0.94140625,3,30.83,0.17,30.66,0.0,1924,0.9296875,LOST
20,2,256,0.9765625,4,30.9,0.26,30.48,0.16,1896,0.8984375,RETURNED
20,2,256,0.9765625,5,30.96,0.23,30.73,0.0,1922,0.9609375,LOST
20,2,256,0.9765625,6,30.53,0.19,30.34,0.0,1889,0.94921875,LOST
20,2,256,0.97265625,7,30.38,0.18,30.12,0.08,1886,0.9609375,RETURNED
20,2,256,0.984375,8,30.7,0.11,30.59,0.0,1905,0.9765625,LOST
20,2,256,0.9609375,9,31.23,0.28,30.86,0.09,1928,0.96875,RETURNED
20,2,256,0.98828125,10,30.86,0.18,30.68,0.0,1910,0.98046875,LOST
20,3,256,0.91796875,0,31.42,0.23,30.92,0.27,1908,0.625,RETURNED
20,3,256,0.95703125,1,30.79,0.24,30.55,0.0,1907,0.89453125,LOST
20,3,256,0.94921875,2,31.07,0.14,30.93,0.0,1917,0.87890625,LOST
20,3,256,0.96484375,3,30.97,0.21,30.76,0.0,1924,0.91015625,LOST
20,3,256,0.953125,4,30.97,0.25,30.56,0.15,1896,0.90234375,RETURNED
20,3,256,0.9609375,5,31.09,0.3,30.78,0.0,1922,0.953125,LOST
20,3,256,0.97265625,6,30.63,0.22,30.41,0.0,1889,0.94921875,LOST
20,3,256,0.97265625,7,30.59,0.35,30.16,0.08,1886,0.953125,RETURNED
20,3,256,0.97265625,8,30.7,0.1,30.6,0.0,1905,0.9765625,LOST
20,3,256,0.99609375,9,31.38,0.29,30.89,0.19,1928,0.98046875,RETURNED
20,3,256,1.0,10,17.01,0.25,16.76,0.0,1038,0.99609375,LOST
21,390.20,0.28
21,0,256,0.90625,0,31.32,0.27,30.96,0.1,1908,0.6328125,RETURNED
21,0,256,0.953125,1,30.73,0.18,30.56,0.0,1907,0.88671875,LOST
21,0,256,0.9453125,2,30.93,0.15,30.78,0.0,1917,0.88671875,LOST
21,0,256,0.9140625,3,30.97,0.19,30.77,0.0,1924,0.6171875,LOST
21,0,256,0.94921875,4,30.92,0.25,30.55,0.13,1896,0.875,RETURNED
21,0,256,0.97265625,5,30.92,0.15,30.77,0.0,1922,0.93359375,LOST
21,0,256,0.984375,6,30.65,0.21,30.44,0.0,1889,0.96484375,LOST
21,0,256,0.98828125,7,30.53,0.18,30.23,0.12,1886,0.95703125,RETURNED
21,0,256,0.98828125,8,30.8,0.22,30.58,0.0,1905,0.98828125,LOST
21,0,256,0.98828125,9,31.18,0.24,30.86,0.08,1928,0.98046875,RETURNED
21,0,256,0.99609375,10,31.12,0.26,30.86,0.0,1910,0.99609375,LOST
21,0,256,1.0,11,28.81,0.2,28.48,0.12,1789,0.99609375,RETURNED
21,1,256,0.90234375,0,31.3,0.19,30.99,0.12,1908,0.625,RETURNED
21,1,256,0.95703125,1,30.8,0.17,30.63,0.0,1907,0.91015625,LOST
21,1,256,0.96484375,2,30.98,0.12,30.86,0.0,1917,0.8984375,LOST
21,1,256,0.9609375,3,31.15,0.19,30.97,0.0,1924,0.9296875,LOST
21,1,256,0.97265625,4,31.2,0.28,30.74,0.18,1896,0.94140625,RETURNED
21,1,256,0.98046875,5,31.24,0.29,30.96,0.0,1922,0.96875,LOST
21,1,256,0.98828125,6,30.78,0.16,30.62,0.0,1889,0.96875,LOST
21,1,256,0.96484375,7,30.71,0.18,30.36,0.16,1886,0.93359375,RETURNED
21,1,256,0.9921875,8,30.95,0.26,30.69,0.0,1905,0.98828125,LOST
21,1,256,0.98828125,9,31.31,0.1,30.98,0.22,1928,0.98828125,RETURNED
21,1,256,0.99609375,10,31.15,0.15,31.0,0.0,1910,0.99609375,LOST
21,1,256,1.0,11,6.96,0.2,6.76,0.0,422,0.99609375,LOST
21,2,256,0.94140625,0,31.11,0.25,30.74,0.12,1908,0.6171875,RETURNED
21,2,256,0.90234375,1,30.6,0.24,30.37,0.0,1907,0.63671875,LOST
21,2,256,0.93359375,2,30.88,0.23,30.64,0.0,1917,0.90234375,LOST
21,2,256,0.91015625,3,30.9,0.19,30.71,0.0,1924,0.62890625,LOST
21,2,256,0.96875,4,30.88,0.25,30.46,0.17,1896,0.94140625,RETURNED
21,2,256,0.96875,5,30.79,0.18,30.61,0.0,1922,0.8515625,LOST
21,2,256,0.99609375,6,30.53,0.21,30.32,0.0,1889,0.97265625,LOST
21,2,256,0.9765625,7,30.34,0.14,30.02,0.17,1886,0.94140625,RETURNED
21,2,256,0.98828125,8,30.55,0.14,30.41,0.0,1905,0.9765625,LOST
21,2,256,0.99609375,9,31.09,0.25,30.64,0.2,1928,0.98828125,RETURNED
21,2,256,0.98046875,10,31.01,0.3,30.71,0.0,1910,0.9921875,LOST
21,2,256,1.0,11,6.95,0.27,6.68,0.0,422,0.9921875,LOST
21,3,256,0.921875,0,31.42,0.32,30.96,0.14,1908,0.625,RETURNED
21,3,256,0.93359375,1,30.8,0.13,30.67,0.0,1907,0.8359375,LOST
21,3,256,0.97265625,2,31.14,0.19,30.95,0.0,1917,0.8828125,LOST
21,3,256,0.96484375,3,31.05,0.13,30.92,0.0,1924,0.92578125,LOST
21,3,256,0.95703125,4,31.07,0.2,30.69,0.18,1896,0.890625,RETURNED
21,3,256,0.96484375,5,31.12,0.18,30.94,0.0,1922,0.94921875,LOST
21,3,256,0.96875,6,30.71,0.19,30.53,0.0,1889,0.94921875,LOST
21,3,256,0.98828125,7,30.59,0.2,30.3,0.09,1886,0.9453125,RETURNED
21,3,256,0.99609375,8,30.87,0.15,30.72,0.0,1905,0.98828125,LOST
21,3,256,0.98828125,9,31.52,0.37,30.97,0.18,1928,0.9765625,RETURNED
21,3,256,0.98828125,10,31.15,0.17,30.98,0.0,1910,0.98828125,LOST
21,3,256,0.99609375,11,30.63,0.19,30.44,0.0,1909,0.98046875,LOST
22,409.47,0.28
22,0,256,0.90625,0,34.98,0.22,34.67,0.08,1908,0.62109375,RETURNED
22,0,256,0.9609375,1,34.79,0.11,34.68,0.0,1907,0.86328125,LOST
22,0,256,0.98046875,2,35.04,0.18,34.86,0.0,1917,0.90625,LOST
22,0,256,0.94921875,3,35.18,0.23,34.95,0.0,1924,0.90234375,LOST
22,0,256,0.96484375,4,34.79,0.16,34.47,0.16,1896,0.90625,RETURNED
22,0,256,0.96484375,5,35.16,0.21,34.96,0.0,1922,0.921875,LOST
22,0,256,0.96484375,6,34.55,0.13,34.41,0.0,1889,0.94921875,LOST
22,0,256,0.984375,7,34.57,0.13,34.31,0.13,1886,0.9609375,RETURNED
22,0,256,0.98828125,8,34.82,0.19,34.62,0.0,1905,0.984375,LOST
22,0,256,0.98828125,9,35.23,0.11,35.04,0.08,1928,0.9765625,RETURNED
22,0,256,0.984375,10,34.92,0.15,34.77,0.0,1910,0.984375,LOST
22,1,256,0.8984375,0,34.98,0.2,34.62,0.15,1908,0.61328125,RETURNED
22,1,256,0.953125,1,34.95,0.3,34.65,0.0,1907,0.8984375,LOST
22,1,256,0.9453125,2,34.87,0.11,34.76,0.0,1917,0.85546875,LOST
22,1,256,0.93359375,3,34.99,0.14,34.85,0.0,1924,0.86328125,LOST
22,1,256,0.9453125,4,34.89,0.39,34.37,0.14,1896,0.8984375,RETURNED
22,1,256,0.97265625,5,35.14,0.24,34.9,0.0,1922,0.9375,LOST
22,1,256,0.97265625,6,34.74,0.32,34.42,0.0,1889,0.9453125,LOST
22,1,256,0.9765625,7,34.57,0.17,34.26,0.14,1886,0.953125,RETURNED
22,1,256,0.9765625,8,34.69,0.11,34.58,0.0,1905,0.9765625,LOST
22,1,256,0.9921875,9,36.0,0.45,34.99,0.56,1928,0.984375,RETURNED
22,1,256,0.9921875,10,34.93,0.19,34.75,0.0,1910,0.9765625,LOST
22,2,256,0.90234375,0,35.41,0.21,35.0,0.2,1908,0.61328125,RETURNED
22,2,256,0.9453125,1,35.18,0.32,34.86,0.0,1907,0.86328125,LOST
22,2,256,0.94921875,2,35.34,0.2,35.14,0.0,1917,0.8359375,LOST
22,2,256,0.90234375,3,35.41,0.22,35.19,0.0,1924,0.640625,LOST
22,2,256,0.94921875,4,35.07,0.14,34.79,0.15,1896,0.90234375,RETURNED
22,2,256,0.9765625,5,35.45,0.16,35.29,0.0,1922,0.96484375,LOST
22,2,256,0.98046875,6,35.07,0.21,34.86,0.0,1889,0.94921875,LOST
22,2,256,0.98828125,7,34.85,0.15,34.59,0.12,1886,0.96484375,RETURNED
22,2,256,0.98828125,8,35.06,0.14,34.92,0.0,1905,0.98828125,LOST
22,2,256,0.98046875,9,35.57,0.13,35.31,0.14,1928,0.98046875,RETURNED
22,2,256,0.9921875,10,35.24,0.11,35.13,0.0,1910,0.984375,LOST
22,3,256,0.91796875,0,34.98,0.16,34.68,0.13,1908,0.62109375,RETURNED
22,3,256,0.94921875,1,34.96,0.31,34.65,0.0,1907,0.8984375,LOST
22,3,256,0.9140625,2,35.05,0.23,34.82,0.0,1917,0.62109375,LOST
22,3,256,0.94140625,3,35.06,0.12,34.94,0.0,1924,0.90625,LOST
22,3,256,0.9609375,4,34.76,0.14,34.44,0.18,1896,0.91015625,RETURNED
22,3,256,0.98046875,5,35.18,0.24,34.94,0.0,1922,0.94921875,LOST
22,3,256,0.94921875,6,34.64,0.21,34.44,0.0,1889,0.9453125,LOST
22,3,256,0.97265625,7,34.79,0.23,34.36,0.2,1886,0.93359375,RETURNED
22,3,256,0.9921875,8,34.96,0.16,34.8,0.0,1905,0.984375,LOST
22,3,256,0.99609375,9,36.09,0.63,35.21,0.26,1928,0.98828125,RETURNED
22,3,256,1.0,10,10.07,0.23,9.84,0.0,535,0.99609375,LOST
23,405.27,0.31
23,0,256,0.9140625,0,35.17,0.18,34.82,0.17,1908,0.6171875,RETURNED
23,0,256,0.9453125,1,35.13,0.16,34.97,0.0,1907,0.8515625,LOST
23,0,256,0.96875,2,35.52,0.11,35.41,0.0,1917,0.90234375,LOST
23,0,256,0.94140625,3,35.67,0.17,35.49,0.0,1924,0.859375,LOST
23,0,256,0.97265625,4,35.06,0.17,34.73,0.16,1896,0.9140625,RETURNED
23,0,256,0.96484375,5,35.38,0.17,35.21,0.0,1922,0.91796875,LOST
23,0,256,0.98046875,6,34.6,0.18,34.41,0.0,1889,0.95703125,LOST
23,0,256,0.98828125,7,34.63,0.18,34.34,0.11,1886,0.94140625,RETURNED
23,0,256,0.984375,8,34.85,0.18,34.67,0.0,1905,0.984375,LOST
23,0,256,0.984375,9,35.32,0.15,35.04,0.13,1928,0.9765625,RETURNED
23,0,256,1.0,10,25.64,0.2,25.44,0.0,1391,0.9921875,LOST
23,1,256,0.90625,0,35.11,0.17,34.81,0.12,1908,0.62890625,RETURNED
23,1,256,0.8984375,1,34.94,0.16,34.78,0.0,1907,0.6171875,LOST
23,1,256,0.94140625,2,35.03,0.11,34.91,0.0,1917,0.86328125,LOST
23,1,256,0.953125,3,35.43,0.16,35.27,0.0,1924,0.91015625,LOST
23,1,256,0.921875,4,34.85,0.16,34.6,0.09,1896,0.62890625,RETURNED
23,1,256,0.953125,5,35.33,0.23,35.1,0.0,1922,0.90234375,LOST
23,1,256,0.9921875,6,34.53,0.14,34.39,0.0,1889,0.9765625,LOST
23,1,256,0.984375,7,35.1,0.5,34.41,0.19,1886,0.9765625,RETURNED
23,1,256,0.98046875,8,34.85,0.2,34.65,0.0,1905,0.984375,LOST
23,1,256,0.984375,9,35.78,0.25,35.1,0.43,1928,0.984375,RETURNED
23,1,256,0.98828125,10,35.07,0.22,34.85,0.0,1910,0.97265625,LOST
23,2,256,0.90625,0,34.91,0.19,34.61,0.11,1908,0.64453125,RETURNED
23,2,256,0.91015625,1,34.89,0.18,34.7,0.0,1907,0.6171875,LOST
23,2,256,0.94921875,2,35.04,0.23,34.81,0.0,1917,0.8828125,LOST
23,2,256,0.953125,3,35.31,0.17,35.15,0.0,1924,0.87890625,LOST
23,2,256,0.88671875,4,34.79,0.19,34.45,0.16,1896,0.640625,RETURNED
23,2,256,0.93359375,5,35.14,0.17,34.98,0.0,1922,0.9140625,LOST
23,2,256,0.98828125,6,34.36,0.13,34.23,0.0,1889,0.97265625,LOST
23,2,256,0.94921875,7,34.68,0.3,34.18,0.2,1886,0.8984375,RETURNED
23,2,256,0.97265625,8,34.89,0.35,34.55,0.0,1905,0.97265625,LOST
23,2,256,0.9921875,9,35.43,0.42,34.84,0.17,1928,0.98828125,RETURNED
23,2,256,0.9765625,10,34.89,0.17,34.71,0.0,1910,0.98046875,LOST
23,3,256,0.8984375,0,35.33,0.17,35.01,0.14,1908,0.62109375,RETURNED
23,3,256,0.9609375,1,35.31,0.26,35.05,0.0,1907,0.8828125,LOST
23,3,256,0.95703125,2,35.39,0.15,35.24,0.0,1917,0.890625,LOST
23,3,256,0.96875,3,35.74,0.17,35.56,0.0,1924,0.88671875,LOST
23,3,256,0.9765625,4,35.26,0.3,34.87,0.09,1896,0.8984375,RETURNED
23,3,256,0.96875,5,35.49,0.16,35.32,0.0,1922,0.953125,LOST
23,3,256,0.98046875,6,34.76,0.1,34.66,0.0,1889,0.95703125,LOST
23,3,256,0.9765625,7,34.99,0.23,34.61,0.15,1886,0.9140625,RETURNED
23,3,256,0.98828125,8,35.19,0.25,34.95,0.0,1905,0.98828125,LOST
23,3,256,0.9921875,9,35.63,0.15,35.32,0.16,1928,0.98828125,RETURNED
23,3,256,0.99609375,10,35.33,0.19,35.14,0.0,1910,0.984375,LOST
0,438.72,2.14
0,0,256,0.90234375,0,61.21,0.17,60.88,0.15,1908,0.62890625,RETURNED
0,0,256,0.9375,1,61.05,0.18,60.87,0.0,1907,0.90234375,LOST
0,0,256,0.953125,2,61.46,0.22,61.24,0.0,1917,0.8828125,LOST
0,0,256,0.97265625,3,61.26,0.18,61.08,0.0,1924,0.9375,LOST
0,0,256,0.98046875,4,60.67,0.25,60.22,0.19,1896,0.98828125,RETURNED
0,0,256,0.98828125,5,61.31,0.22,61.1,0.0,1922,0.9765625,LOST
0,0,256,1.0,6,47.98,0.19,47.79,0.0,1509,0.98828125,LOST
0,1,256,0.90234375,0,30.75,0.18,30.45,0.12,1908,0.625,RETURNED
0,1,256,0.90625,1,30.43,0.17,30.26,0.0,1907,0.62890625,LOST
0,1,256,0.921875,2,30.63,0.2,30.43,0.0,1917,0.85546875,LOST
0,1,256,0.94140625,3,30.75,0.2,30.54,0.0,1924,0.86328125,LOST
0,1,256,0.94140625,4,30.67,0.27,30.25,0.15,1896,0.875,RETURNED
0,1,256,0.96484375,5,30.66,0.17,30.48,0.0,1922,0.9296875,LOST
0,1,256,0.97265625,6,30.24,0.27,29.97,0.0,1889,0.94140625,LOST
0,1,256,0.96484375,7,30.5,0.42,29.87,0.21,1886,0.90234375,RETURNED
0,1,256,0.984375,8,30.58,0.32,30.26,0.0,1905,0.98828125,LOST
0,1,256,0.9921875,9,30.93,0.27,30.52,0.14,1928,0.98046875,RETURNED
0,1,256,0.99609375,10,30.61,0.32,30.29,0.0,1910,0.98828125,LOST
0,1,256,0.9921875,11,30.39,0.2,30.19,0.0,1909,0.9921875,LOST
0,1,256,1.0,12,9.8,0.25,9.55,0.0,601,0.9921875,LOST
0,2,256,0.90234375,0,30.78,0.17,30.48,0.13,1908,0.640625,RETURNED
0,2,256,0.921875,1,30.52,0.19,30.33,0.0,1907,0.7265625,LOST
0,2,256,0.91796875,2,30.65,0.19,30.46,0.0,1917,0.62890625,LOST
0,2,256,0.95703125,3,30.78,0.22,30.56,0.0,1924,0.91015625,LOST
0,2,256,0.94140625,4,30.7,0.24,30.31,0.16,1896,0.86328125,RETURNED
0,2,256,0.97265625,5,30.68,0.25,30.43,0.0,1922,0.92578125,LOST
0,2,256,0.98046875,6,30.16,0.24,29.92,0.0,1889,0.953125,LOST
0,2,256,0.98828125,7,30.24,0.29,29.77,0.18,1886,0.94921875,RETURNED
0,2,256,0.96875,8,30.45,0.24,30.22,0.0,1905,0.94921875,LOST
0,2,256,0.98828125,9,30.85,0.22,30.46,0.17,1928,0.984375,RETURNED
0,2,256,0.98046875,10,30.58,0.31,30.27,0.0,1910,0.97265625,LOST
0,2,256,0.9921875,11,30.37,0.22,30.14,0.0,1909,0.9921875,LOST
0,2,256,0.9921875,12,30.48,0.26,30.22,0.0,1910,0.984375,LOST
0,3,256,0.9140625,0,30.68,0.17,30.32,0.19,1908,0.62890625,RETURNED
0,3,256,0.8984375,1,30.33,0.18,30.16,0.0,1907,0.61328125,LOST
0,3,256,0.953125,2,30.54,0.2,30.34,0.0,1917,0.8984375,LOST
0,3,256,0.94921875,3,30.78,0.28,30.5,0.0,1924,0.8984375,LOST
0,3,256,0.953125,4,30.59,0.28,30.19,0.13,1896,0.90234375,RETURNED
0,3,256,0.94921875,5,30.65,0.24,30.41,0.0,1922,0.91015625,LOST
0,3,256,0.98046875,6,30.13,0.29,29.84,0.0,1889,0.94140625,LOST
0,3,256,0.95703125,7,30.23,0.25,29.75,0.23,1886,0.9296875,RETURNED
0,3,256,0.9765625,8,30.41,0.25,30.16,0.0,1905,0.95703125,LOST
0,3,256,0.98828125,9,30.75,0.2,30.4,0.15,1928,0.96484375,RETURNED
0,3,256,0.96484375,10,30.62,0.4,30.21,0.0,1910,0.90234375,LOST
0,3,256,0.9921875,11,30.3,0.18,30.12,0.0,1909,0.97265625,LOST
0,3,256,1.0,12,9.76,0.24,9.51,0.0,601,0.9921875,LOST
0,354.06,12.19
0,0,256,0.9296875,0,35.01,0.14,34.79,0.08,1908,0.6328125,RETURNED
0,0,256,0.94140625,1,34.96,0.21,34.75,0.0,1907,0.828125,LOST
0,0,256,0.96875,2,35.13,0.21,34.92,0.0,1917,0.91015625,LOST
0,0,256,0.96875,3,35.21,0.11,35.1,0.0,1924,0.9296875,LOST
0,0,256,0.96875,4,34.99,0.3,34.58,0.11,1896,0.92578125,RETURNED
0,0,256,0.97265625,5,35.32,0.24,35.08,0.0,1922,0.9609375,LOST
0,0,256,0.98828125,6,34.69,0.29,34.4,0.0,1889,0.96875,LOST
0,0,256,0.98046875,7,34.67,0.2,34.39,0.08,1886,0.953125,RETURNED
0,0,256,0.984375,8,34.97,0.25,34.71,0.0,1905,0.9765625,LOST
0,1,256,0.91796875,0,35.25,0.16,34.9,0.19,1908,0.625,RETURNED
0,1,256,0.93359375,1,35.03,0.14,34.89,0.0,1907,0.890625,LOST
0,1,256,0.96484375,2,35.21,0.12,35.09,0.0,1917,0.9296875,LOST
0,1,256,0.9609375,3,35.5,0.22,35.28,0.0,1924,0.90625,LOST
0,1,256,0.96484375,4,35.11,0.16,34.73,0.22,1896,0.91796875,RETURNED
0,1,256,0.9609375,5,35.52,0.27,35.24,0.0,1922,0.9375,LOST
0,1,256,0.9765625,6,34.64,0.1,34.54,0.0,1889,0.9609375,LOST
0,1,256,0.96484375,7,34.81,0.16,34.54,0.12,1886,0.89453125,RETURNED
0,1,256,0.97265625,8,35.6,0.67,34.93,0.0,1905,0.9765625,LOST
0,2,256,0.8984375,0,35.12,0.15,34.75,0.22,1908,0.62890625,RETURNED
0,2,256,0.94921875,1,34.83,0.15,34.68,0.0,1907,0.92578125,LOST
0,2,256,0.96484375,2,35.02,0.16,34.86,0.0,1917,0.8828125,LOST
0,2,256,0.8828125,3,35.22,0.24,34.98,0.0,1924,0.609375,LOST
0,2,256,0.953125,4,34.85,0.16,34.43,0.26,1896,0.8984375,RETURNED
0,2,256,0.95703125,5,35.15,0.11,35.03,0.0,1922,0.88671875,LOST
0,2,256,0.9765625,6,35.71,1.35,34.35,0.0,1889,0.9609375,LOST
0,2,256,0.953125,7,34.76,0.11,34.34,0.31,1886,0.90625,RETURNED
0,2,256,0.9921875,8,35.26,0.59,34.67,0.0,1905,0.984375,LOST
0,3,256,0.9296875,0,35.22,0.33,34.81,0.09,1908,0.61328125,RETURNED
0,3,256,0.94921875,1,35.06,0.24,34.82,0.0,1907,0.88671875,LOST
0,3,256,0.96484375,2,35.03,0.11,34.91,0.0,1917,0.90625,LOST
0,3,256,0.953125,3,35.22,0.11,35.11,0.0,1924,0.921875,LOST
0,3,256,0.9609375,4,35.27,0.17,34.58,0.52,1896,0.9140625,RETURNED
0,3,256,0.97265625,5,35.39,0.32,35.07,0.0,1922,0.9609375,LOST
0,3,256,0.96484375,6,34.7,0.27,34.43,0.0,1889,0.953125,LOST
0,3,256,0.984375,7,34.94,0.26,34.4,0.27,1886,0.9609375,RETURNED
0,3,256,1.0,8,31.94,0.68,31.26,0.0,1713,0.98828125,LOST
1,366.57,0.29
1,0,256,0.921875,0,30.81,0.24,30.42,0.15,1908,0.6171875,RETURNED
1,0,256,0.95703125,1,30.44,0.17,30.27,0.0,1907,0.90234375,LOST
1,0,256,0.9765625,2,30.69,0.4,30.29,0.0,1917,0.89453125,LOST
1,0,256,0.96484375,3,30.59,0.2,30.39,0.0,1924,0.90625,LOST
1,0,256,0.96484375,4,30.31,0.28,29.92,0.11,1896,0.92578125,RETURNED
1,0,256,0.98828125,5,30.59,0.13,30.46,0.0,1922,0.96484375,LOST
1,0,256,0.984375,6,30.12,0.16,29.96,0.0,1889,0.96484375,LOST
1,0,256,0.9609375,7,30.3,0.23,29.93,0.13,1886,0.90234375,RETURNED
1,0,256,0.96484375,8,30.67,0.42,30.25,0.0,1905,0.96875,LOST
1,0,256,0.9921875,9,31.46,0.33,30.7,0.42,1928,0.98828125,RETURNED
1,0,256,0.99609375,10,30.46,0.22,30.24,0.0,1910,0.9921875,LOST
1,1,256,0.9296875,0,30.72,0.12,30.33,0.27,1908,0.6171875,RETURNED
1,1,256,0.94921875,1,30.31,0.2,30.12,0.0,1907,0.8203125,LOST
1,1,256,0.95703125,2,30.38,0.16,30.22,0.0,1917,0.87890625,LOST
1,1,256,0.9375,3,30.51,0.15,30.37,0.0,1924,0.89453125,LOST
1,1,256,0.97265625,4,30.25,0.28,29.85,0.12,1896,0.90625,RETURNED
1,1,256,0.9609375,5,30.43,0.2,30.23,0.0,1922,0.9375,LOST
1,1,256,0.97265625,6,29.93,0.16,29.76,0.0,1889,0.953125,LOST
1,1,256,0.98828125,7,30.6,0.75,29.76,0.09,1886,0.953125,RETURNED
1,1,256,0.9921875,8,30.33,0.27,30.05,0.0,1905,0.98828125,LOST
1,1,256,0.98828125,9,31.75,0.53,30.51,0.72,1928,0.98046875,RETURNED
1,1,256,0.9921875,10,30.24,0.23,30.02,0.0,1910,0.98828125,LOST
1,2,256,0.89453125,0,31.0,0.5,30.4,0.11,1908,0.625,RETURNED
1,2,256,0.96484375,1,30.47,0.25,30.21,0.0,1907,0.86328125,LOST
1,2,256,0.94921875,2,30.7,0.31,30.39,0.0,1917,0.90234375,LOST
1,2,256,0.9453125,3,30.71,0.22,30.49,0.0,1924,0.88671875,LOST
1,2,256,0.94921875,4,30.43,0.24,30.01,0.19,1896,0.89453125,RETURNED
1,2,256,0.96875,5,30.57,0.17,30.4,0.0,1922,0.96484375,LOST
1,2,256,0.9921875,6,30.01,0.12,29.88,0.0,1889,0.96875,LOST
1,2,256,0.95703125,7,30.34,0.18,29.89,0.27,1886,0.91015625,RETURNED
1,2,256,0.96875,8,30.32,0.12,30.21,0.0,1905,0.96875,LOST
1,2,256,0.9765625,9,30.98,0.17,30.65,0.16,1928,0.9765625,RETURNED
1,2,256,0.9921875,10,30.38,0.21,30.16,0.0,1910,0.98046875,LOST
1,3,256,0.90625,0,30.5,0.12,30.31,0.08,1908,0.6171875,RETURNED
1,3,256,0.91015625,1,30.23,0.21,30.02,0.0,1907,0.6328125,LOST
1,3,256,0.94140625,2,30.54,0.26,30.28,0.0,1917,0.87890625,LOST
1,3,256,0.9609375,3,30.62,0.25,30.37,0.0,1924,0.921875,LOST
1,3,256,0.96484375,4,30.14,0.11,29.89,0.13,1896,0.890625,RETURNED
1,3,256,0.94140625,5,30.37,0.11,30.26,0.0,1922,0.92578125,LOST
1,3,256,0.984375,6,32.46,2.74,29.73,0.0,1889,0.9453125,LOST
1,3,256,0.984375,7,30.1,0.21,29.76,0.13,1886,0.9296875,RETURNED
1,3,256,0.99609375,8,30.27,0.25,30.02,0.0,1905,0.9765625,LOST
1,3,256,0.98046875,9,31.01,0.15,30.48,0.39,1928,0.97265625,RETURNED
1,3,256,1.0,10,7.85,0.14,7.71,0.0,490,0.9921875,LOST
2,640.81,0.27
2,0,256,0.921875,0,35.04,0.2,34.67,0.16,1908,0.62890625,RETURNED
2,0,256,0.91015625,1,34.89,0.2,34.69,0.0,1907,0.6328125,LOST
2,0,256,0.9609375,2,35.34,0.53,34.81,0.0,1917,0.90234375,LOST
2,0,256,0.94921875,3,35.15,0.21,34.93,0.0,1924,0.90234375,LOST
2,0,256,0.94921875,4,34.77,0.18,34.36,0.23,1896,0.8828125,RETURNED
2,0,256,0.9921875,5,35.13,0.17,34.96,0.0,1922,0.9375,LOST
2,0,256,0.98046875,6,34.52,0.17,34.36,0.0,1889,0.9453125,LOST
2,0,256,0.96484375,7,34.62,0.26,34.25,0.12,1886,0.92578125,RETURNED
2,0,256,0.98828125,8,34.76,0.12,34.65,0.0,1905,0.96484375,LOST
2,0,256,0.984375,9,35.76,0.39,35.02,0.35,1928,0.9765625,RETURNED
2,0,256,0.984375,10,34.91,0.15,34.76,0.0,1910,0.9609375,LOST
2,0,256,0.9921875,11,34.97,0.28,34.69,0.0,1909,0.984375,LOST
2,0,256,0.98828125,12,35.21,0.49,34.71,0.0,1910,0.96875,LOST
2,0,256,0.98046875,13,34.86,0.33,34.54,0.0,1902,0.9765625,LOST
2,0,256,0.99609375,14,35.62,0.58,34.77,0.26,1917,0.984375,RETURNED
2,0,256,0.99609375,15,35.53,0.1,35.28,0.15,1942,0.99609375,RETURNED
2,0,256,1.0,16,25.26,0.2,25.06,0.0,1381,0.97265625,LOST
2,1,256,0.90625,0,35.25,0.31,34.78,0.16,1908,0.61328125,RETURNED
2,1,256,0.88671875,1,35.02,0.28,34.74,0.0,1907,0.6328125,LOST
2,1,256,0.94140625,2,35.2,0.3,34.9,0.0,1917,0.87109375,LOST
2,1,256,0.96484375,3,35.15,0.1,35.05,0.0,1924,0.90625,LOST
2,1,256,0.95703125,4,35.05,0.22,34.55,0.28,1896,0.890625,RETURNED
2,1,256,0.984375,5,35.13,0.1,35.03,0.0,1922,0.92578125,LOST
2,1,256,0.98828125,6,34.64,0.22,34.42,0.0,1889,0.9453125,LOST
2,1,256,0.96484375,7,34.81,0.3,34.4,0.12,1886,0.9296875,RETURNED
2,1,256,0.98046875,8,34.87,0.16,34.71,0.0,1905,0.94921875,LOST
2,1,256,0.98828125,9,35.33,0.1,35.13,0.1,1928,0.96484375,RETURNED
2,1,256,0.9921875,10,34.94,0.13,34.8,0.0,1910,0.97265625,LOST
2,1,256,0.99609375,11,34.94,0.2,34.73,0.0,1909,0.9921875,LOST
2,1,256,0.9921875,12,34.95,0.17,34.79,0.0,1910,0.984375,LOST
2,1,256,0.9921875,13,34.88,0.24,34.64,0.0,1902,0.98828125,LOST
2,1,256,0.99609375,14,35.27,0.25,34.89,0.13,1917,0.984375,RETURNED
2,1,256,0.98828125,15,57.12,0.12,35.95,21.05,1942,0.97265625,RETURNED
2,1,256,0.99609375,16,35.9,0.66,35.06,0.17,1905,0.9921875,RETURNED
2,2,256,0.90625,0,35.47,0.31,34.91,0.24,1908,0.6171875,RETURNED
2,2,256,0.91796875,1,34.98,0.14,34.84,0.0,1907,0.8046875,LOST
2,2,256,0.96875,2,35.11,0.11,34.99,0.0,1917,0.90625,LOST
2,2,256,0.953125,3,35.39,0.24,35.16,0.0,1924,0.91015625,LOST
2,2,256,0.96875,4,34.88,0.21,34.54,0.13,1896,0.91796875,RETURNED
2,2,256,0.97265625,5,35.29,0.2,35.1,0.0,1922,0.953125,LOST
2,2,256,0.98828125,6,34.87,0.32,34.54,0.0,1889,0.953125,LOST
2,2,256,0.96875,7,34.77,0.18,34.45,0.14,1886,0.94140625,RETURNED
2,2,256,0.9921875,8,35.14,0.31,34.83,0.0,1905,0.96875,LOST
2,2,256,0.984375,9,35.46,0.17,35.2,0.1,1928,0.96875,RETURNED
2,2,256,0.9921875,10,35.34,0.45,34.89,0.0,1910,0.98828125,LOST
2,2,256,0.96484375,11,35.16,0.34,34.82,0.0,1909,0.97265625,LOST
2,2,256,0.98828125,12,35.08,0.19,34.89,0.0,1910,0.984375,LOST
2,2,256,0.984375,13,35.0,0.26,34.74,0.0,1902,0.98828125,LOST
2,2,256,0.9921875,14,35.25,0.25,34.91,0.08,1917,0.984375,RETURNED
2,2,256,0.9921875,15,35.76,0.14,35.54,0.08,1942,0.9921875,RETURNED
2,2,256,1.0,16,25.91,0.19,25.72,0.0,1411,0.98046875,LOST
2,3,256,0.91796875,0,35.26,0.33,34.78,0.15,1908,0.6171875,RETURNED
2,3,256,0.96484375,1,34.98,0.26,34.72,0.0,1907,0.90625,LOST
2,3,256,0.94140625,2,35.07,0.18,34.89,0.0,1917,0.8828125,LOST
2,3,256,0.90234375,3,35.2,0.18,35.03,0.0,1924,0.6171875,LOST
2,3,256,0.94921875,4,35.02,0.34,34.45,0.23,1896,0.8984375,RETURNED
2,3,256,0.99609375,5,35.18,0.17,35.02,0.0,1922,0.94921875,LOST
2,3,256,0.97265625,6,34.56,0.17,34.39,0.0,1889,0.94140625,LOST
2,3,256,0.9765625,7,34.59,0.19,34.28,0.12,1886,0.953125,RETURNED
2,3,256,0.98046875,8,34.83,0.17,34.66,0.0,1905,0.9765625,LOST
2,3,256,0.9609375,9,35.28,0.13,34.99,0.16,1928,0.96875,RETURNED
2,3,256,0.9921875,10,34.84,0.12,34.72,0.0,1910,0.984375,LOST
2,3,256,0.9921875,11,34.84,0.24,34.6,0.0,1909,0.98828125,LOST
2,3,256,0.9921875,12,35.63,0.89,34.74,0.0,1910,0.97265625,LOST
2,3,256,0.96875,13,34.89,0.27,34.62,0.0,1902,0.9609375,LOST
2,3,256,0.99609375,14,35.55,0.63,34.77,0.16,1917,0.984375,RETURNED
2,3,256,0.97265625,15,35.6,0.19,35.27,0.13,1942,0.97265625,RETURNED
2,3,256,0.99609375,16,34.93,0.18,34.55,0.2,1905,0.99609375,RETURNED
3,453.71,0.27
3,0,256,0.91015625,0,32.96,0.33,32.17,0.46,1908,0.6328125,RETURNED
3,0,256,0.9453125,1,32.39,0.37,32.03,0.0,1907,0.734375,LOST
3,0,256,0.9375,2,32.42,0.17,32.25,0.0,1917,0.8671875,LOST
3,0,256,0.94140625,3,32.71,0.4,32.31,0.0,1924,0.89453125,LOST
3,0,256,0.9609375,4,32.23,0.19,31.92,0.12,1896,0.90625,RETURNED
3,0,256,0.98828125,5,32.6,0.23,32.37,0.0,1922,0.95703125,LOST
3,0,256,0.9765625,6,31.99,0.25,31.74,0.0,1889,0.9375,LOST
3,0,256,0.95703125,7,32.17,0.19,31.71,0.27,1886,0.90625,RETURNED
3,0,256,0.9765625,8,32.21,0.2,32.01,0.0,1905,0.96484375,LOST
3,0,256,0.97265625,9,32.81,0.18,32.46,0.17,1928,0.921875,RETURNED
3,0,256,0.9921875,10,32.23,0.14,32.09,0.0,1910,0.984375,LOST
3,0,256,0.98046875,11,32.2,0.24,31.96,0.0,1909,0.97265625,LOST
3,0,256,0.96484375,12,33.04,1.04,32.0,0.0,1910,0.95703125,LOST
3,1,256,0.90625,0,31.61,0.21,31.32,0.08,1908,0.62890625,RETURNED
3,1,256,0.90234375,1,31.53,0.32,31.21,0.0,1907,0.625,LOST
3,1,256,0.96875,2,31.68,0.26,31.42,0.0,1917,0.88671875,LOST
3,1,256,0.96484375,3,31.68,0.19,31.49,0.0,1924,0.90234375,LOST
3,1,256,0.96484375,4,31.68,0.27,31.08,0.33,1896,0.90625,RETURNED
3,1,256,0.9765625,5,31.71,0.23,31.48,0.0,1922,0.96484375,LOST
3,1,256,0.98046875,6,31.25,0.29,30.95,0.0,1889,0.9609375,LOST
3,1,256,0.98046875,7,31.26,0.18,30.9,0.18,1886,0.95703125,RETURNED
3,1,256,0.9765625,8,31.35,0.12,31.23,0.0,1905,0.953125,LOST
3,1,256,0.984375,9,32.11,0.39,31.64,0.08,1928,0.9765625,RETURNED
3,1,256,0.98046875,10,31.84,0.25,31.59,0.0,1910,0.9765625,LOST
3,1,256,0.98046875,11,31.63,0.11,31.51,0.0,1909,0.9609375,LOST
3,1,256,1.0,12,17.96,0.22,17.74,0.0,1078,0.98828125,LOST
3,2,256,0.890625,0,35.06,0.34,34.51,0.2,1908,0.6328125,RETURNED
3,2,256,0.9609375,1,34.39,0.12,34.27,0.0,1907,0.8671875,LOST
3,2,256,0.96875,2,34.74,0.3,34.44,0.0,1917,0.87890625,LOST
3,2,256,0.875,3,34.87,0.18,34.69,0.0,1924,0.62109375,LOST
3,2,256,0.90234375,4,44.54,0.23,34.08,10.23,1896,0.62109375,RETURNED
3,2,256,0.9765625,5,34.53,0.11,34.42,0.0,1922,0.9375,LOST
3,2,256,0.98828125,6,34.12,0.25,33.87,0.0,1889,0.96484375,LOST
3,2,256,0.953125,7,34.4,0.18,34.08,0.14,1886,0.91015625,RETURNED
3,2,256,0.96484375,8,34.56,0.12,34.44,0.0,1905,0.98046875,LOST
3,2,256,0.98828125,9,35.33,0.28,34.85,0.2,1928,0.9765625,RETURNED
3,2,256,0.98828125,10,35.46,0.38,35.08,0.0,1910,0.98828125,LOST
3,2,256,0.99609375,11,35.29,0.35,34.94,0.0,1909,0.98828125,LOST
3,3,256,0.921875,0,32.66,0.34,32.18,0.15,1908,0.62109375,RETURNED
3,3,256,0.9609375,1,32.21,0.13,32.08,0.0,1907,0.921875,LOST
3,3,256,0.96484375,2,32.47,0.11,32.36,0.0,1917,0.8359375,LOST
3,3,256,0.953125,3,32.67,0.15,32.53,0.0,1924,0.90625,LOST
3,3,256,0.95703125,4,32.32,0.11,32.06,0.16,1896,0.90234375,RETURNED
3,3,256,0.98046875,5,32.6,0.22,32.39,0.0,1922,0.95703125,LOST
3,3,256,0.953125,6,32.11,0.24,31.87,0.0,1889,0.90625,LOST
3,3,256,0.9765625,7,32.05,0.12,31.81,0.11,1886,0.95703125,RETURNED
3,3,256,0.98828125,8,32.37,0.24,32.14,0.0,1905,0.98046875,LOST
3,3,256,0.97265625,9,32.85,0.2,32.49,0.16,1928,0.921875,RETURNED
3,3,256,0.98828125,10,32.46,0.23,32.23,0.0,1910,0.97265625,LOST
3,3,256,0.984375,11,32.33,0.22,32.11,0.0,1909,0.97265625,LOST
3,3,256,0.9921875,12,32.45,0.31,32.14,0.0,1910,0.9765625,LOST
4,480.49,0.26
4,0,256,0.91796875,0,35.5,0.21,35.19,0.11,1908,0.625,RETURNED
4,0,256,0.96484375,1,34.85,0.1,34.75,0.0,1907,0.90625,LOST
4,0,256,0.9609375,2,35.07,0.22,34.84,0.0,1917,0.88671875,LOST
4,0,256,0.96875,3,35.25,0.22,35.03,0.0,1924,0.87890625,LOST
4,0,256,0.96484375,4,34.79,0.2,34.51,0.08,1896,0.92578125,RETURNED
4,0,256,0.97265625,5,35.34,0.41,34.93,0.0,1922,0.96484375,LOST
4,0,256,0.96484375,6,34.52,0.2,34.32,0.0,1889,0.9453125,LOST
4,0,256,0.98046875,7,44.81,0.28,34.36,10.16,1886,0.93359375,RETURNED
4,0,256,0.984375,8,35.19,0.57,34.62,0.0,1905,0.97265625,LOST
4,0,256,0.98046875,9,35.71,0.28,35.16,0.27,1928,0.97265625,RETURNED
4,0,256,0.98828125,10,36.13,0.45,35.68,0.0,1910,0.984375,LOST
4,0,256,1.0,11,33.39,0.16,32.96,0.28,1789,0.9921875,RETURNED
4,1,256,0.91015625,0,35.62,0.25,35.24,0.12,1908,0.62109375,RETURNED
4,1,256,0.94921875,1,35.11,0.2,34.91,0.0,1907,0.90234375,LOST
4,1,256,0.95703125,2,35.15,0.11,35.04,0.0,1917,0.89453125,LOST
4,1,256,0.94140625,3,35.25,0.1,35.14,0.0,1924,0.90625,LOST
4,1,256,0.91796875,4,34.99,0.23,34.69,0.08,1896,0.62890625,RETURNED
4,1,256,0.94921875,5,35.28,0.12,35.16,0.0,1922,0.91796875,LOST
4,1,256,0.9765625,6,34.83,0.22,34.61,0.0,1889,0.9609375,LOST
4,1,256,0.96875,7,44.9,0.2,34.48,10.22,1886,0.9453125,RETURNED
4,1,256,0.9765625,8,34.93,0.16,34.76,0.0,1905,0.96875,LOST
4,1,256,0.98828125,9,35.54,0.25,35.21,0.08,1928,0.97265625,RETURNED
4,1,256,0.99609375,10,35.42,0.31,35.11,0.0,1910,0.9765625,LOST
4,1,256,0.9921875,11,35.2,0.27,34.93,0.0,1909,0.98828125,LOST
4,1,256,1.0,12,23.14,0.51,22.63,0.0,1240,0.984375,LOST
4,2,256,0.90234375,0,35.42,0.28,35.05,0.09,1908,0.63671875,RETURNED
4,2,256,0.94140625,1,34.88,0.16,34.72,0.0,1907,0.796875,LOST
4,2,256,0.95703125,2,35.21,0.37,34.84,0.0,1917,0.8984375,LOST
4,2,256,0.953125,3,35.19,0.23,34.96,0.0,1924,0.8984375,LOST
4,2,256,0.9609375,4,35.0,0.19,34.51,0.29,1896,0.9140625,RETURNED
4,2,256,0.94140625,5,35.25,0.26,34.98,0.0,1922,0.91796875,LOST
4,2,256,0.96484375,6,34.57,0.22,34.35,0.0,1889,0.9140625,LOST
4,2,256,0.96484375,7,44.79,0.18,34.41,10.19,1886,0.9375,RETURNED
4,2,256,0.98046875,8,34.83,0.22,34.61,0.0,1905,0.96484375,LOST
4,2,256,0.9765625,9,35.84,0.47,35.14,0.23,1928,0.98046875,RETURNED
4,2,256,0.99609375,10,35.47,0.41,35.05,0.0,1910,0.98046875,LOST
4,2,256,0.97265625,11,35.13,0.28,34.84,0.0,1909,0.96875,LOST
4,2,256,1.0,12,27.1,2.95,24.15,0.0,1327,0.98046875,LOST
4,3,256,0.92578125,0,35.37,0.24,34.94,0.19,1908,0.640625,RETURNED
4,3,256,0.93359375,1,34.73,0.19,34.54,0.0,1907,0.8671875,LOST
4,3,256,0.96484375,2,34.81,0.12,34.69,0.0,1917,0.8828125,LOST
4,3,256,0.95703125,3,35.0,0.22,34.78,0.0,1924,0.92578125,LOST
4,3,256,0.953125,4,34.76,0.31,34.3,0.15,1896,0.8984375,RETURNED
4,3,256,0.9453125,5,35.11,0.32,34.8,0.0,1922,0.921875,LOST
4,3,256,0.9765625,6,34.72,0.52,34.2,0.0,1889,0.9375,LOST
4,3,256,0.984375,7,54.6,0.22,34.13,20.24,1886,0.96484375,RETURNED
4,3,256,0.98828125,8,34.61,0.16,34.45,0.0,1905,0.98046875,LOST
4,3,256,0.98828125,9,35.31,0.1,35.13,0.08,1928,0.97265625,RETURNED
4,3,256,0.98828125,10,34.87,0.21,34.66,0.0,1910,0.98828125,LOST
4,3,256,0.9921875,11,34.78,0.16,34.62,0.0,1909,0.98828125,LOST
5,578.11,0.27
5,0,256,0.90234375,0,31.04,0.21,30.68,0.15,1908,0.62890625,RETURNED
5,0,256,0.9453125,1,30.8,0.27,30.52,0.0,1907,0.859375,LOST
5,0,256,0.95703125,2,31.13,0.38,30.75,0.0,1917,0.8984375,LOST
5,0,256,0.9453125,3,30.99,0.23,30.77,0.0,1924,0.8671875,LOST
5,0,256,0.9296875,4,40.97,0.11,30.73,10.13,1896,0.86328125,RETURNED
5,0,256,0.96484375,5,30.93,0.1,30.83,0.0,1922,0.9296875,LOST
5,0,256,0.9609375,6,30.76,0.27,30.49,0.0,1889,0.9453125,LOST
5,0,256,0.9765625,7,30.5,0.21,30.18,0.11,1886,0.9453125,RETURNED
5,0,256,0.98046875,8,30.84,0.22,30.62,0.0,1905,0.98046875,LOST
5,0,256,0.92578125,9,31.4,0.19,30.88,0.33,1928,0.625,RETURNED
5,0,256,0.9921875,10,30.87,0.23,30.64,0.0,1910,0.96875,LOST
5,0,256,0.98828125,11,30.78,0.2,30.57,0.0,1909,0.9765625,LOST
5,0,256,0.9921875,12,31.06,0.37,30.69,0.0,1910,0.96484375,LOST
5,0,256,0.97265625,13,30.88,0.47,30.41,0.0,1902,0.93359375,LOST
5,0,256,0.99609375,14,30.99,0.12,30.79,0.08,1917,0.98046875,RETURNED
5,0,256,0.9921875,15,31.37,0.17,31.08,0.12,1942,0.96875,RETURNED
5,0,256,1.0,16,1.11,0.24,0.75,0.12,47,0.9921875,RETURNED
5,1,256,0.8984375,0,31.32,0.18,30.65,0.49,1908,0.6171875,RETURNED
5,1,256,0.921875,1,30.86,0.31,30.55,0.0,1907,0.73828125,LOST
5,1,256,0.9375,2,30.8,0.15,30.65,0.0,1917,0.88671875,LOST
5,1,256,0.94140625,3,30.87,0.19,30.68,0.0,1924,0.88671875,LOST
5,1,256,0.9453125,4,41.16,0.47,30.58,10.11,1896,0.87890625,RETURNED
5,1,256,0.9453125,5,31.06,0.21,30.85,0.0,1922,0.87890625,LOST
5,1,256,0.97265625,6,30.69,0.22,30.47,0.0,1889,0.921875,LOST
5,1,256,0.98046875,7,30.43,0.12,30.16,0.16,1886,0.9453125,RETURNED
5,1,256,0.98828125,8,30.8,0.15,30.65,0.0,1905,0.9765625,LOST
5,1,256,0.98828125,9,31.21,0.2,30.88,0.13,1928,0.9765625,RETURNED
5,1,256,0.9765625,10,30.8,0.12,30.68,0.0,1910,0.953125,LOST
5,1,256,0.9921875,11,30.76,0.22,30.54,0.0,1909,0.9765625,LOST
5,1,256,0.9765625,12,30.92,0.27,30.64,0.0,1910,0.92578125,LOST
5,1,256,0.97265625,13,30.56,0.2,30.37,0.0,1902,0.96875,LOST
5,1,256,0.9765625,14,31.41,0.59,30.71,0.11,1917,0.953125,RETURNED
5,1,256,0.96484375,15,31.4,0.29,30.95,0.17,1942,0.96875,RETURNED
5,1,256,0.9921875,16,30.62,0.28,30.23,0.11,1905,0.98046875,RETURNED
5,2,256,0.89453125,0,31.16,0.29,30.68,0.18,1908,0.66015625,RETURNED
5,2,256,0.93359375,1,30.98,0.38,30.61,0.0,1907,0.84765625,LOST
5,2,256,0.95703125,2,31.14,0.34,30.8,0.0,1917,0.8984375,LOST
5,2,256,0.9453125,3,30.94,0.11,30.82,0.0,1924,0.90234375,LOST
5,2,256,0.95703125,4,40.95,0.17,30.67,10.11,1896,0.89453125,RETURNED
5,2,256,0.96875,5,31.08,0.16,30.92,0.0,1922,0.9453125,LOST
5,2,256,0.984375,6,30.74,0.22,30.52,0.0,1889,0.9609375,LOST
5,2,256,0.96875,7,30.52,0.14,30.26,0.12,1886,0.9140625,RETURNED
5,2,256,0.9765625,8,30.88,0.17,30.72,0.0,1905,0.9765625,LOST
5,2,256,0.97265625,9,31.21,0.19,30.91,0.11,1928,0.95703125,RETURNED
5,2,256,0.98828125,10,31.33,0.58,30.75,0.0,1910,0.98046875,LOST
5,2,256,0.98828125,11,30.83,0.22,30.61,0.0,1909,0.9765625,LOST
5,2,256,0.97265625,12,30.96,0.27,30.69,0.0,1910,0.84375,LOST
5,2,256,0.98046875,13,30.78,0.31,30.47,0.0,1902,0.96875,LOST
5,2,256,0.9921875,14,31.18,0.22,30.86,0.1,1917,0.98828125,RETURNED
5,2,256,0.99609375,15,31.49,0.16,31.19,0.13,1942,0.984375,RETURNED
5,3,256,0.90234375,0,31.51,0.28,31.1,0.13,1908,0.609375,RETURNED
5,3,256,0.93359375,1,31.29,0.29,31.0,0.0,1907,0.89453125,LOST
5,3,256,0.9453125,2,31.07,0.12,30.96,0.0,1917,0.89453125,LOST
5,3,256,0.9375,3,32.69,1.73,30.96,0.0,1924,0.890625,LOST
5,3,256,0.94921875,4,41.16,0.16,30.82,10.18,1896,0.90234375,RETURNED
5,3,256,0.97265625,5,31.61,0.29,31.32,0.0,1922,0.9375,LOST
5,3,256,0.984375,6,31.14,0.2,30.94,0.0,1889,0.953125,LOST
5,3,256,0.9375,7,32.16,1.35,30.68,0.13,1886,0.90625,RETURNED
5,3,256,0.984375,8,31.32,0.1,31.22,0.0,1905,0.98046875,LOST
5,3,256,0.96875,9,31.78,0.32,31.32,0.14,1928,0.9296875,RETURNED
5,3,256,0.9921875,10,31.39,0.28,31.11,0.0,1910,0.98828125,LOST
5,3,256,0.984375,11,31.52,0.43,31.09,0.0,1909,0.96875,LOST
5,3,256,0.96875,12,31.13,0.12,31.01,0.0,1910,0.921875,LOST
5,3,256,0.984375,13,31.35,0.27,31.08,0.0,1902,0.97265625,LOST
5,3,256,0.98828125,14,31.29,0.37,30.78,0.14,1917,0.9765625,RETURNED
5,3,256,0.99609375,15,31.72,0.23,31.29,0.19,1942,0.99609375,RETURNED
