0,204.99,2.32
0,0,256,0.890625,0,34.07,0.1,33.87,0.1,1908,0.625,RETURNED
0,0,256,0.9453125,1,33.66,0.15,33.44,0.08,1907,0.87109375,RETURNED
0,0,256,0.9765625,2,34.14,0.15,33.58,0.41,1909,0.93359375,RETURNED
0,0,256,0.98046875,3,33.82,0.16,33.66,0.0,1914,0.97265625,LOST
0,0,256,0.98046875,4,33.38,0.16,33.14,0.08,1896,0.96484375,RETURNED
0,1,256,0.8984375,0,34.01,0.18,33.72,0.11,1908,0.6171875,RETURNED
0,1,256,0.96484375,1,33.67,0.18,33.38,0.11,1907,0.91015625,RETURNED
0,1,256,0.9765625,2,34.17,0.11,33.92,0.14,1909,0.91796875,RETURNED
0,1,256,0.9765625,3,33.82,0.21,33.61,0.0,1914,0.95703125,LOST
0,1,256,1.0,4,13.59,0.1,13.33,0.16,753,0.9765625,RETURNED
0,2,256,0.90234375,0,33.94,0.15,33.68,0.1,1908,0.6328125,RETURNED
0,2,256,0.94921875,1,33.56,0.13,33.31,0.12,1907,0.8828125,RETURNED
0,2,256,0.95703125,2,34.28,0.17,33.74,0.37,1909,0.921875,RETURNED
0,2,256,0.98828125,3,33.73,0.25,33.48,0.0,1914,0.97265625,LOST
0,2,256,0.99609375,4,33.37,0.19,33.11,0.07,1896,0.9765625,RETURNED
0,3,256,0.90234375,0,33.93,0.1,33.74,0.09,1908,0.63671875,RETURNED
0,3,256,0.9453125,1,33.71,0.14,33.48,0.08,1907,0.90234375,RETURNED
0,3,256,0.97265625,2,33.77,0.14,33.55,0.09,1909,0.9296875,RETURNED
0,3,256,0.98046875,3,33.59,0.18,33.41,0.0,1914,0.97265625,LOST
0,3,256,0.9921875,4,33.54,0.41,33.05,0.09,1896,0.96875,RETURNED
0,4,256,0.921875,0,34.02,0.11,33.77,0.13,1908,0.6171875,RETURNED
0,4,256,0.96484375,1,34.27,0.21,33.9,0.16,1907,0.89453125,RETURNED
0,4,256,0.9609375,2,34.06,0.11,33.82,0.13,1909,0.92578125,RETURNED
0,4,256,0.98046875,3,34.45,0.21,34.24,0.0,1914,0.97265625,LOST
0,4,256,0.99609375,4,33.83,0.22,33.47,0.13,1896,0.9765625,RETURNED
0,5,256,0.9296875,0,34.5,0.37,34.05,0.08,1908,0.6328125,RETURNED
0,5,256,0.94140625,1,33.6,0.15,33.33,0.12,1907,0.8828125,RETURNED
0,5,256,0.9765625,2,34.03,0.11,33.81,0.11,1909,0.9609375,RETURNED
0,5,256,0.98828125,3,33.91,0.09,33.82,0.0,1914,0.95703125,LOST
0,5,256,0.98828125,4,33.3,0.1,33.11,0.09,1896,0.9765625,RETURNED
0,6,256,0.92578125,0,30.33,0.13,30.09,0.11,1908,0.62109375,RETURNED
0,6,256,0.9296875,1,30.45,0.26,30.05,0.14,1907,0.87890625,RETURNED
0,6,256,0.97265625,2,31.22,0.62,30.48,0.12,1909,0.9453125,RETURNED
0,6,256,0.9609375,3,30.26,0.11,30.15,0.0,1914,0.953125,LOST
0,6,256,0.99609375,4,30.27,0.17,30.03,0.08,1896,0.9765625,RETURNED
0,6,256,0.99609375,5,30.44,0.11,30.34,0.0,1922,0.99609375,LOST
0,7,256,0.91015625,0,30.42,0.16,30.18,0.08,1908,0.60546875,RETURNED
0,7,256,0.953125,1,30.36,0.16,30.06,0.15,1907,0.8671875,RETURNED
0,7,256,0.97265625,2,30.67,0.18,30.41,0.08,1909,0.9296875,RETURNED
0,7,256,0.98046875,3,30.37,0.17,30.2,0.0,1914,0.96484375,LOST
0,7,256,0.984375,4,30.33,0.1,30.08,0.15,1896,0.96875,RETURNED
0,7,256,0.9765625,5,30.51,0.11,30.4,0.0,1922,0.96484375,LOST
1,253.25,0.32
1,0,256,0.90625,0,32.8,0.17,32.54,0.08,1908,0.6171875,RETURNED
1,0,256,0.9453125,1,33.44,0.17,33.19,0.08,1907,0.92578125,RETURNED
1,0,256,0.9921875,2,32.7,0.11,32.51,0.08,1909,0.953125,RETURNED
1,0,256,0.98828125,3,33.07,0.16,32.91,0.0,1914,0.9921875,LOST
1,0,256,0.984375,4,32.76,0.26,32.39,0.11,1896,0.97265625,RETURNED
1,0,256,0.99609375,5,33.52,0.12,33.4,0.0,1922,0.99609375,LOST
1,0,256,0.99609375,6,30.42,0.17,30.18,0.08,1889,0.984375,RETURNED
1,1,256,0.93359375,0,32.78,0.17,32.51,0.1,1908,0.62109375,RETURNED
1,1,256,0.9375,1,33.34,0.19,33.05,0.1,1907,0.859375,RETURNED
1,1,256,0.9609375,2,32.67,0.1,32.46,0.1,1909,0.92578125,RETURNED
1,1,256,0.984375,3,32.99,0.16,32.83,0.0,1914,0.9609375,LOST
1,1,256,0.98828125,4,32.59,0.15,32.34,0.1,1896,0.9765625,RETURNED
1,1,256,0.98828125,5,33.31,0.18,33.13,0.0,1922,0.984375,LOST
1,1,256,1.0,6,1.74,0.11,1.63,0.0,99,0.9921875,LOST
1,2,256,0.93359375,0,32.88,0.17,32.57,0.14,1908,0.625,RETURNED
1,2,256,0.96875,1,33.32,0.14,33.11,0.07,1907,0.92578125,RETURNED
1,2,256,0.96484375,2,33.02,0.24,32.67,0.11,1909,0.9453125,RETURNED
1,2,256,0.984375,3,33.01,0.16,32.85,0.0,1914,0.9609375,LOST
1,2,256,0.99609375,4,32.59,0.1,32.35,0.13,1896,0.984375,RETURNED
1,2,256,0.9921875,5,33.59,0.1,33.49,0.0,1922,0.99609375,LOST
1,2,256,0.99609375,6,30.42,0.12,30.21,0.09,1889,0.99609375,RETURNED
1,3,256,0.90625,0,32.75,0.16,32.47,0.12,1908,0.609375,RETURNED
1,3,256,0.96875,1,33.36,0.18,33.02,0.17,1907,0.9296875,RETURNED
1,3,256,0.97265625,2,32.61,0.1,32.44,0.07,1909,0.93359375,RETURNED
1,3,256,0.98046875,3,32.86,0.17,32.69,0.0,1914,0.96875,LOST
1,3,256,0.98828125,4,32.4,0.17,32.16,0.07,1896,0.98046875,RETURNED
1,3,256,0.984375,5,33.21,0.18,33.03,0.0,1922,0.9921875,LOST
1,3,256,1.0,6,2.7,0.1,2.6,0.0,158,0.98828125,LOST
1,4,256,0.91015625,0,32.57,0.11,32.34,0.11,1908,0.62890625,RETURNED
1,4,256,0.953125,1,33.96,0.66,33.21,0.09,1907,0.83984375,RETURNED
1,4,256,0.984375,2,32.62,0.1,32.41,0.11,1909,0.95703125,RETURNED
1,4,256,0.98828125,3,33.02,0.16,32.85,0.0,1914,0.9765625,LOST
1,4,256,0.98828125,4,32.25,0.09,32.07,0.08,1896,0.97265625,RETURNED
1,4,256,0.98828125,5,33.37,0.12,33.25,0.0,1922,0.96875,LOST
1,4,256,0.9921875,6,30.21,0.13,29.98,0.1,1889,0.98828125,RETURNED
1,5,256,0.8984375,0,32.76,0.13,32.53,0.11,1908,0.625,RETURNED
1,5,256,0.9453125,1,33.62,0.18,33.34,0.1,1907,0.89453125,RETURNED
1,5,256,0.984375,2,32.93,0.11,32.75,0.07,1909,0.953125,RETURNED
1,5,256,0.984375,3,33.29,0.09,33.2,0.0,1914,0.984375,LOST
1,5,256,0.98828125,4,32.84,0.17,32.52,0.14,1896,0.984375,RETURNED
1,5,256,0.99609375,5,34.0,0.47,33.54,0.0,1922,0.99609375,LOST
1,6,256,0.9296875,0,32.64,0.1,32.45,0.1,1908,0.63671875,RETURNED
1,6,256,0.94921875,1,33.42,0.1,33.24,0.09,1907,0.87109375,RETURNED
1,6,256,0.97265625,2,32.83,0.1,32.52,0.21,1909,0.92578125,RETURNED
1,6,256,0.96484375,3,33.0,0.16,32.84,0.0,1914,0.953125,LOST
1,6,256,0.9921875,4,32.46,0.12,32.2,0.14,1896,0.9765625,RETURNED
1,6,256,0.984375,5,33.29,0.12,33.17,0.0,1922,0.9921875,LOST
1,6,256,1.0,6,5.52,0.17,5.27,0.08,327,0.99609375,RETURNED
1,7,256,0.90234375,0,32.9,0.17,32.61,0.12,1908,0.6328125,RETURNED
1,7,256,0.94921875,1,33.33,0.1,33.15,0.08,1907,0.890625,RETURNED
1,7,256,0.97265625,2,32.8,0.17,32.5,0.13,1909,0.9375,RETURNED
1,7,256,0.984375,3,33.03,0.15,32.88,0.0,1914,0.97265625,LOST
1,7,256,0.98828125,4,32.42,0.12,32.21,0.08,1896,0.97265625,RETURNED
1,7,256,0.98828125,5,33.33,0.15,33.18,0.0,1922,0.99609375,LOST
1,7,256,1.0,6,14.83,0.26,14.57,0.0,916,0.9921875,LOST
2,337.02,0.27
2,0,256,0.921875,0,34.44,0.22,34.1,0.12,1908,0.63671875,RETURNED
2,0,256,0.94140625,1,34.08,0.36,33.51,0.21,1907,0.828125,RETURNED
2,0,256,0.98046875,2,34.01,0.16,33.68,0.17,1909,0.96484375,RETURNED
2,0,256,0.9921875,3,34.84,0.18,34.66,0.0,1914,0.984375,LOST
2,0,256,0.98046875,4,33.97,0.22,33.68,0.06,1896,0.98046875,RETURNED
2,0,256,0.98828125,5,34.58,0.17,34.4,0.0,1922,0.9921875,LOST
2,0,256,1.0,6,17.69,0.12,17.43,0.14,984,0.9921875,RETURNED
2,1,256,0.91796875,0,34.38,0.11,34.14,0.12,1908,0.63671875,RETURNED
2,1,256,0.95703125,1,33.5,0.1,33.28,0.11,1907,0.90234375,RETURNED
2,1,256,0.97265625,2,33.3,0.1,33.13,0.08,1909,0.95703125,RETURNED
2,1,256,0.9921875,3,33.63,0.22,33.41,0.0,1914,0.97265625,LOST
2,1,256,0.984375,4,33.98,0.13,33.6,0.25,1896,0.98046875,RETURNED
2,1,256,0.9921875,5,34.07,0.22,33.85,0.0,1922,0.984375,LOST
2,1,256,1.0,6,30.92,0.13,30.67,0.12,1740,0.9921875,RETURNED
2,2,256,0.921875,0,34.8,0.67,33.99,0.14,1908,0.62109375,RETURNED
2,2,256,0.9609375,1,34.32,0.18,34.03,0.11,1907,0.921875,RETURNED
2,2,256,0.98046875,2,34.22,0.42,33.73,0.07,1909,0.9453125,RETURNED
2,2,256,0.9921875,3,34.27,0.4,33.87,0.0,1914,0.9765625,LOST
2,2,256,0.9921875,4,33.92,0.23,33.54,0.15,1896,0.98046875,RETURNED
2,2,256,0.9921875,5,34.22,0.11,34.12,0.0,1922,0.9921875,LOST
2,2,256,1.0,6,30.19,0.11,29.97,0.11,1740,0.9921875,RETURNED
2,3,256,0.8984375,0,34.12,0.18,33.82,0.12,1908,0.61328125,RETURNED
2,3,256,0.94140625,1,33.87,0.49,33.28,0.11,1907,0.87109375,RETURNED
2,3,256,0.984375,2,33.5,0.1,33.33,0.07,1909,0.9375,RETURNED
2,3,256,0.96875,3,33.57,0.2,33.37,0.0,1914,0.94140625,LOST
2,3,256,0.984375,4,34.01,0.1,33.79,0.13,1896,0.98046875,RETURNED
2,3,256,0.9921875,5,34.74,0.15,34.59,0.0,1922,0.99609375,LOST
2,3,256,0.9921875,6,32.97,0.14,32.74,0.1,1889,0.96875,RETURNED
2,4,256,0.9140625,0,34.21,0.09,34.04,0.08,1908,0.61328125,RETURNED
2,4,256,0.953125,1,34.25,0.19,33.94,0.12,1907,0.90234375,RETURNED
2,4,256,0.9765625,2,33.78,0.24,33.4,0.15,1909,0.953125,RETURNED
2,4,256,0.9765625,3,34.17,0.11,34.06,0.0,1914,0.96484375,LOST
2,4,256,0.98046875,4,34.09,0.16,33.6,0.33,1896,0.96484375,RETURNED
2,4,256,0.9921875,5,34.21,0.19,34.01,0.0,1922,0.9921875,LOST
2,4,256,0.984375,6,33.54,0.2,32.81,0.54,1889,0.984375,RETURNED
2,5,256,0.90234375,0,34.22,0.17,33.97,0.08,1908,0.6171875,RETURNED
2,5,256,0.96875,1,33.77,0.1,33.59,0.08,1907,0.9140625,RETURNED
2,5,256,0.98046875,2,33.87,0.16,33.54,0.16,1909,0.94140625,RETURNED
2,5,256,0.984375,3,34.25,0.17,34.08,0.0,1914,0.9609375,LOST
2,5,256,0.9921875,4,33.8,0.1,33.59,0.11,1896,0.9765625,RETURNED
2,5,256,0.98828125,5,34.57,0.18,34.39,0.0,1922,0.9921875,LOST
2,5,256,1.0,6,30.47,0.11,30.28,0.07,1740,0.99609375,RETURNED
2,6,256,0.90234375,0,30.29,0.09,30.1,0.09,1908,0.62109375,RETURNED
2,6,256,0.91796875,1,30.19,0.16,29.95,0.08,1907,0.84375,RETURNED
2,6,256,0.95703125,2,30.34,0.15,30.09,0.1,1909,0.89453125,RETURNED
2,6,256,0.96875,3,30.24,0.17,30.07,0.0,1914,0.9375,LOST
2,6,256,0.99609375,4,30.09,0.1,29.91,0.07,1896,0.98046875,RETURNED
2,6,256,0.9921875,5,30.39,0.21,30.19,0.0,1922,0.99609375,LOST
2,6,256,0.98828125,6,30.13,0.16,29.89,0.08,1889,0.984375,RETURNED
2,6,256,0.99609375,7,29.89,0.21,29.57,0.1,1882,0.98828125,RETURNED
2,7,256,0.8828125,0,30.57,0.11,30.35,0.11,1908,0.6171875,RETURNED
2,7,256,0.94921875,1,30.64,0.23,30.31,0.1,1907,0.8828125,RETURNED
2,7,256,0.94921875,2,30.57,0.15,30.33,0.09,1909,0.90234375,RETURNED
2,7,256,0.96484375,3,30.66,0.2,30.47,0.0,1914,0.94921875,LOST
2,7,256,0.984375,4,30.51,0.17,30.27,0.08,1896,0.98046875,RETURNED
2,7,256,0.984375,5,30.96,0.4,30.56,0.0,1922,0.97265625,LOST
2,7,256,0.98828125,6,30.32,0.1,30.15,0.07,1889,0.9765625,RETURNED
2,7,256,0.9921875,7,30.15,0.14,29.93,0.08,1882,0.984375,RETURNED
3,286.11,0.29
3,0,256,0.88671875,0,32.92,0.12,32.7,0.1,1908,0.61328125,RETURNED
3,0,256,0.953125,1,33.16,0.1,32.97,0.09,1907,0.83984375,RETURNED
3,0,256,0.97265625,2,33.01,0.48,32.39,0.13,1909,0.94140625,RETURNED
3,0,256,0.97265625,3,32.92,0.15,32.76,0.0,1914,0.9609375,LOST
3,0,256,0.98828125,4,32.43,0.09,32.28,0.07,1896,0.94921875,RETURNED
3,0,256,0.984375,5,33.22,0.1,33.12,0.0,1922,0.98046875,LOST
3,0,256,0.9921875,6,32.46,0.29,32.08,0.09,1889,0.98046875,RETURNED
3,0,256,0.9921875,7,30.19,0.17,29.9,0.12,1882,0.98828125,RETURNED
3,1,256,0.91796875,0,32.8,0.1,32.62,0.08,1908,0.6171875,RETURNED
3,1,256,0.88671875,1,33.28,0.17,33.03,0.08,1907,0.62890625,RETURNED
3,1,256,0.95703125,2,32.97,0.17,32.38,0.42,1909,0.90234375,RETURNED
3,1,256,0.984375,3,32.86,0.14,32.73,0.0,1914,0.953125,LOST
3,1,256,0.98046875,4,32.53,0.09,32.36,0.07,1896,0.97265625,RETURNED
3,1,256,0.98046875,5,33.25,0.19,33.06,0.0,1922,0.95703125,LOST
3,1,256,0.98828125,6,32.27,0.1,32.07,0.1,1889,0.96875,RETURNED
3,1,256,0.98828125,7,30.07,0.14,29.81,0.11,1882,0.9765625,RETURNED
3,2,256,0.9140625,0,33.13,0.15,32.89,0.1,1908,0.6484375,RETURNED
3,2,256,0.95703125,1,33.32,0.16,33.06,0.11,1907,0.91796875,RETURNED
3,2,256,0.95703125,2,32.76,0.2,32.49,0.07,1909,0.93359375,RETURNED
3,2,256,0.98046875,3,32.95,0.08,32.87,0.0,1914,0.9609375,LOST
3,2,256,0.97265625,4,32.52,0.12,32.29,0.1,1896,0.96875,RETURNED
3,2,256,0.98828125,5,33.2,0.11,33.09,0.0,1922,0.98828125,LOST
3,2,256,0.99609375,6,32.46,0.1,32.24,0.12,1889,0.98046875,RETURNED
3,2,256,1.0,7,2.79,0.16,2.2,0.42,133,0.99609375,RETURNED
3,3,256,0.91796875,0,33.08,0.18,32.82,0.08,1908,0.62109375,RETURNED
3,3,256,0.93359375,1,33.56,0.13,32.97,0.45,1907,0.9140625,RETURNED
3,3,256,0.9609375,2,32.74,0.1,32.48,0.16,1909,0.921875,RETURNED
3,3,256,0.98046875,3,33.2,0.13,33.07,0.0,1914,0.97265625,LOST
3,3,256,0.98046875,4,32.76,0.15,32.51,0.1,1896,0.96875,RETURNED
3,3,256,0.984375,5,33.18,0.14,33.04,0.0,1922,0.98046875,LOST
3,3,256,0.9921875,6,32.4,0.17,32.12,0.11,1889,0.98828125,RETURNED
3,3,256,1.0,7,3.64,0.17,3.15,0.32,194,0.98828125,RETURNED
3,4,256,0.8984375,0,33.42,0.21,33.1,0.1,1908,0.609375,RETURNED
3,4,256,0.953125,1,33.81,0.16,33.26,0.38,1907,0.9140625,RETURNED
3,4,256,0.9609375,2,32.84,0.23,32.51,0.1,1909,0.94140625,RETURNED
3,4,256,0.98828125,3,33.57,0.42,33.15,0.0,1914,0.97265625,LOST
3,4,256,0.96484375,4,32.76,0.1,32.59,0.07,1896,0.96875,RETURNED
3,4,256,0.98046875,5,33.29,0.11,33.19,0.0,1922,0.96875,LOST
3,4,256,0.9921875,6,32.91,0.1,32.5,0.32,1889,0.98828125,RETURNED
3,5,256,0.91796875,0,33.59,0.16,33.35,0.08,1908,0.6171875,RETURNED
3,5,256,0.96875,1,33.99,0.19,33.63,0.17,1907,0.92578125,RETURNED
3,5,256,0.95703125,2,33.27,0.19,32.96,0.12,1909,0.94140625,RETURNED
3,5,256,0.9765625,3,33.66,0.11,33.56,0.0,1914,0.96484375,LOST
3,5,256,0.96875,4,33.27,0.17,33.02,0.08,1896,0.96484375,RETURNED
3,5,256,0.9765625,5,33.54,0.15,33.38,0.0,1922,0.984375,LOST
3,5,256,0.9921875,6,32.75,0.14,32.42,0.18,1889,0.98828125,RETURNED
3,6,256,0.9296875,0,33.08,0.1,32.9,0.07,1908,0.62109375,RETURNED
3,6,256,0.92578125,1,33.48,0.1,33.24,0.14,1907,0.875,RETURNED
3,6,256,0.953125,2,33.5,0.6,32.6,0.3,1909,0.92578125,RETURNED
3,6,256,0.9765625,3,33.07,0.1,32.97,0.0,1914,0.953125,LOST
3,6,256,0.984375,4,32.84,0.21,32.51,0.12,1896,0.95703125,RETURNED
3,6,256,0.98046875,5,33.51,0.17,33.34,0.0,1922,0.97265625,LOST
3,6,256,0.99609375,6,32.56,0.09,32.34,0.13,1889,0.96875,RETURNED
3,6,256,1.0,7,2.44,0.17,2.14,0.13,133,0.99609375,RETURNED
3,7,256,0.90234375,0,32.94,0.13,32.68,0.14,1908,0.61328125,RETURNED
3,7,256,0.96484375,1,33.44,0.16,33.22,0.07,1907,0.91796875,RETURNED
3,7,256,0.95703125,2,32.52,0.09,32.32,0.11,1909,0.92578125,RETURNED
3,7,256,0.98828125,3,32.86,0.18,32.68,0.0,1914,0.96875,LOST
3,7,256,0.98828125,4,32.44,0.12,32.21,0.11,1896,0.96875,RETURNED
3,7,256,0.984375,5,33.09,0.1,32.98,0.0,1922,0.98828125,LOST
3,7,256,0.984375,6,32.47,0.2,32.19,0.08,1889,0.96484375,RETURNED
3,7,256,1.0,7,2.52,0.18,2.18,0.16,133,0.9921875,RETURNED
4,249.98,0.26
4,0,256,0.90234375,0,33.25,0.1,33.05,0.11,1908,0.62109375,RETURNED
4,0,256,0.92578125,1,32.83,0.13,32.61,0.09,1907,0.88671875,RETURNED
4,0,256,0.94921875,2,33.49,0.09,33.3,0.1,1909,0.88671875,RETURNED
4,0,256,0.9765625,3,32.97,0.21,32.75,0.0,1914,0.9453125,LOST
4,0,256,0.96875,4,32.93,0.16,32.67,0.11,1896,0.96484375,RETURNED
4,0,256,0.97265625,5,32.83,0.09,32.73,0.0,1922,0.94921875,LOST
4,0,256,0.9921875,6,32.57,0.11,32.35,0.11,1889,0.984375,RETURNED
4,1,256,0.90234375,0,33.21,0.19,32.92,0.09,1908,0.61328125,RETURNED
4,1,256,0.95703125,1,32.92,0.15,32.66,0.11,1907,0.90234375,RETURNED
4,1,256,0.96484375,2,33.32,0.16,33.09,0.07,1909,0.9140625,RETURNED
4,1,256,0.97265625,3,32.71,0.11,32.61,0.0,1914,0.95703125,LOST
4,1,256,0.984375,4,32.78,0.09,32.62,0.07,1896,0.9609375,RETURNED
4,1,256,0.98046875,5,33.01,0.17,32.84,0.0,1922,0.984375,LOST
4,1,256,0.99609375,6,32.5,0.19,32.23,0.09,1889,0.98046875,RETURNED
4,2,256,0.890625,0,33.37,0.2,32.97,0.2,1908,0.64453125,RETURNED
4,2,256,0.953125,1,33.13,0.17,32.9,0.06,1907,0.90234375,RETURNED
4,2,256,0.96484375,2,33.27,0.12,33.08,0.08,1909,0.9140625,RETURNED
4,2,256,0.98828125,3,32.78,0.1,32.68,0.0,1914,0.96875,LOST
4,2,256,0.97265625,4,32.91,0.24,32.56,0.12,1896,0.96484375,RETURNED
4,2,256,0.98828125,5,32.92,0.1,32.82,0.0,1922,0.97265625,LOST
4,2,256,1.0,6,27.77,0.17,27.6,0.0,1599,0.984375,LOST
4,3,256,0.8828125,0,33.12,0.11,32.93,0.08,1908,0.6171875,RETURNED
4,3,256,0.93359375,1,33.17,0.1,32.94,0.13,1907,0.80859375,RETURNED
4,3,256,0.9609375,2,33.36,0.15,33.08,0.13,1909,0.9453125,RETURNED
4,3,256,0.984375,3,32.93,0.16,32.78,0.0,1914,0.94921875,LOST
4,3,256,0.96484375,4,33.0,0.29,32.63,0.08,1896,0.96484375,RETURNED
4,3,256,0.98828125,5,33.02,0.12,32.91,0.0,1922,0.98046875,LOST
4,3,256,0.9921875,6,32.78,0.44,32.26,0.08,1889,0.98046875,RETURNED
4,4,256,0.9140625,0,33.53,0.17,32.93,0.43,1908,0.6171875,RETURNED
4,4,256,0.94140625,1,32.97,0.09,32.81,0.07,1907,0.83984375,RETURNED
4,4,256,0.95703125,2,33.31,0.15,33.03,0.12,1909,0.94140625,RETURNED
4,4,256,0.9765625,3,32.77,0.13,32.64,0.0,1914,0.95703125,LOST
4,4,256,0.98046875,4,32.71,0.11,32.48,0.13,1896,0.96484375,RETURNED
4,4,256,0.984375,5,32.95,0.14,32.8,0.0,1922,0.98046875,LOST
4,4,256,0.98828125,6,32.46,0.12,32.25,0.09,1889,0.9765625,RETURNED
4,5,256,0.90234375,0,33.14,0.17,32.84,0.12,1908,0.63671875,RETURNED
4,5,256,0.95703125,1,33.07,0.23,32.75,0.09,1907,0.88671875,RETURNED
4,5,256,0.96484375,2,33.39,0.16,33.04,0.19,1909,0.91015625,RETURNED
4,5,256,0.98046875,3,32.93,0.21,32.71,0.0,1914,0.9453125,LOST
4,5,256,0.9765625,4,32.83,0.12,32.53,0.17,1896,0.96484375,RETURNED
4,5,256,0.98046875,5,33.12,0.26,32.86,0.0,1922,0.9765625,LOST
4,5,256,0.9921875,6,32.38,0.11,32.15,0.12,1889,0.984375,RETURNED
4,6,256,0.921875,0,32.85,0.11,32.66,0.08,1908,0.6328125,RETURNED
4,6,256,0.921875,1,32.76,0.18,32.43,0.15,1907,0.68359375,RETURNED
4,6,256,0.96875,2,33.48,0.26,33.07,0.15,1909,0.921875,RETURNED
4,6,256,0.98046875,3,32.62,0.17,32.45,0.0,1914,0.95703125,LOST
4,6,256,0.97265625,4,32.59,0.13,32.4,0.07,1896,0.96484375,RETURNED
4,6,256,0.98828125,5,32.57,0.1,32.47,0.0,1922,0.97265625,LOST
4,6,256,0.9921875,6,32.39,0.17,32.15,0.07,1889,0.9765625,RETURNED
4,7,256,0.91015625,0,33.41,0.12,33.21,0.08,1908,0.609375,RETURNED
4,7,256,0.95703125,1,33.15,0.18,32.86,0.11,1907,0.84765625,RETURNED
4,7,256,0.96484375,2,33.52,0.09,33.26,0.17,1909,0.94140625,RETURNED
4,7,256,0.9765625,3,33.2,0.11,33.09,0.0,1914,0.96484375,LOST
4,7,256,0.9765625,4,33.01,0.12,32.8,0.09,1896,0.95703125,RETURNED
4,7,256,0.98828125,5,33.34,0.11,33.23,0.0,1922,0.984375,LOST
4,7,256,0.984375,6,32.59,0.21,32.31,0.08,1889,0.96875,RETURNED
5,291.29,0.19
5,0,256,0.91796875,0,33.05,0.12,32.85,0.08,1908,0.62109375,RETURNED
5,0,256,0.92578125,1,33.08,0.24,32.74,0.11,1907,0.75,RETURNED
5,0,256,0.96484375,2,32.73,0.17,32.48,0.07,1909,0.93359375,RETURNED
5,0,256,0.9765625,3,33.33,0.16,33.17,0.0,1914,0.9765625,LOST
5,0,256,0.96875,4,32.53,0.1,32.35,0.07,1896,0.97265625,RETURNED
5,0,256,0.99609375,5,33.34,0.44,32.91,0.0,1922,0.97265625,LOST
5,0,256,0.99609375,6,32.4,0.1,32.18,0.12,1889,0.98046875,RETURNED
5,0,256,0.9921875,7,32.37,0.13,32.16,0.08,1882,0.98828125,RETURNED
5,1,256,0.89453125,0,33.39,0.1,33.17,0.12,1908,0.62890625,RETURNED
5,1,256,0.96875,1,33.46,0.12,33.11,0.22,1907,0.91796875,RETURNED
5,1,256,0.9765625,2,33.5,0.32,33.03,0.15,1909,0.95703125,RETURNED
5,1,256,0.98828125,3,33.67,0.1,33.56,0.0,1914,0.984375,LOST
5,1,256,0.984375,4,33.29,0.39,32.79,0.12,1896,0.9765625,RETURNED
5,1,256,0.9921875,5,33.35,0.12,33.23,0.0,1922,0.984375,LOST
5,1,256,0.9921875,6,33.12,0.19,32.55,0.38,1889,0.98046875,RETURNED
5,1,256,0.9921875,7,32.94,0.21,32.66,0.07,1882,0.9921875,RETURNED
5,2,256,0.890625,0,33.05,0.11,32.88,0.07,1908,0.62109375,RETURNED
5,2,256,0.94921875,1,32.71,0.11,32.49,0.11,1907,0.875,RETURNED
5,2,256,0.96875,2,32.59,0.09,32.42,0.08,1909,0.9296875,RETURNED
5,2,256,0.96875,3,33.46,0.16,33.31,0.0,1914,0.921875,LOST
5,2,256,0.9765625,4,32.65,0.16,32.37,0.12,1896,0.9765625,RETURNED
5,2,256,0.984375,5,33.22,0.34,32.88,0.0,1922,0.9765625,LOST
5,2,256,0.98828125,6,32.42,0.15,32.19,0.08,1889,0.984375,RETURNED
5,2,256,0.9921875,7,32.46,0.12,32.15,0.2,1882,0.98828125,RETURNED
5,3,256,0.91015625,0,33.15,0.17,32.9,0.07,1908,0.62890625,RETURNED
5,3,256,0.95703125,1,32.67,0.1,32.43,0.14,1907,0.8671875,RETURNED
5,3,256,0.9765625,2,32.78,0.09,32.49,0.2,1909,0.94921875,RETURNED
5,3,256,0.98828125,3,33.27,0.1,33.18,0.0,1914,0.96875,LOST
5,3,256,0.98046875,4,32.62,0.17,32.28,0.18,1896,0.9765625,RETURNED
5,3,256,0.9921875,5,33.23,0.37,32.86,0.0,1922,0.98046875,LOST
5,3,256,0.984375,6,32.46,0.22,32.17,0.07,1889,0.984375,RETURNED
5,3,256,0.99609375,7,32.43,0.11,32.23,0.1,1882,0.98828125,RETURNED
5,4,256,0.9296875,0,33.3,0.11,33.12,0.08,1908,0.625,RETURNED
5,4,256,0.9375,1,32.96,0.11,32.68,0.17,1907,0.88671875,RETURNED
5,4,256,0.96875,2,32.89,0.11,32.7,0.08,1909,0.91015625,RETURNED
5,4,256,0.9765625,3,33.28,0.1,33.18,0.0,1914,0.96875,LOST
5,4,256,0.984375,4,32.76,0.17,32.47,0.12,1896,0.9765625,RETURNED
5,4,256,0.99609375,5,33.18,0.2,32.98,0.0,1922,0.984375,LOST
5,4,256,0.98828125,6,32.55,0.13,32.3,0.12,1889,0.984375,RETURNED
5,4,256,0.9921875,7,32.58,0.11,32.39,0.08,1882,0.9921875,RETURNED
5,5,256,0.90625,0,33.37,0.12,33.18,0.08,1908,0.6328125,RETURNED
5,5,256,0.95703125,1,32.95,0.2,32.68,0.08,1907,0.91015625,RETURNED
5,5,256,0.97265625,2,32.85,0.17,32.57,0.11,1909,0.9453125,RETURNED
5,5,256,0.984375,3,33.59,0.52,33.07,0.0,1914,0.97265625,LOST
5,5,256,0.98828125,4,32.72,0.17,32.46,0.1,1896,0.97265625,RETURNED
5,5,256,0.9921875,5,32.88,0.11,32.77,0.0,1922,0.98046875,LOST
5,5,256,0.984375,6,32.35,0.11,32.11,0.12,1889,0.984375,RETURNED
5,5,256,0.99609375,7,32.53,0.2,32.21,0.12,1882,0.99609375,RETURNED
5,6,256,0.90625,0,33.26,0.2,32.93,0.13,1908,0.640625,RETURNED
5,6,256,0.953125,1,32.67,0.14,32.45,0.08,1907,0.8828125,RETURNED
5,6,256,0.9765625,2,32.54,0.12,32.31,0.12,1909,0.94921875,RETURNED
5,6,256,0.984375,3,33.49,0.38,33.11,0.0,1914,0.96875,LOST
5,6,256,0.98046875,4,33.15,0.41,32.35,0.4,1896,0.98046875,RETURNED
5,6,256,0.99609375,5,32.95,0.21,32.74,0.0,1922,0.984375,LOST
5,6,256,0.984375,6,32.45,0.21,32.1,0.14,1889,0.97265625,RETURNED
5,6,256,0.99609375,7,32.22,0.1,32.05,0.08,1882,0.99609375,RETURNED
5,7,256,0.92578125,0,31.03,0.35,30.29,0.4,1908,0.61328125,RETURNED
5,7,256,0.94921875,1,30.59,0.18,30.3,0.12,1907,0.875,RETURNED
5,7,256,0.96484375,2,30.86,0.1,30.45,0.32,1909,0.921875,RETURNED
5,7,256,0.96484375,3,30.51,0.1,30.4,0.0,1914,0.93359375,LOST
5,7,256,0.984375,4,30.36,0.1,30.14,0.12,1896,0.9765625,RETURNED
5,7,256,0.97265625,5,30.57,0.1,30.47,0.0,1922,0.96484375,LOST
5,7,256,0.99609375,6,30.27,0.09,30.1,0.07,1889,0.984375,RETURNED
5,7,256,1.0,7,29.35,0.17,29.11,0.07,1824,0.99609375,RETURNED
6,214.03,0.27
6,0,256,0.890625,0,33.36,0.22,33.02,0.11,1908,0.6171875,RETURNED
6,0,256,0.94921875,1,33.17,0.65,32.45,0.07,1907,0.890625,RETURNED
6,0,256,0.984375,2,32.9,0.16,32.61,0.12,1909,0.9453125,RETURNED
6,0,256,0.98046875,3,32.7,0.16,32.54,0.0,1914,0.984375,LOST
6,0,256,0.98046875,4,33.31,0.19,32.76,0.36,1896,0.984375,RETURNED
6,0,256,1.0,5,1.06,0.15,0.71,0.19,45,0.99609375,RETURNED
6,1,256,0.91015625,0,33.13,0.15,32.89,0.09,1908,0.6171875,RETURNED
6,1,256,0.94921875,1,32.67,0.13,32.42,0.12,1907,0.80859375,RETURNED
6,1,256,0.9765625,2,32.95,0.17,32.67,0.11,1909,0.9453125,RETURNED
6,1,256,0.97265625,3,32.78,0.13,32.65,0.0,1914,0.95703125,LOST
6,1,256,0.984375,4,33.02,0.11,32.79,0.11,1896,0.984375,RETURNED
6,1,256,0.98046875,5,30.73,0.17,30.56,0.0,1922,0.98046875,LOST
6,2,256,0.92578125,0,33.47,0.15,33.2,0.12,1908,0.61328125,RETURNED
6,2,256,0.9375,1,33.39,0.1,32.82,0.47,1907,0.87109375,RETURNED
6,2,256,0.9296875,2,33.39,0.17,33.1,0.12,1909,0.875,RETURNED
6,2,256,0.98828125,3,32.88,0.1,32.78,0.0,1914,0.984375,LOST
6,2,256,0.96875,4,33.23,0.12,32.98,0.13,1896,0.98046875,RETURNED
6,2,256,1.0,5,0.94,0.12,0.73,0.09,45,0.99609375,RETURNED
6,3,256,0.90234375,0,33.3,0.11,32.95,0.25,1908,0.6171875,RETURNED
6,3,256,0.95703125,1,33.04,0.67,32.28,0.08,1907,0.8984375,RETURNED
6,3,256,0.98046875,2,33.06,0.1,32.51,0.45,1909,0.94921875,RETURNED
6,3,256,0.984375,3,32.58,0.11,32.46,0.0,1914,0.98046875,LOST
6,3,256,0.99609375,4,33.22,0.12,32.59,0.51,1896,0.98046875,RETURNED
6,3,256,0.984375,5,30.47,0.1,30.37,0.0,1922,0.98046875,LOST
6,4,256,0.91796875,0,33.45,0.16,33.22,0.08,1908,0.6171875,RETURNED
6,4,256,0.95703125,1,33.47,0.63,32.72,0.12,1907,0.8828125,RETURNED
6,4,256,0.97265625,2,33.29,0.1,33.1,0.09,1909,0.93359375,RETURNED
6,4,256,0.96484375,3,32.88,0.11,32.77,0.0,1914,0.96875,LOST
6,4,256,0.96484375,4,33.08,0.11,32.86,0.11,1896,0.96875,RETURNED
6,5,256,0.890625,0,33.34,0.15,33.06,0.13,1908,0.6328125,RETURNED
6,5,256,0.9609375,1,32.7,0.16,32.46,0.08,1907,0.8984375,RETURNED
6,5,256,0.96875,2,32.94,0.17,32.69,0.08,1909,0.93359375,RETURNED
6,5,256,0.96875,3,32.8,0.12,32.69,0.0,1914,0.9375,LOST
6,5,256,0.984375,4,33.6,0.25,33.0,0.35,1896,0.984375,RETURNED
6,5,256,0.98828125,5,30.71,0.1,30.61,0.0,1922,0.984375,LOST
6,6,256,0.8984375,0,33.21,0.09,33.05,0.07,1908,0.62109375,RETURNED
6,6,256,0.9453125,1,33.03,0.09,32.69,0.25,1907,0.90234375,RETURNED
6,6,256,0.95703125,2,32.95,0.18,32.69,0.08,1909,0.9296875,RETURNED
6,6,256,0.98828125,3,32.89,0.12,32.77,0.0,1914,0.9765625,LOST
6,6,256,0.98828125,4,33.49,0.2,32.77,0.53,1896,0.9765625,RETURNED
6,6,256,0.98828125,5,30.8,0.19,30.61,0.0,1922,0.99609375,LOST
6,7,256,0.8984375,0,30.47,0.15,30.2,0.12,1908,0.61328125,RETURNED
6,7,256,0.890625,1,30.22,0.1,30.04,0.07,1907,0.62890625,RETURNED
6,7,256,0.95703125,2,30.4,0.15,30.13,0.12,1909,0.8984375,RETURNED
6,7,256,0.9765625,3,30.55,0.44,30.12,0.0,1914,0.95703125,LOST
6,7,256,0.984375,4,30.16,0.19,29.88,0.1,1896,0.9765625,RETURNED
6,7,256,0.9921875,5,30.45,0.22,30.23,0.0,1922,0.96875,LOST
7,265.13,0.31
7,0,256,0.9140625,0,61.29,0.25,60.95,0.09,1908,0.6328125,RETURNED
7,0,256,0.96875,1,61.75,0.17,61.39,0.19,1907,0.90625,RETURNED
7,0,256,0.98046875,2,61.78,0.2,61.45,0.12,1909,0.96875,RETURNED
7,0,256,0.98828125,3,60.93,0.1,60.83,0.0,1914,0.984375,LOST
7,1,256,0.89453125,0,31.16,0.17,30.88,0.11,1908,0.61328125,RETURNED
7,1,256,0.91015625,1,31.16,0.11,30.97,0.07,1907,0.75390625,RETURNED
7,1,256,0.96875,2,31.24,0.11,30.99,0.14,1909,0.9453125,RETURNED
7,1,256,0.95703125,3,31.47,0.1,31.37,0.0,1914,0.91015625,LOST
7,1,256,0.97265625,4,30.98,0.12,30.74,0.11,1896,0.96484375,RETURNED
7,1,256,0.9921875,5,31.45,0.11,31.34,0.0,1922,0.98046875,LOST
7,1,256,0.9921875,6,30.63,0.09,30.44,0.1,1889,0.984375,RETURNED
7,2,256,0.89453125,0,30.65,0.1,30.42,0.13,1908,0.6171875,RETURNED
7,2,256,0.94140625,1,30.71,0.17,30.43,0.11,1907,0.89453125,RETURNED
7,2,256,0.98046875,2,31.41,0.91,30.43,0.07,1909,0.95703125,RETURNED
7,2,256,0.98828125,3,30.9,0.16,30.74,0.0,1914,0.98046875,LOST
7,2,256,0.984375,4,30.4,0.1,30.19,0.11,1896,0.98046875,RETURNED
7,2,256,0.9921875,5,30.84,0.1,30.75,0.0,1922,0.9765625,LOST
7,2,256,0.98046875,6,30.34,0.13,29.96,0.24,1889,0.98046875,RETURNED
7,3,256,0.93359375,0,30.82,0.14,30.53,0.15,1908,0.625,RETURNED
7,3,256,0.9453125,1,30.9,0.12,30.56,0.22,1907,0.87109375,RETURNED
7,3,256,0.9609375,2,30.85,0.19,30.58,0.08,1909,0.91015625,RETURNED
7,3,256,0.97265625,3,31.1,0.1,30.99,0.0,1914,0.95703125,LOST
7,3,256,0.98828125,4,30.53,0.09,30.31,0.13,1896,0.9765625,RETURNED
7,3,256,0.98828125,5,31.19,0.21,30.97,0.0,1922,0.98828125,LOST
7,3,256,1.0,6,23.72,0.11,23.62,0.0,1481,0.98828125,LOST
7,4,256,0.90625,0,31.0,0.17,30.76,0.07,1908,0.625,RETURNED
7,4,256,0.953125,1,30.99,0.1,30.81,0.08,1907,0.8984375,RETURNED
7,4,256,0.96484375,2,30.93,0.13,30.73,0.07,1909,0.9296875,RETURNED
7,4,256,0.97265625,3,31.85,0.76,31.1,0.0,1914,0.9609375,LOST
7,4,256,0.96875,4,30.69,0.1,30.48,0.11,1896,0.96484375,RETURNED
7,4,256,0.99609375,5,31.25,0.12,31.13,0.0,1922,0.9765625,LOST
7,4,256,0.98046875,6,30.49,0.14,30.27,0.07,1889,0.98046875,RETURNED
7,5,256,0.91015625,0,30.57,0.1,30.37,0.1,1908,0.625,RETURNED
7,5,256,0.95703125,1,30.59,0.08,30.42,0.09,1907,0.9140625,RETURNED
7,5,256,0.9609375,2,30.8,0.11,30.4,0.29,1909,0.93359375,RETURNED
7,5,256,0.94921875,3,30.92,0.16,30.75,0.0,1914,0.93359375,LOST
7,5,256,0.98828125,4,30.31,0.11,30.12,0.07,1896,0.96875,RETURNED
7,5,256,0.9921875,5,30.84,0.1,30.74,0.0,1922,0.96875,LOST
7,5,256,1.0,6,13.84,0.17,13.59,0.08,857,0.98828125,RETURNED
7,6,256,0.90234375,0,61.83,0.34,61.4,0.09,1908,0.60546875,RETURNED
7,6,256,0.96484375,1,61.62,0.1,61.43,0.09,1907,0.95703125,RETURNED
7,6,256,0.98828125,2,61.69,0.16,61.44,0.1,1909,0.9765625,RETURNED
7,6,256,0.9921875,3,59.08,0.1,58.98,0.0,1914,0.9765625,LOST
7,7,256,0.91015625,0,30.25,0.19,29.94,0.12,1908,0.62109375,RETURNED
7,7,256,0.9609375,1,30.28,0.23,29.97,0.08,1907,0.90625,RETURNED
7,7,256,0.94140625,2,30.38,0.18,30.05,0.16,1909,0.9140625,RETURNED
7,7,256,0.97265625,3,30.32,0.11,30.21,0.0,1914,0.953125,LOST
7,7,256,0.98046875,4,30.08,0.13,29.83,0.12,1896,0.96484375,RETURNED
7,7,256,0.98828125,5,30.4,0.18,30.22,0.0,1922,0.96484375,LOST
7,7,256,1.0,6,27.62,0.16,27.34,0.12,1740,0.98828125,RETURNED
8,218.85,0.22
8,0,256,0.8984375,0,33.56,0.16,33.27,0.13,1908,0.62890625,RETURNED
8,0,256,0.94921875,1,33.06,0.12,32.84,0.09,1907,0.91796875,RETURNED
8,0,256,0.9765625,2,33.18,0.11,33.0,0.07,1909,0.95703125,RETURNED
8,0,256,0.97265625,3,33.57,0.12,33.45,0.0,1914,0.9765625,LOST
8,0,256,0.9921875,4,33.4,0.09,32.58,0.73,1896,0.98046875,RETURNED
8,1,256,0.91796875,0,33.08,0.17,32.77,0.14,1908,0.6171875,RETURNED
8,1,256,0.94921875,1,33.04,0.37,32.5,0.17,1907,0.83984375,RETURNED
8,1,256,0.9765625,2,33.13,0.24,32.8,0.09,1909,0.94921875,RETURNED
8,1,256,0.98046875,3,33.01,0.16,32.85,0.0,1914,0.9453125,LOST
8,1,256,0.98046875,4,32.76,0.13,32.52,0.1,1896,0.9765625,RETURNED
8,2,256,0.91796875,0,33.06,0.1,32.85,0.11,1908,0.625,RETURNED
8,2,256,0.9453125,1,32.88,0.18,32.6,0.1,1907,0.84765625,RETURNED
8,2,256,0.98046875,2,33.22,0.17,32.99,0.07,1909,0.94140625,RETURNED
8,2,256,0.9921875,3,33.4,0.37,33.04,0.0,1914,0.9609375,LOST
8,2,256,0.99609375,4,32.86,0.1,32.67,0.08,1896,0.984375,RETURNED
8,3,256,0.91015625,0,33.15,0.14,32.87,0.14,1908,0.625,RETURNED
8,3,256,0.9609375,1,32.85,0.16,32.59,0.11,1907,0.92578125,RETURNED
8,3,256,0.984375,2,33.47,0.52,32.83,0.12,1909,0.9453125,RETURNED
8,3,256,0.9765625,3,33.17,0.16,33.01,0.0,1914,0.9765625,LOST
8,3,256,1.0,4,31.33,0.1,31.23,0.0,1822,0.984375,LOST
8,4,256,0.91015625,0,33.45,0.16,33.21,0.08,1908,0.62890625,RETURNED
8,4,256,0.9453125,1,33.23,0.18,32.98,0.07,1907,0.87109375,RETURNED
8,4,256,0.953125,2,33.33,0.09,33.16,0.07,1909,0.921875,RETURNED
8,4,256,0.96484375,3,33.61,0.09,33.52,0.0,1914,0.94921875,LOST
8,4,256,0.98046875,4,33.34,0.26,32.93,0.14,1896,0.96484375,RETURNED
8,5,256,0.91796875,0,33.43,0.09,33.27,0.07,1908,0.609375,RETURNED
8,5,256,0.953125,1,33.2,0.11,32.7,0.39,1907,0.87890625,RETURNED
8,5,256,0.98046875,2,33.78,0.4,33.27,0.1,1909,0.9375,RETURNED
8,5,256,0.9921875,3,33.45,0.11,33.34,0.0,1914,0.98828125,LOST
8,5,256,0.99609375,4,32.73,0.09,32.52,0.11,1896,0.98046875,RETURNED
8,6,256,0.93359375,0,33.21,0.16,32.93,0.12,1908,0.62890625,RETURNED
8,6,256,0.8984375,1,32.73,0.16,32.48,0.08,1907,0.640625,RETURNED
8,6,256,0.9765625,2,33.04,0.16,32.81,0.07,1909,0.9609375,RETURNED
8,6,256,0.9765625,3,33.23,0.16,33.07,0.0,1914,0.94140625,LOST
8,6,256,0.98828125,4,33.11,0.2,32.6,0.31,1896,0.97265625,RETURNED
8,7,256,0.90625,0,32.97,0.14,32.74,0.08,1908,0.6640625,RETURNED
8,7,256,0.9453125,1,32.46,0.1,32.29,0.07,1907,0.83984375,RETURNED
8,7,256,0.97265625,2,32.9,0.16,32.59,0.15,1909,0.9140625,RETURNED
8,7,256,0.98046875,3,32.97,0.2,32.77,0.0,1914,0.96875,LOST
8,7,256,0.99609375,4,32.44,0.1,32.26,0.07,1896,0.9765625,RETURNED
8,7,256,0.9921875,5,30.33,0.15,30.18,0.0,1922,0.984375,LOST
9,330.46,0.26
9,0,256,0.91796875,0,33.24,0.14,32.95,0.15,1908,0.6171875,RETURNED
9,0,256,0.890625,1,33.3,0.23,32.95,0.12,1907,0.6171875,RETURNED
9,0,256,0.98046875,2,33.12,0.11,32.89,0.11,1909,0.9296875,RETURNED
9,0,256,0.9765625,3,32.95,0.19,32.76,0.0,1914,0.9609375,LOST
9,0,256,0.98046875,4,32.28,0.12,32.03,0.14,1896,0.98046875,RETURNED
9,0,256,0.98828125,5,33.47,0.19,33.28,0.0,1922,0.98828125,LOST
9,0,256,0.9921875,6,33.04,0.19,32.69,0.16,1889,0.98828125,RETURNED
9,0,256,0.9765625,7,32.71,0.1,32.47,0.13,1882,0.99609375,RETURNED
9,1,256,0.890625,0,33.18,0.17,32.92,0.08,1908,0.625,RETURNED
9,1,256,0.95703125,1,33.21,0.19,32.94,0.08,1907,0.91796875,RETURNED
9,1,256,0.96484375,2,33.11,0.18,32.81,0.11,1909,0.94921875,RETURNED
9,1,256,0.97265625,3,32.91,0.17,32.75,0.0,1914,0.96875,LOST
9,1,256,0.98046875,4,32.82,0.1,32.66,0.07,1896,0.98046875,RETURNED
9,1,256,0.98828125,5,33.97,0.23,33.74,0.0,1922,0.984375,LOST
9,1,256,0.9921875,6,32.63,0.16,32.39,0.08,1889,0.9765625,RETURNED
9,1,256,1.0,7,31.04,0.18,30.79,0.08,1824,0.99609375,RETURNED
9,2,256,0.90625,0,33.04,0.1,32.82,0.11,1908,0.6171875,RETURNED
9,2,256,0.953125,1,33.25,0.25,32.93,0.07,1907,0.875,RETURNED
9,2,256,0.95703125,2,32.98,0.1,32.72,0.16,1909,0.921875,RETURNED
9,2,256,0.9765625,3,32.8,0.16,32.64,0.0,1914,0.92578125,LOST
9,2,256,0.97265625,4,32.08,0.34,31.65,0.09,1896,0.953125,RETURNED
9,2,256,0.984375,5,33.05,0.24,32.82,0.0,1922,0.9765625,LOST
9,2,256,0.9921875,6,33.05,0.11,32.85,0.09,1889,0.984375,RETURNED
9,2,256,0.9921875,7,32.71,0.33,32.28,0.09,1882,0.9921875,RETURNED
9,2,256,1.0,8,2.61,0.11,2.38,0.13,143,0.99609375,RETURNED
9,3,256,0.89453125,0,33.21,0.12,33.0,0.09,1908,0.62890625,RETURNED
9,3,256,0.96875,1,33.73,0.25,32.94,0.54,1907,0.90625,RETURNED
9,3,256,0.98046875,2,33.58,0.36,32.9,0.32,1909,0.95703125,RETURNED
9,3,256,0.98828125,3,32.86,0.1,32.76,0.0,1914,0.97265625,LOST
9,3,256,0.98828125,4,31.96,0.16,31.75,0.06,1896,0.9765625,RETURNED
9,3,256,0.98046875,5,33.21,0.45,32.76,0.0,1922,0.97265625,LOST
9,3,256,0.98046875,6,33.15,0.11,32.96,0.07,1889,0.96484375,RETURNED
9,3,256,0.9921875,7,32.91,0.37,32.43,0.12,1882,0.984375,RETURNED
9,3,256,0.9921875,8,30.6,0.16,30.44,0.0,1905,0.99609375,LOST
9,4,256,0.92578125,0,33.02,0.17,32.78,0.08,1908,0.6328125,RETURNED
9,4,256,0.9609375,1,33.65,0.17,32.86,0.61,1907,0.90625,RETURNED
9,4,256,0.95703125,2,33.14,0.11,32.93,0.11,1909,0.875,RETURNED
9,4,256,0.96875,3,32.93,0.35,32.57,0.0,1914,0.9375,LOST
9,4,256,0.984375,4,32.21,0.41,31.67,0.13,1896,0.98046875,RETURNED
9,4,256,0.98046875,5,33.03,0.43,32.6,0.0,1922,0.9765625,LOST
9,4,256,0.99609375,6,33.12,0.09,32.96,0.07,1889,0.98828125,RETURNED
9,4,256,0.9921875,7,32.59,0.14,32.34,0.11,1882,0.98046875,RETURNED
9,4,256,0.98828125,8,30.49,0.11,30.38,0.0,1905,0.9921875,LOST
9,5,256,0.91796875,0,33.1,0.13,32.88,0.09,1908,0.6328125,RETURNED
9,5,256,0.9609375,1,33.5,0.18,32.93,0.39,1907,0.90625,RETURNED
9,5,256,0.98046875,2,33.12,0.1,32.93,0.1,1909,0.9375,RETURNED
9,5,256,0.97265625,3,32.89,0.16,32.73,0.0,1914,0.9609375,LOST
9,5,256,0.984375,4,32.26,0.17,32.01,0.08,1896,0.98046875,RETURNED
9,5,256,0.98828125,5,33.47,0.17,33.31,0.0,1922,0.984375,LOST
9,5,256,0.9921875,6,32.85,0.11,32.66,0.07,1889,0.98046875,RETURNED
9,5,256,1.0,7,31.77,0.22,31.37,0.17,1824,0.99609375,RETURNED
9,6,256,0.91015625,0,33.34,0.11,33.09,0.14,1908,0.625,RETURNED
9,6,256,0.9609375,1,33.46,0.27,33.04,0.14,1907,0.90625,RETURNED
9,6,256,0.98046875,2,33.42,0.16,33.02,0.24,1909,0.95703125,RETURNED
9,6,256,0.9921875,3,32.94,0.19,32.75,0.0,1914,0.98046875,LOST
9,6,256,0.9921875,4,32.11,0.18,31.85,0.07,1896,0.9765625,RETURNED
9,6,256,0.984375,5,33.02,0.16,32.86,0.0,1922,0.98046875,LOST
9,6,256,0.984375,6,33.28,0.16,32.96,0.16,1889,0.97265625,RETURNED
9,6,256,0.9921875,7,32.75,0.17,32.47,0.11,1882,0.98828125,RETURNED
9,6,256,0.99609375,8,30.68,0.12,30.57,0.0,1905,0.99609375,LOST
9,7,256,0.91796875,0,33.71,0.27,33.32,0.12,1908,0.62109375,RETURNED
9,7,256,0.9609375,1,33.72,0.17,33.35,0.19,1907,0.91015625,RETURNED
9,7,256,0.984375,2,33.45,0.12,33.2,0.14,1909,0.9609375,RETURNED
9,7,256,0.9921875,3,33.13,0.1,33.03,0.0,1914,0.98046875,LOST
9,7,256,0.9765625,4,32.23,0.1,32.05,0.09,1896,0.96875,RETURNED
9,7,256,0.98828125,5,33.39,0.39,33.0,0.0,1922,0.984375,LOST
9,7,256,0.99609375,6,33.24,0.1,33.02,0.12,1889,0.984375,RETURNED
9,7,256,0.9921875,7,32.79,0.17,32.54,0.08,1882,0.9921875,RETURNED
10,290.37,0.30
10,0,256,0.91796875,0,37.49,0.13,37.25,0.11,1908,0.625,RETURNED
10,0,256,0.953125,1,36.65,0.16,36.31,0.18,1907,0.8671875,RETURNED
10,0,256,0.953125,2,36.12,0.16,35.89,0.07,1909,0.90234375,RETURNED
10,0,256,0.98828125,3,37.13,0.14,36.99,0.0,1914,0.96875,LOST
10,0,256,0.984375,4,36.82,0.11,36.62,0.09,1896,0.95703125,RETURNED
10,0,256,0.9921875,5,36.9,0.16,36.74,0.0,1922,0.9921875,LOST
10,0,256,0.99609375,6,36.75,0.17,36.08,0.51,1889,0.9921875,RETURNED
10,1,256,0.921875,0,36.58,0.2,36.26,0.12,1908,0.625,RETURNED
10,1,256,0.953125,1,36.29,0.11,36.12,0.06,1907,0.90625,RETURNED
10,1,256,0.9765625,2,36.59,0.52,35.97,0.1,1909,0.9296875,RETURNED
10,1,256,0.9765625,3,36.35,0.14,36.21,0.0,1914,0.953125,LOST
10,1,256,0.9921875,4,36.57,0.11,36.33,0.14,1896,0.97265625,RETURNED
10,1,256,0.9609375,5,36.47,0.17,36.3,0.0,1922,0.97265625,LOST
10,1,256,0.9921875,6,36.4,0.25,36.05,0.1,1889,0.984375,RETURNED
10,2,256,0.91796875,0,36.22,0.14,36.01,0.07,1908,0.61328125,RETURNED
10,2,256,0.94140625,1,35.83,0.16,35.54,0.13,1907,0.83203125,RETURNED
10,2,256,0.95703125,2,35.58,0.22,35.27,0.09,1909,0.88671875,RETURNED
10,2,256,0.96875,3,35.87,0.15,35.72,0.0,1914,0.953125,LOST
10,2,256,0.984375,4,35.41,0.11,34.99,0.3,1896,0.96875,RETURNED
10,2,256,0.96875,5,36.07,0.11,35.97,0.0,1922,0.9609375,LOST
10,2,256,0.9921875,6,35.8,0.12,35.59,0.09,1889,0.984375,RETURNED
10,3,256,0.89453125,0,36.89,0.29,36.42,0.18,1908,0.62109375,RETURNED
10,3,256,0.9296875,1,36.54,0.1,36.37,0.07,1907,0.8828125,RETURNED
10,3,256,0.95703125,2,36.38,0.11,36.2,0.07,1909,0.91796875,RETURNED
10,3,256,0.98046875,3,36.16,0.16,36.0,0.0,1914,0.96484375,LOST
10,3,256,0.9765625,4,36.51,0.11,36.29,0.12,1896,0.95703125,RETURNED
10,3,256,0.98046875,5,36.43,0.13,36.3,0.0,1922,0.98046875,LOST
10,3,256,0.98828125,6,36.16,0.18,35.91,0.07,1889,0.984375,RETURNED
10,4,256,0.9140625,0,37.01,0.16,36.77,0.08,1908,0.65234375,RETURNED
10,4,256,0.9453125,1,37.0,0.1,36.72,0.17,1907,0.87109375,RETURNED
10,4,256,0.96875,2,36.4,0.11,36.19,0.11,1909,0.9296875,RETURNED
10,4,256,0.97265625,3,36.9,0.4,36.51,0.0,1914,0.96484375,LOST
10,4,256,0.98046875,4,36.88,0.17,36.58,0.12,1896,0.9609375,RETURNED
10,4,256,0.98046875,5,36.9,0.2,36.71,0.0,1922,0.96484375,LOST
10,4,256,0.984375,6,36.54,0.11,36.09,0.34,1889,0.95703125,RETURNED
10,5,256,0.890625,0,36.76,0.23,36.41,0.12,1908,0.625,RETURNED
10,5,256,0.9609375,1,36.47,0.16,36.14,0.16,1907,0.91796875,RETURNED
10,5,256,0.97265625,2,36.32,0.17,36.05,0.1,1909,0.9453125,RETURNED
10,5,256,0.98828125,3,36.49,0.1,36.39,0.0,1914,0.9609375,LOST
10,5,256,0.97265625,4,36.84,0.13,36.6,0.12,1896,0.96484375,RETURNED
10,5,256,0.9921875,5,36.05,0.1,35.96,0.0,1922,0.9921875,LOST
10,5,256,1.0,6,28.18,0.19,27.99,0.0,1466,0.984375,LOST
10,6,256,0.91796875,0,36.85,0.1,36.61,0.15,1908,0.62109375,RETURNED
10,6,256,0.90234375,1,36.53,0.18,35.98,0.38,1907,0.62109375,RETURNED
10,6,256,0.96484375,2,35.9,0.11,35.68,0.11,1909,0.90625,RETURNED
10,6,256,0.98828125,3,36.42,0.16,36.26,0.0,1914,0.97265625,LOST
10,6,256,0.96875,4,36.66,0.12,36.44,0.1,1896,0.96875,RETURNED
10,6,256,0.9921875,5,36.2,0.11,36.08,0.0,1922,0.9921875,LOST
10,6,256,0.9921875,6,36.34,0.16,36.11,0.07,1889,0.9921875,RETURNED
10,7,256,0.8984375,0,37.97,0.12,37.74,0.11,1908,0.62890625,RETURNED
10,7,256,0.92578125,1,37.99,0.32,37.56,0.11,1907,0.8515625,RETURNED
10,7,256,0.95703125,2,37.61,0.37,37.15,0.09,1909,0.91796875,RETURNED
10,7,256,0.953125,3,38.08,0.32,37.75,0.0,1914,0.921875,LOST
10,7,256,0.984375,4,37.83,0.09,37.61,0.13,1896,0.96875,RETURNED
10,7,256,0.984375,5,37.79,0.17,37.62,0.0,1922,0.96484375,LOST
10,7,256,0.9921875,6,36.94,0.12,36.75,0.07,1889,0.97265625,RETURNED
11,303.56,0.27
11,0,256,0.9140625,0,45.68,0.19,35.4,10.09,1908,0.62890625,RETURNED
11,0,256,0.8984375,1,35.54,0.09,35.31,0.13,1907,0.6171875,RETURNED
11,0,256,0.97265625,2,35.25,0.09,35.08,0.08,1909,0.9453125,RETURNED
11,0,256,0.9765625,3,35.55,0.14,35.41,0.0,1914,0.96875,LOST
11,0,256,0.97265625,4,35.63,0.17,34.93,0.52,1896,0.96484375,RETURNED
11,0,256,0.98828125,5,35.86,0.16,35.7,0.0,1922,0.9921875,LOST
11,0,256,1.0,6,24.59,0.45,24.14,0.0,1306,0.9765625,LOST
11,1,256,0.9140625,0,45.57,0.17,35.29,10.11,1908,0.60546875,RETURNED
11,1,256,0.94140625,1,35.42,0.15,35.16,0.11,1907,0.87109375,RETURNED
11,1,256,0.96875,2,35.1,0.17,34.76,0.18,1909,0.921875,RETURNED
11,1,256,0.98828125,3,35.3,0.1,35.2,0.0,1914,0.9609375,LOST
11,1,256,0.9921875,4,34.94,0.11,34.7,0.13,1896,0.9765625,RETURNED
11,1,256,0.98828125,5,35.55,0.11,35.45,0.0,1922,0.97265625,LOST
11,1,256,0.9921875,6,34.97,0.22,34.59,0.16,1889,0.97265625,RETURNED
11,2,256,0.88671875,0,45.94,0.11,35.76,10.08,1908,0.62109375,RETURNED
11,2,256,0.92578125,1,35.87,0.13,35.63,0.12,1907,0.88671875,RETURNED
11,2,256,0.9609375,2,35.76,0.16,35.5,0.11,1909,0.92578125,RETURNED
11,2,256,0.97265625,3,36.03,0.15,35.88,0.0,1914,0.96484375,LOST
11,2,256,0.98046875,4,35.37,0.1,35.2,0.07,1896,0.97265625,RETURNED
11,2,256,0.98828125,5,35.93,0.1,35.83,0.0,1922,0.97265625,LOST
11,2,256,1.0,6,29.85,0.23,29.5,0.12,1584,0.98046875,RETURNED
11,3,256,0.8984375,0,35.72,0.13,35.45,0.13,1908,0.609375,RETURNED
11,3,256,0.94921875,1,35.05,0.11,34.86,0.08,1907,0.8515625,RETURNED
11,3,256,0.97265625,2,35.35,0.12,35.16,0.06,1909,0.9375,RETURNED
11,3,256,0.95703125,3,35.34,0.16,35.18,0.0,1914,0.92578125,LOST
11,3,256,0.97265625,4,34.94,0.09,34.76,0.09,1896,0.97265625,RETURNED
11,3,256,0.9765625,5,35.64,0.1,35.54,0.0,1922,0.96875,LOST
11,3,256,0.9921875,6,34.9,0.11,34.72,0.07,1889,0.9765625,RETURNED
11,3,256,0.9921875,7,34.69,0.38,34.25,0.06,1882,0.9921875,RETURNED
11,4,256,0.9140625,0,46.44,0.18,36.18,10.08,1908,0.625,RETURNED
11,4,256,0.9375,1,36.23,0.18,35.98,0.07,1907,0.890625,RETURNED
11,4,256,0.96484375,2,35.69,0.09,35.53,0.08,1909,0.921875,RETURNED
11,4,256,0.984375,3,36.14,0.16,35.98,0.0,1914,0.96484375,LOST
11,4,256,0.96875,4,35.78,0.16,35.49,0.13,1896,0.96875,RETURNED
11,4,256,0.984375,5,36.23,0.16,36.07,0.0,1922,0.98046875,LOST
11,4,256,0.99609375,6,35.52,0.16,35.23,0.13,1889,0.9921875,RETURNED
11,5,256,0.92578125,0,47.88,0.15,37.58,10.15,1908,0.6328125,RETURNED
11,5,256,0.953125,1,37.7,0.19,37.37,0.14,1907,0.89453125,RETURNED
11,5,256,0.97265625,2,37.14,0.14,36.88,0.12,1909,0.94140625,RETURNED
11,5,256,0.97265625,3,37.31,0.1,37.21,0.0,1914,0.953125,LOST
11,5,256,0.9765625,4,36.73,0.09,36.56,0.08,1896,0.97265625,RETURNED
11,5,256,0.984375,5,37.66,0.1,37.56,0.0,1922,0.98046875,LOST
11,5,256,0.9921875,6,37.19,0.11,36.71,0.38,1889,0.9765625,RETURNED
11,6,256,0.921875,0,70.86,0.34,70.31,0.22,1908,0.609375,RETURNED
11,6,256,0.953125,1,70.96,0.17,70.71,0.09,1907,0.94140625,RETURNED
11,6,256,0.98046875,2,70.63,0.15,70.39,0.08,1909,0.94921875,RETURNED
11,6,256,0.984375,3,70.62,0.11,70.51,0.0,1914,0.984375,LOST
11,7,256,0.91015625,0,71.61,0.15,71.25,0.2,1908,0.63671875,RETURNED
11,7,256,0.9609375,1,70.99,0.19,70.64,0.17,1907,0.91796875,RETURNED
11,7,256,0.9765625,2,71.36,0.51,70.75,0.09,1909,0.97265625,RETURNED
11,7,256,0.98828125,3,68.12,0.14,67.98,0.0,1914,0.98046875,LOST
12,347.01,0.27
12,0,256,0.921875,0,34.8,0.17,34.41,0.22,1908,0.625,RETURNED
12,0,256,0.9140625,1,34.89,0.15,34.62,0.12,1907,0.609375,RETURNED
12,0,256,0.94921875,2,35.17,0.15,34.86,0.16,1909,0.91015625,RETURNED
12,0,256,0.9609375,3,34.98,0.1,34.88,0.0,1914,0.9140625,LOST
12,0,256,0.97265625,4,34.91,0.22,34.61,0.08,1896,0.9609375,RETURNED
12,0,256,0.96875,5,35.73,0.09,35.64,0.0,1922,0.9609375,LOST
12,0,256,0.98828125,6,35.2,0.15,34.9,0.15,1889,0.97265625,RETURNED
12,0,256,0.9921875,7,35.1,0.13,34.87,0.09,1882,0.98828125,RETURNED
12,0,256,0.984375,8,34.99,0.16,34.83,0.0,1905,0.9921875,LOST
12,1,256,0.91015625,0,36.75,0.1,36.52,0.13,1908,0.62890625,RETURNED
12,1,256,0.953125,1,37.27,0.77,36.39,0.12,1907,0.8828125,RETURNED
12,1,256,0.96875,2,36.81,0.13,36.61,0.08,1909,0.94140625,RETURNED
12,1,256,0.98046875,3,37.14,0.16,36.97,0.0,1914,0.9609375,LOST
12,1,256,0.9765625,4,36.48,0.1,36.31,0.07,1896,0.953125,RETURNED
12,1,256,0.98828125,5,35.93,0.14,35.79,0.0,1922,0.984375,LOST
12,1,256,0.98828125,6,34.84,0.1,34.66,0.08,1889,0.984375,RETURNED
12,1,256,0.99609375,7,35.08,0.17,34.69,0.22,1882,0.99609375,RETURNED
12,1,256,1.0,8,14.61,0.1,14.51,0.0,799,0.99609375,LOST
12,2,256,0.90234375,0,35.29,0.13,35.06,0.1,1908,0.640625,RETURNED
12,2,256,0.94921875,1,35.45,0.16,35.18,0.11,1907,0.87890625,RETURNED
12,2,256,0.96875,2,35.71,0.18,35.45,0.08,1909,0.9140625,RETURNED
12,2,256,0.97265625,3,35.84,0.19,35.65,0.0,1914,0.953125,LOST
12,2,256,0.9765625,4,35.51,0.66,34.76,0.09,1896,0.96484375,RETURNED
12,2,256,0.9765625,5,35.75,0.22,35.54,0.0,1922,0.9765625,LOST
12,2,256,0.984375,6,35.35,0.51,34.61,0.22,1889,0.96484375,RETURNED
12,2,256,0.9921875,7,34.94,0.14,34.73,0.07,1882,0.9921875,RETURNED
12,2,256,0.99609375,8,35.1,0.1,35.0,0.0,1905,0.99609375,LOST
12,3,256,0.91015625,0,35.5,0.09,35.33,0.07,1908,0.609375,RETURNED
12,3,256,0.91015625,1,35.5,0.19,35.21,0.11,1907,0.62109375,RETURNED
12,3,256,0.953125,2,35.72,0.11,35.5,0.11,1909,0.91796875,RETURNED
12,3,256,0.96484375,3,35.69,0.12,35.57,0.0,1914,0.95703125,LOST
12,3,256,0.98828125,4,35.16,0.18,34.91,0.07,1896,0.96875,RETURNED
12,3,256,0.9765625,5,35.9,0.09,35.81,0.0,1922,0.953125,LOST
12,3,256,0.9921875,6,35.05,0.17,34.75,0.13,1889,0.98828125,RETURNED
12,3,256,0.99609375,7,35.72,0.5,35.08,0.14,1882,0.9921875,RETURNED
12,3,256,1.0,8,15.81,0.18,15.0,0.63,815,0.99609375,RETURNED
12,4,256,0.93359375,0,38.16,0.15,37.85,0.16,1908,0.62890625,RETURNED
12,4,256,0.9375,1,38.35,0.47,37.73,0.14,1907,0.85546875,RETURNED
12,4,256,0.95703125,2,37.81,0.15,37.2,0.46,1909,0.94140625,RETURNED
12,4,256,0.98046875,3,37.81,0.12,37.69,0.0,1914,0.96484375,LOST
12,4,256,0.97265625,4,37.42,0.18,37.18,0.07,1896,0.96875,RETURNED
12,4,256,0.9765625,5,38.36,0.15,38.21,0.0,1922,0.97265625,LOST
12,4,256,0.9921875,6,37.48,0.16,37.24,0.08,1889,0.98046875,RETURNED
12,4,256,0.99609375,7,36.76,0.09,36.55,0.11,1882,0.9921875,RETURNED
12,5,256,0.92578125,0,36.56,0.21,36.28,0.07,1908,0.625,RETURNED
12,5,256,0.95703125,1,36.4,0.11,36.2,0.09,1907,0.91015625,RETURNED
12,5,256,0.96484375,2,36.56,0.15,36.32,0.09,1909,0.90625,RETURNED
12,5,256,0.98046875,3,36.58,0.15,36.43,0.0,1914,0.96484375,LOST
12,5,256,0.984375,4,36.18,0.15,35.95,0.07,1896,0.94921875,RETURNED
12,5,256,0.97265625,5,35.55,0.1,35.45,0.0,1922,0.9609375,LOST
12,5,256,0.9921875,6,34.97,0.12,34.35,0.51,1889,0.97265625,RETURNED
12,5,256,0.99609375,7,35.05,0.16,34.35,0.54,1882,0.9921875,RETURNED
12,5,256,0.9921875,8,34.59,0.19,34.4,0.0,1905,0.9921875,LOST
12,6,256,0.90625,0,70.89,0.1,70.66,0.14,1908,0.62890625,RETURNED
12,6,256,0.95703125,1,70.91,0.16,70.62,0.13,1907,0.94921875,RETURNED
12,6,256,0.98046875,2,70.66,0.13,70.28,0.25,1909,0.95703125,RETURNED
12,6,256,0.9921875,3,70.93,0.13,70.79,0.0,1914,0.98046875,LOST
12,6,256,1.0,4,19.92,0.15,19.77,0.0,541,0.98828125,LOST
12,7,256,0.91796875,0,71.28,0.5,70.68,0.09,1908,0.64453125,RETURNED
12,7,256,0.94921875,1,70.97,0.18,70.68,0.11,1907,0.88671875,RETURNED
12,7,256,0.9765625,2,71.41,0.12,71.14,0.15,1909,0.95703125,RETURNED
12,7,256,0.984375,3,71.31,0.14,71.17,0.0,1914,0.97265625,LOST
12,7,256,0.99609375,4,44.26,0.19,43.99,0.08,1896,0.99609375,RETURNED
13,301.42,0.21
13,0,256,0.90234375,0,35.09,0.09,34.91,0.09,1908,0.62890625,RETURNED
13,0,256,0.94140625,1,35.44,0.11,34.73,0.59,1907,0.890625,RETURNED
13,0,256,0.97265625,2,35.16,0.09,34.91,0.15,1909,0.94140625,RETURNED
13,0,256,0.97265625,3,34.92,0.11,34.82,0.0,1914,0.94921875,LOST
13,0,256,0.98828125,4,34.94,0.13,34.69,0.12,1896,0.97265625,RETURNED
13,0,256,0.9921875,5,35.38,0.15,35.22,0.0,1922,0.9765625,LOST
13,0,256,0.99609375,6,34.77,0.16,34.48,0.13,1889,0.9921875,RETURNED
13,1,256,0.90234375,0,35.98,0.25,35.61,0.12,1908,0.6328125,RETURNED
13,1,256,0.94921875,1,35.67,0.11,35.45,0.11,1907,0.90234375,RETURNED
13,1,256,0.97265625,2,36.09,0.19,35.69,0.21,1909,0.9375,RETURNED
13,1,256,0.97265625,3,35.78,0.17,35.62,0.0,1914,0.93359375,LOST
13,1,256,0.97265625,4,35.69,0.12,35.5,0.07,1896,0.9609375,RETURNED
13,1,256,0.97265625,5,36.08,0.1,35.98,0.0,1922,0.95703125,LOST
13,1,256,0.9921875,6,35.88,0.11,35.17,0.6,1889,0.98046875,RETURNED
13,2,256,0.91796875,0,37.81,0.29,37.12,0.4,1908,0.60546875,RETURNED
13,2,256,0.95703125,1,36.72,0.1,36.5,0.11,1907,0.91015625,RETURNED
13,2,256,0.953125,2,37.69,0.24,37.31,0.13,1909,0.921875,RETURNED
13,2,256,0.96875,3,37.26,0.18,37.08,0.0,1914,0.94921875,LOST
13,2,256,0.98046875,4,37.22,0.2,36.93,0.08,1896,0.96875,RETURNED
13,2,256,0.98828125,5,37.66,0.12,37.54,0.0,1922,0.98828125,LOST
13,2,256,1.0,6,11.18,0.1,10.96,0.12,570,0.9921875,RETURNED
13,3,256,0.91796875,0,71.14,0.27,70.73,0.13,1908,0.62890625,RETURNED
13,3,256,0.9453125,1,70.98,0.2,70.7,0.07,1907,0.890625,RETURNED
13,3,256,0.98828125,2,71.01,0.17,70.69,0.14,1909,0.96484375,RETURNED
13,3,256,0.9921875,3,70.7,0.17,70.53,0.0,1914,0.97265625,LOST
13,4,256,0.921875,0,34.95,0.27,34.53,0.15,1908,0.6328125,RETURNED
13,4,256,0.9296875,1,34.51,0.1,34.34,0.07,1907,0.87890625,RETURNED
13,4,256,0.95703125,2,35.03,0.38,34.53,0.13,1909,0.8984375,RETURNED
13,4,256,0.9765625,3,34.55,0.11,34.44,0.0,1914,0.95703125,LOST
13,4,256,0.9765625,4,34.66,0.17,34.36,0.13,1896,0.97265625,RETURNED
13,4,256,0.9765625,5,35.07,0.35,34.72,0.0,1922,0.96875,LOST
13,4,256,0.99609375,6,34.42,0.31,34.02,0.08,1889,0.9921875,RETURNED
13,5,256,0.921875,0,35.37,0.25,35.01,0.11,1908,0.6171875,RETURNED
13,5,256,0.953125,1,35.04,0.11,34.81,0.11,1907,0.8984375,RETURNED
13,5,256,0.98046875,2,35.28,0.14,35.06,0.09,1909,0.953125,RETURNED
13,5,256,0.9765625,3,34.99,0.13,34.86,0.0,1914,0.96484375,LOST
13,5,256,0.984375,4,35.23,0.08,34.9,0.26,1896,0.9765625,RETURNED
13,5,256,0.98046875,5,35.46,0.2,35.26,0.0,1922,0.97265625,LOST
13,5,256,0.99609375,6,34.82,0.12,34.54,0.16,1889,0.98828125,RETURNED
13,6,256,0.92578125,0,70.82,0.18,70.55,0.1,1908,0.63671875,RETURNED
13,6,256,0.9609375,1,71.26,0.09,71.02,0.15,1907,0.91015625,RETURNED
13,6,256,0.98046875,2,71.9,0.51,71.23,0.16,1909,0.95703125,RETURNED
13,6,256,0.99609375,3,70.42,0.1,70.32,0.0,1914,0.9921875,LOST
13,7,256,0.8984375,0,35.27,0.23,34.97,0.08,1908,0.6171875,RETURNED
13,7,256,0.95703125,1,34.93,0.1,34.71,0.13,1907,0.8671875,RETURNED
13,7,256,0.97265625,2,35.79,0.52,35.06,0.21,1909,0.921875,RETURNED
13,7,256,0.9765625,3,34.97,0.09,34.88,0.0,1914,0.96875,LOST
13,7,256,0.9921875,4,35.04,0.11,34.75,0.18,1896,0.984375,RETURNED
13,7,256,0.98828125,5,35.23,0.14,35.09,0.0,1922,0.97265625,LOST
13,7,256,1.0,6,26.04,0.22,25.62,0.19,1408,0.98828125,RETURNED
14,300.27,0.27
14,0,256,0.921875,0,37.35,0.42,36.8,0.12,1908,0.62890625,RETURNED
14,0,256,0.95703125,1,36.46,0.12,36.19,0.15,1907,0.90234375,RETURNED
14,0,256,0.98828125,2,36.87,0.16,36.64,0.07,1909,0.9375,RETURNED
14,0,256,0.9765625,3,36.91,0.12,36.79,0.0,1914,0.9609375,LOST
14,0,256,0.9921875,4,36.58,0.4,36.09,0.09,1896,0.96875,RETURNED
14,0,256,0.9921875,5,37.55,0.25,37.31,0.0,1922,0.98828125,LOST
14,0,256,1.0,6,3.57,0.16,3.32,0.09,174,0.9921875,RETURNED
14,1,256,0.92578125,0,34.56,0.13,34.32,0.1,1908,0.62109375,RETURNED
14,1,256,0.95703125,1,34.51,0.17,34.26,0.08,1907,0.9140625,RETURNED
14,1,256,0.9453125,2,34.61,0.1,34.37,0.14,1909,0.85546875,RETURNED
14,1,256,0.96484375,3,34.36,0.16,34.19,0.0,1914,0.9296875,LOST
14,1,256,0.9921875,4,34.56,0.1,34.38,0.08,1896,0.98828125,RETURNED
14,1,256,0.984375,5,34.82,0.12,34.69,0.0,1922,0.98828125,LOST
14,1,256,0.99609375,6,34.33,0.1,34.11,0.12,1889,0.97265625,RETURNED
14,2,256,0.89453125,0,34.85,0.11,34.66,0.07,1908,0.625,RETURNED
14,2,256,0.9453125,1,34.76,0.26,34.39,0.12,1907,0.88671875,RETURNED
14,2,256,0.96484375,2,34.96,0.12,34.72,0.11,1909,0.92578125,RETURNED
14,2,256,0.97265625,3,34.69,0.31,34.38,0.0,1914,0.93359375,LOST
14,2,256,0.98828125,4,35.11,0.25,34.69,0.16,1896,0.984375,RETURNED
14,2,256,0.984375,5,34.98,0.16,34.82,0.0,1922,0.98828125,LOST
14,2,256,0.99609375,6,34.53,0.19,34.28,0.07,1889,0.9921875,RETURNED
14,3,256,0.90234375,0,35.35,0.17,35.07,0.11,1908,0.625,RETURNED
14,3,256,0.9609375,1,34.94,0.18,34.68,0.08,1907,0.89453125,RETURNED
14,3,256,0.95703125,2,35.19,0.12,34.96,0.11,1909,0.92578125,RETURNED
14,3,256,0.984375,3,34.92,0.09,34.83,0.0,1914,0.9609375,LOST
14,3,256,0.98828125,4,35.12,0.09,34.95,0.08,1896,0.97265625,RETURNED
14,3,256,0.9921875,5,35.49,0.09,35.41,0.0,1922,0.9921875,LOST
14,3,256,1.0,6,29.57,0.11,29.35,0.11,1584,0.9921875,RETURNED
14,4,256,0.90234375,0,34.93,0.15,34.7,0.09,1908,0.6328125,RETURNED
14,4,256,0.93359375,1,34.98,0.41,34.5,0.07,1907,0.859375,RETURNED
14,4,256,0.94921875,2,34.86,0.12,34.66,0.08,1909,0.92578125,RETURNED
14,4,256,0.97265625,3,34.61,0.09,34.52,0.0,1914,0.9453125,LOST
14,4,256,0.97265625,4,34.97,0.1,34.75,0.12,1896,0.9609375,RETURNED
14,4,256,0.9765625,5,35.12,0.26,34.86,0.0,1922,0.97265625,LOST
14,4,256,0.9921875,6,34.59,0.12,34.37,0.11,1889,0.984375,RETURNED
14,5,256,0.90234375,0,70.57,0.31,70.1,0.16,1908,0.625,RETURNED
14,5,256,0.95703125,1,69.95,0.09,69.72,0.15,1907,0.921875,RETURNED
14,5,256,0.984375,2,70.85,0.25,70.45,0.15,1909,0.97265625,RETURNED
14,5,256,0.99609375,3,69.76,0.13,69.62,0.0,1914,0.9921875,LOST
14,6,256,0.88671875,0,35.72,0.16,35.43,0.13,1908,0.61328125,RETURNED
14,6,256,0.9453125,1,35.3,0.15,35.08,0.07,1907,0.8828125,RETURNED
14,6,256,0.984375,2,35.63,0.16,35.33,0.14,1909,0.9375,RETURNED
14,6,256,0.97265625,3,35.32,0.12,35.2,0.0,1914,0.94921875,LOST
14,6,256,0.96875,4,35.79,0.17,35.47,0.16,1896,0.96875,RETURNED
14,6,256,0.9921875,5,35.88,0.18,35.7,0.0,1922,0.984375,LOST
14,6,256,1.0,6,29.53,0.16,29.26,0.11,1584,0.9921875,RETURNED
14,7,256,0.90234375,0,70.87,0.22,70.57,0.09,1908,0.6328125,RETURNED
14,7,256,0.96875,1,70.47,0.22,70.12,0.13,1907,0.9609375,RETURNED
14,7,256,0.9921875,2,71.27,0.15,71.02,0.11,1909,0.98828125,RETURNED
14,7,256,0.9765625,3,69.45,0.21,69.24,0.0,1914,0.96875,LOST
15,326.85,0.28
15,0,256,0.91015625,0,33.77,0.11,33.55,0.11,1908,0.60546875,RETURNED
15,0,256,0.95703125,1,33.43,0.1,33.24,0.08,1907,0.89453125,RETURNED
15,0,256,0.9609375,2,34.09,0.16,33.85,0.08,1909,0.921875,RETURNED
15,0,256,0.9921875,3,33.55,0.15,33.4,0.0,1914,0.95703125,LOST
15,0,256,0.98828125,4,33.81,0.11,33.57,0.13,1896,0.98046875,RETURNED
15,0,256,0.98828125,5,34.51,0.17,34.34,0.0,1922,0.98046875,LOST
15,0,256,0.9921875,6,33.28,0.11,33.09,0.08,1889,0.98828125,RETURNED
15,0,256,0.99609375,7,33.7,0.36,33.2,0.15,1882,0.9921875,RETURNED
15,0,256,0.99609375,8,32.2,0.64,31.56,0.0,1905,0.99609375,LOST
15,1,256,0.9296875,0,34.13,0.12,33.93,0.08,1908,0.62890625,RETURNED
15,1,256,0.94921875,1,34.0,0.26,33.59,0.15,1907,0.8515625,RETURNED
15,1,256,0.97265625,2,34.29,0.16,33.98,0.16,1909,0.953125,RETURNED
15,1,256,0.9765625,3,33.89,0.1,33.79,0.0,1914,0.9609375,LOST
15,1,256,0.9765625,4,34.38,0.12,34.09,0.17,1896,0.96875,RETURNED
15,1,256,0.984375,5,34.74,0.24,34.5,0.0,1922,0.98828125,LOST
15,1,256,0.99609375,6,34.1,0.11,33.31,0.68,1889,0.9765625,RETURNED
15,1,256,0.99609375,7,34.19,0.19,33.86,0.14,1882,0.99609375,RETURNED
15,1,256,1.0,8,13.37,0.11,13.26,0.0,755,0.99609375,LOST
15,2,256,0.8984375,0,34.55,0.48,33.9,0.18,1908,0.62890625,RETURNED
15,2,256,0.96484375,1,33.7,0.25,33.33,0.12,1907,0.88671875,RETURNED
15,2,256,0.98046875,2,33.93,0.19,33.67,0.07,1909,0.96484375,RETURNED
15,2,256,0.9765625,3,33.5,0.08,33.42,0.0,1914,0.9765625,LOST
15,2,256,0.9765625,4,33.98,0.13,33.79,0.07,1896,0.97265625,RETURNED
15,2,256,0.98828125,5,34.01,0.09,33.91,0.0,1922,0.9765625,LOST
15,2,256,0.9921875,6,33.43,0.16,32.94,0.33,1889,0.98828125,RETURNED
15,2,256,0.99609375,7,33.73,0.15,33.52,0.07,1882,0.9921875,RETURNED
15,2,256,1.0,8,14.7,0.25,14.31,0.13,815,0.99609375,RETURNED
15,3,256,0.9296875,0,34.22,0.13,33.97,0.13,1908,0.63671875,RETURNED
15,3,256,0.953125,1,33.55,0.17,33.29,0.1,1907,0.69921875,RETURNED
15,3,256,0.96484375,2,34.31,0.16,34.08,0.07,1909,0.9375,RETURNED
15,3,256,0.9765625,3,33.9,0.25,33.66,0.0,1914,0.9609375,LOST
15,3,256,0.96484375,4,34.01,0.36,33.54,0.11,1896,0.96484375,RETURNED
15,3,256,0.984375,5,34.17,0.17,34.0,0.0,1922,0.9765625,LOST
15,3,256,0.9921875,6,33.78,0.56,32.84,0.39,1889,0.98046875,RETURNED
15,3,256,0.99609375,7,33.66,0.21,33.32,0.13,1882,0.9921875,RETURNED
15,3,256,1.0,8,13.25,0.18,13.07,0.0,755,0.99609375,LOST
15,4,256,0.91796875,0,34.08,0.14,33.85,0.1,1908,0.61328125,RETURNED
15,4,256,0.9609375,1,33.29,0.18,32.99,0.11,1907,0.89453125,RETURNED
15,4,256,0.96875,2,33.82,0.11,33.52,0.19,1909,0.92578125,RETURNED
15,4,256,0.98046875,3,33.35,0.13,33.22,0.0,1914,0.94921875,LOST
15,4,256,0.9765625,4,34.0,0.17,33.76,0.07,1896,0.9609375,RETURNED
15,4,256,0.98828125,5,34.44,0.1,34.34,0.0,1922,0.98046875,LOST
15,4,256,0.98828125,6,33.33,0.22,32.87,0.24,1889,0.98046875,RETURNED
15,4,256,0.98828125,7,33.59,0.35,33.1,0.13,1882,0.9921875,RETURNED
15,4,256,0.98046875,8,31.88,0.15,31.73,0.0,1905,0.9921875,LOST
15,5,256,0.8984375,0,33.96,0.13,33.75,0.08,1908,0.625,RETURNED
15,5,256,0.9453125,1,33.48,0.18,33.16,0.14,1907,0.859375,RETURNED
15,5,256,0.97265625,2,33.94,0.11,33.74,0.09,1909,0.9453125,RETURNED
15,5,256,0.98828125,3,33.19,0.12,33.07,0.0,1914,0.97265625,LOST
15,5,256,0.98046875,4,33.9,0.14,33.67,0.09,1896,0.97265625,RETURNED
15,5,256,0.98828125,5,34.37,0.1,34.27,0.0,1922,0.98046875,LOST
15,5,256,0.9921875,6,33.45,0.11,33.06,0.28,1889,0.98828125,RETURNED
15,5,256,0.9921875,7,33.46,0.18,33.19,0.08,1882,0.98828125,RETURNED
15,5,256,0.9921875,8,31.72,0.11,31.62,0.0,1905,0.9921875,LOST
15,6,256,0.90234375,0,30.76,0.11,30.57,0.08,1908,0.625,RETURNED
15,6,256,0.953125,1,30.81,0.12,30.41,0.28,1907,0.85546875,RETURNED
15,6,256,0.953125,2,30.42,0.16,30.15,0.11,1909,0.87890625,RETURNED
15,6,256,0.97265625,3,30.34,0.1,30.23,0.0,1914,0.953125,LOST
15,6,256,0.9765625,4,30.32,0.19,30.05,0.08,1896,0.9609375,RETURNED
15,6,256,0.9921875,5,30.63,0.25,30.38,0.0,1922,0.9765625,LOST
15,6,256,0.9921875,6,30.08,0.09,29.91,0.07,1889,0.98828125,RETURNED
15,6,256,0.99609375,7,30.19,0.11,29.76,0.33,1882,0.9921875,RETURNED
15,6,256,0.99609375,8,30.32,0.11,30.22,0.0,1905,0.99609375,LOST
15,6,256,0.99609375,9,30.79,0.13,30.53,0.13,1928,0.99609375,RETURNED
15,7,256,0.90234375,0,30.37,0.16,30.14,0.07,1908,0.63671875,RETURNED
15,7,256,0.87890625,1,30.57,0.14,30.2,0.23,1907,0.6171875,RETURNED
15,7,256,0.96484375,2,30.43,0.17,30.07,0.19,1909,0.890625,RETURNED
15,7,256,0.98046875,3,30.24,0.1,30.14,0.0,1914,0.953125,LOST
15,7,256,0.98046875,4,30.1,0.17,29.85,0.07,1896,0.97265625,RETURNED
15,7,256,0.97265625,5,30.28,0.11,30.18,0.0,1922,0.98046875,LOST
15,7,256,0.98828125,6,29.95,0.09,29.77,0.09,1889,0.98046875,RETURNED
15,7,256,0.9765625,7,29.94,0.1,29.58,0.26,1882,0.96484375,RETURNED
15,7,256,0.98828125,8,30.16,0.11,30.05,0.0,1905,0.9921875,LOST
15,7,256,1.0,9,12.88,0.28,12.6,0.0,799,0.99609375,LOST
16,270.45,0.26
16,0,256,0.91796875,0,57.67,0.22,57.36,0.1,1908,0.625,RETURNED
16,0,256,0.953125,1,61.16,0.1,60.89,0.18,1907,0.91796875,RETURNED
16,0,256,0.97265625,2,61.64,0.11,61.44,0.09,1909,0.9296875,RETURNED
16,0,256,0.9921875,3,61.53,0.1,61.43,0.0,1914,0.98046875,LOST
16,1,256,0.90625,0,57.47,0.08,57.31,0.08,1908,0.62890625,RETURNED
16,1,256,0.94140625,1,61.31,0.12,61.05,0.14,1907,0.90625,RETURNED
16,1,256,0.984375,2,61.69,0.17,61.36,0.15,1909,0.96875,RETURNED
16,1,256,1.0,3,57.8,0.15,57.56,0.08,1797,0.984375,RETURNED
16,2,256,0.88671875,0,61.29,0.1,61.06,0.14,1908,0.62109375,RETURNED
16,2,256,0.96875,1,61.5,0.16,61.18,0.15,1907,0.94140625,RETURNED
16,2,256,0.95703125,2,61.12,0.1,60.94,0.08,1909,0.9375,RETURNED
16,2,256,0.99609375,3,53.98,0.12,53.86,0.0,1914,0.984375,LOST
16,3,256,0.90625,0,30.77,0.12,30.54,0.11,1908,0.625,RETURNED
16,3,256,0.96875,1,30.69,0.12,30.5,0.07,1907,0.875,RETURNED
16,3,256,0.9609375,2,30.77,0.18,30.5,0.09,1909,0.92578125,RETURNED
16,3,256,0.9921875,3,31.08,0.17,30.91,0.0,1914,0.9765625,LOST
16,3,256,0.98828125,4,30.54,0.21,30.21,0.12,1896,0.9609375,RETURNED
16,3,256,0.99609375,5,30.98,0.17,30.81,0.0,1922,0.9765625,LOST
16,3,256,0.98828125,6,30.39,0.09,30.23,0.07,1889,0.98046875,RETURNED
16,3,256,0.99609375,7,30.46,0.15,30.24,0.07,1882,0.9921875,RETURNED
16,4,256,0.91796875,0,61.37,0.1,61.14,0.13,1908,0.640625,RETURNED
16,4,256,0.9296875,1,61.49,0.15,61.25,0.09,1907,0.8359375,RETURNED
16,4,256,0.97265625,2,61.36,0.18,61.07,0.12,1909,0.96484375,RETURNED
16,4,256,0.9765625,3,55.73,0.12,55.61,0.0,1914,0.97265625,LOST
16,5,256,0.91796875,0,30.74,0.18,30.49,0.07,1908,0.625,RETURNED
16,5,256,0.9453125,1,30.72,0.13,30.47,0.12,1907,0.86328125,RETURNED
16,5,256,0.96484375,2,30.8,0.17,30.5,0.14,1909,0.93359375,RETURNED
16,5,256,0.99609375,3,31.11,0.17,30.94,0.0,1914,0.9765625,LOST
16,5,256,0.984375,4,30.49,0.13,30.27,0.08,1896,0.98046875,RETURNED
16,5,256,0.99609375,5,30.93,0.14,30.78,0.0,1922,0.98828125,LOST
16,5,256,0.9921875,6,30.79,0.17,30.25,0.37,1889,0.984375,RETURNED
16,5,256,1.0,7,29.52,0.11,29.32,0.1,1824,0.9921875,RETURNED
16,6,256,0.90625,0,30.75,0.18,30.49,0.08,1908,0.65625,RETURNED
16,6,256,0.95703125,1,30.92,0.19,30.4,0.33,1907,0.8828125,RETURNED
16,6,256,0.953125,2,31.02,0.41,30.49,0.12,1909,0.93359375,RETURNED
16,6,256,0.9921875,3,31.03,0.1,30.94,0.0,1914,0.96484375,LOST
16,6,256,0.96875,4,30.56,0.11,30.31,0.14,1896,0.9609375,RETURNED
16,6,256,0.98046875,5,30.86,0.16,30.7,0.0,1922,0.9609375,LOST
16,6,256,0.98828125,6,30.47,0.17,30.16,0.14,1889,0.9765625,RETURNED
16,6,256,0.96484375,7,30.44,0.18,30.14,0.11,1882,0.98828125,RETURNED
16,7,256,0.93359375,0,30.63,0.1,30.39,0.14,1908,0.64453125,RETURNED
16,7,256,0.953125,1,30.6,0.11,30.41,0.08,1907,0.8984375,RETURNED
16,7,256,0.98046875,2,30.65,0.15,30.42,0.07,1909,0.9609375,RETURNED
16,7,256,0.9609375,3,31.07,0.17,30.9,0.0,1914,0.93359375,LOST
16,7,256,0.9765625,4,30.43,0.16,30.19,0.08,1896,0.9609375,RETURNED
16,7,256,0.97265625,5,30.92,0.17,30.75,0.0,1922,0.953125,LOST
16,7,256,0.9921875,6,30.44,0.17,30.12,0.15,1889,0.984375,RETURNED
16,7,256,0.9921875,7,30.35,0.16,30.13,0.06,1882,0.984375,RETURNED
0,255.68,20.84
0,0,256,0.91015625,0,33.95,0.17,33.66,0.12,1908,0.62109375,RETURNED
0,0,256,0.9375,1,33.94,0.17,33.58,0.2,1907,0.84375,RETURNED
0,0,256,0.984375,2,34.08,0.29,33.71,0.08,1909,0.97265625,RETURNED
0,0,256,0.9765625,3,34.1,0.1,34.0,0.0,1914,0.95703125,LOST
0,0,256,0.9765625,4,33.62,0.39,33.11,0.13,1896,0.94921875,RETURNED
0,0,256,0.984375,5,34.23,0.23,34.0,0.0,1922,0.96875,LOST
0,1,256,0.92578125,0,34.28,0.17,33.94,0.17,1908,0.62109375,RETURNED
0,1,256,0.93359375,1,34.59,0.19,33.87,0.53,1907,0.8515625,RETURNED
0,1,256,0.96875,2,34.36,0.18,33.9,0.28,1909,0.921875,RETURNED
0,1,256,0.98828125,3,34.68,0.24,34.44,0.0,1914,0.98046875,LOST
0,1,256,0.98046875,4,34.19,0.16,33.8,0.23,1896,0.96875,RETURNED
0,1,256,0.9765625,5,34.74,0.53,34.21,0.0,1922,0.9765625,LOST
0,2,256,0.89453125,0,33.97,0.36,33.47,0.13,1908,0.61328125,RETURNED
0,2,256,0.97265625,1,33.92,0.21,33.34,0.37,1907,0.8984375,RETURNED
0,2,256,0.98046875,2,33.97,0.32,33.56,0.08,1909,0.9609375,RETURNED
0,2,256,0.98828125,3,34.1,0.19,33.91,0.0,1914,0.98046875,LOST
0,2,256,0.9921875,4,33.18,0.12,32.9,0.17,1896,0.984375,RETURNED
0,2,256,0.95703125,5,33.88,0.24,33.64,0.0,1922,0.9453125,LOST
0,3,256,0.8984375,0,34.03,0.33,33.55,0.15,1908,0.62890625,RETURNED
0,3,256,0.94921875,1,33.69,0.24,33.29,0.15,1907,0.89453125,RETURNED
0,3,256,0.9453125,2,34.09,0.12,33.83,0.14,1909,0.92578125,RETURNED
0,3,256,0.98046875,3,34.26,0.28,33.98,0.0,1914,0.94140625,LOST
0,3,256,0.98828125,4,33.48,0.24,33.07,0.17,1896,0.9765625,RETURNED
0,3,256,0.98828125,5,33.75,0.2,33.56,0.0,1922,0.984375,LOST
0,4,256,0.90234375,0,34.42,0.17,33.95,0.31,1908,0.61328125,RETURNED
0,4,256,0.94140625,1,34.16,0.21,33.68,0.27,1907,0.90625,RETURNED
0,4,256,0.96875,2,34.15,0.36,33.6,0.19,1909,0.9375,RETURNED
0,4,256,0.9921875,3,34.45,0.23,34.21,0.0,1914,0.98046875,LOST
0,4,256,0.98046875,4,33.5,0.17,33.22,0.12,1896,0.98046875,RETURNED
0,4,256,0.98828125,5,34.09,0.18,33.91,0.0,1922,0.984375,LOST
0,5,256,0.8984375,0,35.06,0.34,34.58,0.14,1908,0.6171875,RETURNED
0,5,256,0.94921875,1,34.85,0.21,34.51,0.14,1907,0.89453125,RETURNED
0,5,256,0.95703125,2,34.04,0.26,33.67,0.12,1909,0.9296875,RETURNED
0,5,256,0.98828125,3,34.54,0.26,34.29,0.0,1914,0.98046875,LOST
0,5,256,0.9921875,4,34.04,0.2,33.71,0.13,1896,0.984375,RETURNED
0,5,256,0.99609375,5,34.71,0.22,34.49,0.0,1922,0.96875,LOST
0,6,256,0.8984375,0,30.44,0.22,30.12,0.11,1908,0.61328125,RETURNED
0,6,256,0.91015625,1,31.03,0.48,30.15,0.4,1907,0.62890625,RETURNED
0,6,256,0.95703125,2,30.69,0.34,30.19,0.16,1909,0.91015625,RETURNED
0,6,256,0.96875,3,30.76,0.58,30.18,0.0,1914,0.96875,LOST
0,6,256,0.9765625,4,30.57,0.44,30.0,0.14,1896,0.96875,RETURNED
0,6,256,0.9765625,5,30.76,0.14,30.62,0.0,1922,0.98046875,LOST
0,6,256,1.0,6,1.98,0.1,1.76,0.12,112,0.9921875,RETURNED
0,7,256,0.9296875,0,30.54,0.11,30.16,0.27,1908,0.62109375,RETURNED
0,7,256,0.953125,1,30.98,0.27,30.16,0.55,1907,0.8359375,RETURNED
0,7,256,0.95703125,2,30.4,0.12,30.2,0.08,1909,0.90234375,RETURNED
0,7,256,0.96875,3,30.39,0.2,30.19,0.0,1914,0.94921875,LOST
0,7,256,0.984375,4,30.44,0.27,30.02,0.15,1896,0.96875,RETURNED
0,7,256,0.98828125,5,30.83,0.17,30.65,0.0,1922,0.98828125,LOST
0,7,256,0.99609375,6,30.4,0.26,29.9,0.24,1889,0.9921875,RETURNED
1,262.33,0.44
1,0,256,0.92578125,0,33.36,0.16,32.94,0.27,1908,0.6171875,RETURNED
1,0,256,0.95703125,1,33.09,0.28,32.68,0.14,1907,0.92578125,RETURNED
1,0,256,0.98828125,2,33.61,0.36,33.13,0.12,1909,0.97265625,RETURNED
1,0,256,0.9921875,3,33.5,0.15,33.35,0.0,1914,0.98046875,LOST
1,0,256,0.9921875,4,33.14,0.2,32.79,0.15,1896,0.984375,RETURNED
1,0,256,0.9921875,5,33.82,0.35,33.48,0.0,1922,0.99609375,LOST
1,0,256,1.0,6,29.86,0.19,29.67,0.0,1725,0.99609375,LOST
1,1,256,0.91796875,0,33.07,0.21,32.75,0.12,1908,0.625,RETURNED
1,1,256,0.94140625,1,32.83,0.2,32.52,0.11,1907,0.84765625,RETURNED
1,1,256,0.9765625,2,33.4,0.16,33.13,0.11,1909,0.9375,RETURNED
1,1,256,0.98828125,3,33.2,0.16,33.04,0.0,1914,0.98046875,LOST
1,1,256,0.9765625,4,32.73,0.21,32.45,0.08,1896,0.97265625,RETURNED
1,1,256,0.99609375,5,33.19,0.23,32.97,0.0,1922,0.99609375,LOST
1,1,256,1.0,6,29.67,0.26,29.41,0.0,1725,0.9921875,LOST
1,2,256,0.9140625,0,33.3,0.21,32.96,0.12,1908,0.625,RETURNED
1,2,256,0.94921875,1,32.6,0.15,32.36,0.08,1907,0.8828125,RETURNED
1,2,256,0.97265625,2,33.29,0.17,33.0,0.12,1909,0.9296875,RETURNED
1,2,256,0.9765625,3,33.03,0.21,32.83,0.0,1914,0.97265625,LOST
1,2,256,0.99609375,4,33.22,0.76,32.31,0.15,1896,0.98046875,RETURNED
1,2,256,0.98828125,5,33.27,0.16,33.12,0.0,1922,0.98046875,LOST
1,2,256,1.0,6,29.52,0.15,29.37,0.0,1725,0.98828125,LOST
1,3,256,0.9140625,0,33.47,0.3,33.03,0.14,1908,0.62109375,RETURNED
1,3,256,0.97265625,1,33.09,0.17,32.62,0.3,1907,0.9140625,RETURNED
1,3,256,0.953125,2,33.5,0.19,33.18,0.13,1909,0.9296875,RETURNED
1,3,256,0.98828125,3,33.25,0.1,33.15,0.0,1914,0.9765625,LOST
1,3,256,0.99609375,4,33.08,0.3,32.64,0.13,1896,0.98828125,RETURNED
1,3,256,0.9765625,5,33.57,0.37,33.2,0.0,1922,0.9921875,LOST
1,3,256,0.984375,6,32.34,0.12,32.06,0.16,1889,0.98046875,RETURNED
1,4,256,0.8984375,0,33.14,0.24,32.7,0.21,1908,0.62890625,RETURNED
1,4,256,0.95703125,1,32.64,0.26,32.2,0.19,1907,0.92578125,RETURNED
1,4,256,0.98046875,2,33.49,0.17,33.16,0.15,1909,0.953125,RETURNED
1,4,256,0.99609375,3,32.89,0.18,32.71,0.0,1914,0.95703125,LOST
1,4,256,0.98828125,4,32.76,0.16,32.47,0.13,1896,0.9765625,RETURNED
1,4,256,0.984375,5,32.92,0.16,32.76,0.0,1922,0.98828125,LOST
1,4,256,1.0,6,29.57,0.18,29.4,0.0,1725,0.9921875,LOST
1,5,256,0.88671875,0,33.06,0.17,32.82,0.07,1908,0.62109375,RETURNED
1,5,256,0.953125,1,32.77,0.19,32.41,0.16,1907,0.91015625,RETURNED
1,5,256,0.96484375,2,33.49,0.38,32.98,0.13,1909,0.953125,RETURNED
1,5,256,0.984375,3,32.93,0.18,32.75,0.0,1914,0.97265625,LOST
1,5,256,0.98046875,4,33.35,0.88,32.32,0.15,1896,0.97265625,RETURNED
1,5,256,0.9921875,5,33.24,0.21,33.03,0.0,1922,0.98828125,LOST
1,5,256,0.984375,6,32.38,0.33,31.93,0.12,1889,0.97265625,RETURNED
1,6,256,0.88671875,0,33.16,0.2,32.85,0.11,1908,0.640625,RETURNED
1,6,256,0.953125,1,32.87,0.18,32.5,0.19,1907,0.85546875,RETURNED
1,6,256,0.9765625,2,33.46,0.2,33.11,0.15,1909,0.9140625,RETURNED
1,6,256,0.98046875,3,33.18,0.16,33.02,0.0,1914,0.9765625,LOST
1,6,256,0.98046875,4,32.8,0.18,32.51,0.11,1896,0.96875,RETURNED
1,6,256,0.98046875,5,33.36,0.34,33.01,0.0,1922,0.98046875,LOST
1,6,256,1.0,6,29.79,0.26,29.54,0.0,1725,0.9921875,LOST
1,7,256,0.921875,0,33.15,0.2,32.83,0.12,1908,0.64453125,RETURNED
1,7,256,0.9609375,1,32.8,0.22,32.46,0.11,1907,0.8828125,RETURNED
1,7,256,0.96875,2,33.37,0.28,33.0,0.09,1909,0.9453125,RETURNED
1,7,256,0.96484375,3,33.23,0.25,32.98,0.0,1914,0.9375,LOST
1,7,256,0.98046875,4,32.73,0.22,32.4,0.11,1896,0.9765625,RETURNED
1,7,256,0.98828125,5,33.28,0.15,33.13,0.0,1922,0.98828125,LOST
1,7,256,1.0,6,29.49,0.28,29.21,0.0,1709,0.98828125,LOST
2,252.96,0.55
2,0,256,0.9140625,0,32.6,0.17,32.32,0.11,1908,0.62890625,RETURNED
2,0,256,0.89453125,1,32.99,0.24,32.54,0.22,1907,0.6171875,RETURNED
2,0,256,0.95703125,2,32.46,0.16,32.17,0.13,1909,0.9140625,RETURNED
2,0,256,0.9921875,3,32.68,0.17,32.5,0.0,1914,0.9765625,LOST
2,0,256,0.98046875,4,32.3,0.18,32.01,0.11,1896,0.96484375,RETURNED
2,0,256,0.96484375,5,32.82,0.1,32.72,0.0,1922,0.95703125,LOST
2,0,256,0.99609375,6,32.11,0.18,31.71,0.22,1889,0.98828125,RETURNED
2,1,256,0.91796875,0,32.95,0.11,32.75,0.09,1908,0.6171875,RETURNED
2,1,256,0.9453125,1,32.95,0.18,32.62,0.15,1907,0.87890625,RETURNED
2,1,256,0.94140625,2,33.2,0.17,32.47,0.56,1909,0.88671875,RETURNED
2,1,256,0.9765625,3,33.03,0.24,32.79,0.0,1914,0.96484375,LOST
2,1,256,0.984375,4,32.55,0.2,32.22,0.13,1896,0.953125,RETURNED
2,1,256,0.98828125,5,33.24,0.25,32.99,0.0,1922,0.9609375,LOST
2,1,256,1.0,6,29.01,0.18,28.83,0.0,1709,0.984375,LOST
2,2,256,0.90234375,0,33.12,0.19,32.5,0.44,1908,0.609375,RETURNED
2,2,256,0.9765625,1,32.86,0.1,32.62,0.14,1907,0.9140625,RETURNED
2,2,256,0.9453125,2,32.65,0.19,32.33,0.13,1909,0.9609375,RETURNED
2,2,256,0.98828125,3,32.87,0.18,32.69,0.0,1914,0.95703125,LOST
2,2,256,0.95703125,4,32.39,0.17,32.09,0.13,1896,0.953125,RETURNED
2,2,256,0.96875,5,33.37,0.29,33.08,0.0,1922,0.96484375,LOST
2,2,256,1.0,6,26.04,0.29,25.75,0.0,1525,0.9921875,LOST
2,3,256,0.9140625,0,32.78,0.16,32.54,0.08,1908,0.62109375,RETURNED
2,3,256,0.96484375,1,32.89,0.17,32.57,0.15,1907,0.859375,RETURNED
2,3,256,0.95703125,2,32.79,0.2,32.44,0.16,1909,0.92578125,RETURNED
2,3,256,0.96875,3,33.12,0.34,32.78,0.0,1914,0.96484375,LOST
2,3,256,0.984375,4,32.81,0.51,32.12,0.18,1896,0.9765625,RETURNED
2,3,256,0.98828125,5,33.33,0.24,33.08,0.0,1922,0.984375,LOST
2,3,256,0.99609375,6,31.96,0.16,31.71,0.09,1889,0.98828125,RETURNED
2,4,256,0.90625,0,33.0,0.2,32.61,0.19,1908,0.6171875,RETURNED
2,4,256,0.9375,1,33.03,0.26,32.66,0.12,1907,0.7421875,RETURNED
2,4,256,0.96484375,2,32.92,0.24,32.45,0.23,1909,0.93359375,RETURNED
2,4,256,0.9609375,3,33.06,0.18,32.89,0.0,1914,0.953125,LOST
2,4,256,0.9921875,4,32.48,0.16,32.24,0.08,1896,0.9609375,RETURNED
2,4,256,0.99609375,5,34.04,0.85,33.19,0.0,1922,0.9921875,LOST
2,4,256,0.99609375,6,32.17,0.21,31.82,0.14,1889,0.984375,RETURNED
2,5,256,0.90625,0,32.97,0.16,32.68,0.13,1908,0.62109375,RETURNED
2,5,256,0.95703125,1,33.19,0.36,32.72,0.11,1907,0.921875,RETURNED
2,5,256,0.94921875,2,33.57,0.26,32.59,0.72,1909,0.92578125,RETURNED
2,5,256,0.96875,3,33.1,0.18,32.92,0.0,1914,0.9765625,LOST
2,5,256,0.9765625,4,32.99,0.18,32.27,0.54,1896,0.96484375,RETURNED
2,5,256,0.99609375,5,33.4,0.24,33.16,0.0,1922,0.9921875,LOST
2,5,256,0.99609375,6,31.98,0.24,31.61,0.14,1889,0.9765625,RETURNED
2,6,256,0.90625,0,33.61,0.28,33.16,0.17,1908,0.62890625,RETURNED
2,6,256,0.95703125,1,33.51,0.16,33.19,0.16,1907,0.86328125,RETURNED
2,6,256,0.98046875,2,33.16,0.17,32.91,0.08,1909,0.9609375,RETURNED
2,6,256,0.9765625,3,33.62,0.18,33.44,0.0,1914,0.9765625,LOST
2,6,256,0.98828125,4,33.02,0.13,32.67,0.22,1896,0.98046875,RETURNED
2,6,256,0.9765625,5,34.03,0.24,33.79,0.0,1922,0.984375,LOST
2,6,256,0.99609375,6,32.3,0.21,31.98,0.11,1889,0.98828125,RETURNED
2,7,256,0.921875,0,32.88,0.19,32.6,0.09,1908,0.62109375,RETURNED
2,7,256,0.953125,1,37.96,4.33,33.45,0.18,1907,0.859375,RETURNED
2,7,256,0.953125,2,33.2,0.24,32.61,0.36,1909,0.91796875,RETURNED
2,7,256,0.9921875,3,33.23,0.16,33.07,0.0,1914,0.984375,LOST
2,7,256,0.96875,4,32.82,0.23,32.39,0.2,1896,0.95703125,RETURNED
2,7,256,0.9765625,5,33.59,0.27,33.32,0.0,1922,0.9765625,LOST
2,7,256,1.0,6,25.91,0.17,25.74,0.0,1525,0.9921875,LOST
3,282.72,0.60
3,0,256,0.9296875,0,36.61,0.17,35.91,0.54,1908,0.61328125,RETURNED
3,0,256,0.96875,1,36.11,0.28,35.69,0.13,1907,0.875,RETURNED
3,0,256,0.97265625,2,36.31,0.15,35.92,0.24,1909,0.9453125,RETURNED
3,0,256,0.98828125,3,36.52,0.24,36.27,0.0,1914,0.96875,LOST
3,0,256,0.9765625,4,36.43,0.24,36.04,0.15,1896,0.9765625,RETURNED
3,0,256,0.97265625,5,36.98,0.65,36.34,0.0,1922,0.97265625,LOST
3,0,256,1.0,6,5.21,0.16,4.67,0.37,251,0.9921875,RETURNED
3,1,256,0.90234375,0,36.9,0.24,36.38,0.28,1908,0.625,RETURNED
3,1,256,0.9453125,1,36.23,0.14,35.96,0.13,1907,0.87890625,RETURNED
3,1,256,0.9609375,2,37.29,0.25,36.82,0.22,1909,0.9296875,RETURNED
3,1,256,0.96484375,3,37.36,0.23,37.13,0.0,1914,0.9296875,LOST
3,1,256,0.9765625,4,36.98,0.16,36.69,0.13,1896,0.97265625,RETURNED
3,1,256,0.984375,5,37.21,0.2,37.01,0.0,1922,0.9765625,LOST
3,1,256,1.0,6,0.89,0.19,0.52,0.18,28,1.0,RETURNED
3,2,256,0.9296875,0,36.55,0.2,36.27,0.08,1908,0.625,RETURNED
3,2,256,0.9453125,1,36.15,0.16,35.85,0.13,1907,0.83984375,RETURNED
3,2,256,0.97265625,2,36.55,0.36,36.09,0.11,1909,0.953125,RETURNED
3,2,256,0.9921875,3,36.6,0.2,36.4,0.0,1914,0.9765625,LOST
3,2,256,0.98046875,4,36.69,0.18,36.37,0.15,1896,0.96875,RETURNED
3,2,256,0.9765625,5,36.91,0.19,36.72,0.0,1922,0.98828125,LOST
3,2,256,1.0,6,32.85,0.56,32.02,0.27,1740,0.9921875,RETURNED
3,3,256,0.90625,0,36.34,0.16,35.86,0.32,1908,0.6328125,RETURNED
3,3,256,0.9453125,1,36.88,0.57,35.49,0.83,1907,0.88671875,RETURNED
3,3,256,0.97265625,2,36.67,0.33,36.11,0.22,1909,0.9453125,RETURNED
3,3,256,0.97265625,3,36.33,0.27,36.06,0.0,1914,0.96875,LOST
3,3,256,0.98828125,4,35.95,0.22,35.59,0.14,1896,0.9765625,RETURNED
3,3,256,0.99609375,5,36.1,0.18,35.92,0.0,1922,0.98046875,LOST
3,3,256,0.98046875,6,34.78,0.16,34.38,0.23,1889,0.9765625,RETURNED
3,4,256,0.90625,0,36.39,0.16,36.1,0.13,1908,0.62109375,RETURNED
3,4,256,0.95703125,1,36.15,0.24,35.78,0.13,1907,0.8984375,RETURNED
3,4,256,0.9765625,2,36.76,0.76,35.84,0.16,1909,0.94921875,RETURNED
3,4,256,0.96875,3,36.62,0.29,36.33,0.0,1914,0.96484375,LOST
3,4,256,0.97265625,4,36.3,0.22,35.9,0.18,1896,0.95703125,RETURNED
3,4,256,0.96484375,5,36.7,0.28,36.43,0.0,1922,0.97265625,LOST
3,4,256,1.0,6,33.09,0.91,32.09,0.08,1740,0.9921875,RETURNED
3,5,256,0.9140625,0,37.49,0.32,36.93,0.24,1908,0.62890625,RETURNED
3,5,256,0.95703125,1,36.99,0.19,36.62,0.18,1907,0.87890625,RETURNED
3,5,256,0.96875,2,37.55,0.22,36.98,0.35,1909,0.9453125,RETURNED
3,5,256,0.96875,3,36.91,0.12,36.79,0.0,1914,0.96484375,LOST
3,5,256,0.9921875,4,36.83,0.19,36.52,0.12,1896,0.97265625,RETURNED
3,5,256,0.984375,5,37.17,0.27,36.9,0.0,1922,0.98828125,LOST
3,6,256,0.88671875,0,35.64,0.25,35.27,0.12,1908,0.6171875,RETURNED
3,6,256,0.9140625,1,35.57,0.22,35.15,0.2,1907,0.796875,RETURNED
3,6,256,0.953125,2,35.73,0.26,35.32,0.15,1909,0.91796875,RETURNED
3,6,256,0.96875,3,35.8,0.2,35.6,0.0,1914,0.9140625,LOST
3,6,256,0.9765625,4,35.75,0.16,35.44,0.15,1896,0.96875,RETURNED
3,6,256,0.9765625,5,35.41,0.18,35.23,0.0,1922,0.97265625,LOST
3,6,256,0.984375,6,34.82,0.27,34.41,0.15,1889,0.9765625,RETURNED
3,7,256,0.8984375,0,36.03,0.17,35.65,0.21,1908,0.6328125,RETURNED
3,7,256,0.93359375,1,36.13,0.11,35.65,0.37,1907,0.8671875,RETURNED
3,7,256,0.9765625,2,36.06,0.15,35.69,0.22,1909,0.9296875,RETURNED
3,7,256,0.97265625,3,36.09,0.21,35.88,0.0,1914,0.9453125,LOST
3,7,256,0.9765625,4,35.81,0.09,35.64,0.07,1896,0.9609375,RETURNED
3,7,256,0.98828125,5,36.46,0.64,35.83,0.0,1922,0.9765625,LOST
3,7,256,0.98046875,6,35.43,0.28,34.42,0.73,1889,0.98828125,RETURNED
4,225.05,0.62
4,0,256,0.8984375,0,32.7,0.21,32.37,0.12,1908,0.62890625,RETURNED
4,0,256,0.95703125,1,33.35,0.1,32.79,0.46,1907,0.8984375,RETURNED
4,0,256,0.9765625,2,32.7,0.15,32.32,0.22,1909,0.953125,RETURNED
4,0,256,0.984375,3,32.85,0.2,32.65,0.0,1914,0.97265625,LOST
4,0,256,0.98046875,4,32.72,0.48,32.09,0.15,1896,0.9765625,RETURNED
4,0,256,0.98828125,5,33.37,0.46,32.9,0.0,1922,0.98828125,LOST
4,1,256,0.91796875,0,32.96,0.22,32.62,0.12,1908,0.625,RETURNED
4,1,256,0.94921875,1,33.38,0.18,32.96,0.24,1907,0.90234375,RETURNED
4,1,256,0.9609375,2,32.71,0.22,32.41,0.07,1909,0.90625,RETURNED
4,1,256,0.98046875,3,33.17,0.32,32.85,0.0,1914,0.96875,LOST
4,1,256,0.9921875,4,32.6,0.24,32.22,0.14,1896,0.984375,RETURNED
4,1,256,0.98828125,5,33.45,0.27,33.18,0.0,1922,0.9921875,LOST
4,2,256,0.89453125,0,33.25,0.49,32.56,0.2,1908,0.61328125,RETURNED
4,2,256,0.94140625,1,33.33,0.22,32.9,0.22,1907,0.8203125,RETURNED
4,2,256,0.9765625,2,32.87,0.19,32.53,0.16,1909,0.953125,RETURNED
4,2,256,0.99609375,3,33.06,0.19,32.87,0.0,1914,0.98046875,LOST
4,2,256,0.98046875,4,32.62,0.2,32.29,0.14,1896,0.98046875,RETURNED
4,2,256,0.984375,5,33.18,0.1,33.08,0.0,1922,0.9765625,LOST
4,3,256,0.90625,0,33.0,0.16,32.56,0.28,1908,0.62890625,RETURNED
4,3,256,0.9453125,1,33.29,0.26,32.92,0.11,1907,0.859375,RETURNED
4,3,256,0.94921875,2,32.71,0.17,32.39,0.14,1909,0.93359375,RETURNED
4,3,256,0.96484375,3,33.26,0.57,32.68,0.0,1914,0.9453125,LOST
4,3,256,0.9921875,4,32.7,0.23,32.29,0.18,1896,0.98046875,RETURNED
4,3,256,0.98828125,5,33.09,0.1,32.98,0.0,1922,0.9921875,LOST
4,4,256,0.9140625,0,32.91,0.17,32.6,0.14,1908,0.62890625,RETURNED
4,4,256,0.96484375,1,33.55,0.27,33.1,0.18,1907,0.9140625,RETURNED
4,4,256,0.97265625,2,33.14,0.4,32.62,0.12,1909,0.94921875,RETURNED
4,4,256,0.9765625,3,33.18,0.27,32.91,0.0,1914,0.9609375,LOST
4,4,256,0.97265625,4,32.89,0.18,32.38,0.33,1896,0.9609375,RETURNED
4,4,256,0.98828125,5,33.23,0.16,33.07,0.0,1922,0.9921875,LOST
4,5,256,0.90625,0,33.28,0.31,32.75,0.23,1908,0.62890625,RETURNED
4,5,256,0.94921875,1,33.59,0.14,33.24,0.2,1907,0.91796875,RETURNED
4,5,256,0.9609375,2,33.08,0.2,32.76,0.12,1909,0.9453125,RETURNED
4,5,256,0.98828125,3,33.55,0.31,33.24,0.0,1914,0.984375,LOST
4,5,256,0.97265625,4,32.63,0.22,32.28,0.13,1896,0.953125,RETURNED
4,5,256,0.984375,5,33.36,0.09,33.26,0.0,1922,0.9765625,LOST
4,6,256,0.8984375,0,32.97,0.26,32.59,0.12,1908,0.6484375,RETURNED
4,6,256,0.9296875,1,33.96,0.17,33.25,0.53,1907,0.89453125,RETURNED
4,6,256,0.984375,2,32.81,0.22,32.47,0.12,1909,0.96484375,RETURNED
4,6,256,0.9609375,3,33.53,0.6,32.93,0.0,1914,0.95703125,LOST
4,6,256,0.984375,4,32.81,0.24,32.38,0.19,1896,0.97265625,RETURNED
4,6,256,0.98828125,5,33.55,0.44,33.11,0.0,1922,0.9921875,LOST
4,7,256,0.90234375,0,30.65,0.17,30.31,0.17,1908,0.62109375,RETURNED
4,7,256,0.90625,1,30.71,0.18,30.32,0.2,1907,0.6171875,RETURNED
4,7,256,0.96875,2,31.2,0.57,30.29,0.35,1909,0.8828125,RETURNED
4,7,256,0.9765625,3,30.7,0.2,30.5,0.0,1914,0.96484375,LOST
4,7,256,0.97265625,4,30.6,0.2,30.24,0.16,1896,0.9609375,RETURNED
4,7,256,0.97265625,5,30.89,0.25,30.63,0.0,1922,0.9609375,LOST
4,7,256,1.0,6,14.75,0.17,14.57,0.0,916,0.984375,LOST
5,373.78,0.74
5,0,256,0.90234375,0,35.14,0.25,34.75,0.15,1908,0.6171875,RETURNED
5,0,256,0.8984375,1,34.91,0.2,34.54,0.17,1907,0.6171875,RETURNED
5,0,256,0.9453125,2,35.16,0.21,34.71,0.25,1909,0.9140625,RETURNED
5,0,256,0.96875,3,35.0,0.21,34.79,0.0,1914,0.9453125,LOST
5,0,256,0.97265625,4,34.76,0.17,34.42,0.17,1896,0.95703125,RETURNED
5,0,256,0.9765625,5,35.13,0.25,34.89,0.0,1922,0.96484375,LOST
5,0,256,0.98828125,6,34.73,0.24,34.33,0.16,1889,0.96875,RETURNED
5,0,256,0.9921875,7,34.63,0.18,34.31,0.13,1882,0.98828125,RETURNED
5,0,256,0.99609375,8,34.67,0.17,34.5,0.0,1905,0.9921875,LOST
5,1,256,0.91796875,0,35.6,0.18,35.23,0.19,1908,0.609375,RETURNED
5,1,256,0.9375,1,34.99,0.15,34.7,0.14,1907,0.90234375,RETURNED
5,1,256,0.9375,2,35.5,0.26,34.88,0.36,1909,0.91015625,RETURNED
5,1,256,0.96484375,3,35.21,0.18,35.03,0.0,1914,0.9375,LOST
5,1,256,0.96484375,4,35.07,0.16,34.71,0.2,1896,0.94140625,RETURNED
5,1,256,0.98828125,5,35.37,0.3,35.07,0.0,1922,0.95703125,LOST
5,1,256,0.98828125,6,35.0,0.19,34.65,0.16,1889,0.9765625,RETURNED
5,1,256,0.98828125,7,35.0,0.22,34.56,0.22,1882,0.98046875,RETURNED
5,1,256,0.99609375,8,34.81,0.16,34.66,0.0,1905,0.99609375,LOST
5,2,256,0.890625,0,70.7,0.48,70.04,0.18,1908,0.6171875,RETURNED
5,2,256,0.9375,1,71.23,0.16,70.44,0.64,1907,0.90234375,RETURNED
5,2,256,0.9765625,2,71.17,0.5,70.54,0.13,1909,0.9765625,RETURNED
5,2,256,0.984375,3,71.21,0.24,70.96,0.0,1914,0.97265625,LOST
5,2,256,0.99609375,4,70.08,0.23,69.57,0.27,1896,0.9921875,RETURNED
5,3,256,0.921875,0,69.59,0.16,69.23,0.2,1908,0.6328125,RETURNED
5,3,256,0.94921875,1,70.47,0.21,70.13,0.13,1907,0.91015625,RETURNED
5,3,256,0.97265625,2,70.44,0.2,70.07,0.17,1909,0.9609375,RETURNED
5,3,256,0.98046875,3,69.87,0.17,69.7,0.0,1914,0.97265625,LOST
5,3,256,0.9921875,4,50.54,0.22,50.17,0.15,1896,0.99609375,RETURNED
5,4,256,0.91796875,0,35.75,0.36,35.22,0.17,1908,0.6328125,RETURNED
5,4,256,0.9609375,1,35.03,0.16,34.77,0.11,1907,0.90234375,RETURNED
5,4,256,0.9765625,2,35.53,0.29,34.99,0.25,1909,0.9375,RETURNED
5,4,256,0.97265625,3,35.89,0.83,35.06,0.0,1914,0.9453125,LOST
5,4,256,0.984375,4,35.38,0.52,34.7,0.16,1896,0.953125,RETURNED
5,4,256,0.9921875,5,35.31,0.16,35.15,0.0,1922,0.98828125,LOST
5,4,256,0.99609375,6,34.85,0.2,34.53,0.12,1889,0.97265625,RETURNED
5,4,256,0.99609375,7,34.75,0.1,34.52,0.14,1882,0.98828125,RETURNED
5,4,256,0.9921875,8,34.98,0.18,34.8,0.0,1905,0.99609375,LOST
5,5,256,0.875,0,70.26,0.3,69.57,0.4,1908,0.6328125,RETURNED
5,5,256,0.94921875,1,69.63,0.23,69.22,0.17,1907,0.90234375,RETURNED
5,5,256,0.9765625,2,70.28,0.36,69.35,0.57,1909,0.9453125,RETURNED
5,5,256,0.984375,3,68.92,0.37,68.54,0.0,1914,0.9765625,LOST
5,5,256,1.0,4,27.77,0.62,26.83,0.33,740,0.99609375,RETURNED
5,6,256,0.9140625,0,35.01,0.22,34.67,0.13,1908,0.6171875,RETURNED
5,6,256,0.9453125,1,34.75,0.21,34.23,0.31,1907,0.9140625,RETURNED
5,6,256,0.9765625,2,34.82,0.23,34.46,0.13,1909,0.9453125,RETURNED
5,6,256,0.9765625,3,34.69,0.18,34.51,0.0,1914,0.9375,LOST
5,6,256,0.98828125,4,34.98,0.36,34.37,0.25,1896,0.9765625,RETURNED
5,6,256,0.984375,5,35.45,0.65,34.79,0.0,1922,0.96484375,LOST
5,6,256,0.98828125,6,34.26,0.17,34.0,0.1,1889,0.98828125,RETURNED
5,6,256,0.99609375,7,34.84,0.66,34.04,0.13,1882,0.984375,RETURNED
5,6,256,0.9921875,8,34.41,0.16,34.25,0.0,1905,0.98828125,LOST
5,7,256,0.9140625,0,70.51,0.2,70.12,0.19,1908,0.6328125,RETURNED
5,7,256,0.96484375,1,69.45,0.18,69.08,0.19,1907,0.91796875,RETURNED
5,7,256,0.97265625,2,70.14,0.22,69.83,0.09,1909,0.96484375,RETURNED
5,7,256,0.984375,3,70.09,0.15,69.94,0.0,1914,0.9765625,LOST
5,7,256,0.99609375,4,69.7,0.19,69.19,0.32,1896,0.99609375,RETURNED
6,288.07,0.59
6,0,256,0.90234375,0,32.69,0.2,32.38,0.1,1908,0.62109375,RETURNED
6,0,256,0.9453125,1,33.46,0.17,33.01,0.28,1907,0.90625,RETURNED
6,0,256,0.95703125,2,33.17,0.47,32.47,0.23,1909,0.94140625,RETURNED
6,0,256,0.98828125,3,33.48,0.73,32.75,0.0,1914,0.9765625,LOST
6,0,256,0.984375,4,33.24,0.52,32.32,0.4,1896,0.9765625,RETURNED
6,0,256,0.9921875,5,33.44,0.22,33.22,0.0,1922,0.984375,LOST
6,0,256,0.9921875,6,32.47,0.16,32.03,0.28,1889,0.984375,RETURNED
6,0,256,1.0,7,0.84,0.13,0.71,0.0,44,0.99609375,LOST
6,1,256,0.89453125,0,32.85,0.2,32.49,0.17,1908,0.63671875,RETURNED
6,1,256,0.94140625,1,33.63,0.55,32.91,0.17,1907,0.86328125,RETURNED
6,1,256,0.97265625,2,33.06,0.25,32.65,0.16,1909,0.953125,RETURNED
6,1,256,0.96484375,3,33.28,0.25,33.03,0.0,1914,0.95703125,LOST
6,1,256,0.97265625,4,32.62,0.12,32.39,0.11,1896,0.95703125,RETURNED
6,1,256,0.98828125,5,33.6,0.15,33.46,0.0,1922,0.9765625,LOST
6,1,256,0.99609375,6,32.62,0.25,32.21,0.15,1889,0.984375,RETURNED
6,1,256,1.0,7,24.96,0.19,24.77,0.0,1531,0.99609375,LOST
6,2,256,0.92578125,0,33.05,0.47,32.45,0.13,1908,0.62890625,RETURNED
6,2,256,0.95703125,1,33.51,0.44,32.94,0.12,1907,0.92578125,RETURNED
6,2,256,0.98046875,2,33.02,0.38,32.52,0.11,1909,0.95703125,RETURNED
6,2,256,0.98828125,3,33.27,0.25,33.02,0.0,1914,0.97265625,LOST
6,2,256,0.98828125,4,32.59,0.28,32.15,0.16,1896,0.97265625,RETURNED
6,2,256,0.984375,5,33.55,0.18,33.37,0.0,1922,0.9765625,LOST
6,2,256,0.99609375,6,32.61,0.32,32.12,0.17,1889,0.984375,RETURNED
6,2,256,1.0,7,0.97,0.25,0.72,0.0,44,0.99609375,LOST
6,3,256,0.91796875,0,32.83,0.25,32.45,0.12,1908,0.6328125,RETURNED
6,3,256,0.9453125,1,33.25,0.19,32.92,0.13,1907,0.83984375,RETURNED
6,3,256,0.96875,2,33.34,0.69,32.49,0.16,1909,0.94140625,RETURNED
6,3,256,0.97265625,3,32.87,0.21,32.66,0.0,1914,0.96484375,LOST
6,3,256,0.98046875,4,32.62,0.18,32.3,0.14,1896,0.9609375,RETURNED
6,3,256,0.984375,5,33.45,0.32,33.12,0.0,1922,0.9765625,LOST
6,3,256,0.9921875,6,32.52,0.26,32.13,0.13,1889,0.98828125,RETURNED
6,3,256,0.99609375,7,30.79,0.17,30.24,0.38,1882,0.99609375,RETURNED
6,4,256,0.91015625,0,33.3,0.32,32.6,0.37,1908,0.62890625,RETURNED
6,4,256,0.95703125,1,33.58,0.16,33.11,0.31,1907,0.87109375,RETURNED
6,4,256,0.98046875,2,33.12,0.17,32.78,0.17,1909,0.95703125,RETURNED
6,4,256,0.97265625,3,33.51,0.56,32.95,0.0,1914,0.9609375,LOST
6,4,256,0.984375,4,32.46,0.11,32.23,0.12,1896,0.9765625,RETURNED
6,4,256,0.9921875,5,33.56,0.28,33.28,0.0,1922,0.984375,LOST
6,4,256,0.9921875,6,32.39,0.19,32.02,0.18,1889,0.98046875,RETURNED
6,4,256,1.0,7,24.8,0.2,24.61,0.0,1531,0.99609375,LOST
6,5,256,0.89453125,0,33.08,0.22,32.77,0.1,1908,0.625,RETURNED
6,5,256,0.9609375,1,33.79,0.17,33.33,0.29,1907,0.88671875,RETURNED
6,5,256,0.96484375,2,33.73,0.68,32.86,0.18,1909,0.9453125,RETURNED
6,5,256,0.9765625,3,33.59,0.36,33.23,0.0,1914,0.96875,LOST
6,5,256,0.98046875,4,33.09,0.18,32.7,0.21,1896,0.96875,RETURNED
6,5,256,0.9921875,5,33.92,0.21,33.71,0.0,1922,0.984375,LOST
6,5,256,0.99609375,6,32.95,0.2,32.6,0.15,1889,0.984375,RETURNED
6,6,256,0.90625,0,32.95,0.37,32.33,0.25,1908,0.625,RETURNED
6,6,256,0.94140625,1,34.0,0.56,32.9,0.54,1907,0.90234375,RETURNED
6,6,256,0.94921875,2,32.85,0.16,32.55,0.14,1909,0.93359375,RETURNED
6,6,256,0.984375,3,32.94,0.25,32.69,0.0,1914,0.9609375,LOST
6,6,256,0.984375,4,32.48,0.26,32.04,0.18,1896,0.9765625,RETURNED
6,6,256,0.97265625,5,33.25,0.16,33.09,0.0,1922,0.98046875,LOST
6,6,256,0.99609375,6,32.23,0.17,31.97,0.09,1889,0.984375,RETURNED
6,6,256,0.99609375,7,30.85,0.43,30.31,0.12,1882,0.99609375,RETURNED
6,7,256,0.9140625,0,30.82,0.49,30.21,0.12,1908,0.62109375,RETURNED
6,7,256,0.90625,1,31.25,0.19,30.05,1.01,1907,0.6328125,RETURNED
6,7,256,0.96875,2,30.39,0.16,30.11,0.12,1909,0.89453125,RETURNED
6,7,256,0.98046875,3,30.5,0.27,30.23,0.0,1914,0.95703125,LOST
6,7,256,0.9765625,4,30.38,0.33,29.95,0.1,1896,0.95703125,RETURNED
6,7,256,0.98828125,5,30.64,0.22,30.43,0.0,1922,0.9765625,LOST
6,7,256,0.98828125,6,30.31,0.33,29.85,0.13,1889,0.984375,RETURNED
6,7,256,0.9921875,7,30.26,0.27,29.76,0.24,1882,0.98828125,RETURNED