0,165.06,4.16
0,0,256,0.88671875,0,33.8,0.14,33.49,0.18,1908,0.609375,RETURNED
0,0,256,0.9296875,1,33.38,0.13,33.15,0.11,1907,0.8671875,RETURNED
0,0,256,0.9609375,2,34.06,0.12,33.71,0.23,1909,0.91796875,RETURNED
0,0,256,0.9921875,3,33.01,0.17,32.84,0.0,1914,0.99609375,LOST
0,1,256,0.90234375,0,33.41,0.13,33.13,0.15,1908,0.6171875,RETURNED
0,1,256,0.93359375,1,33.11,0.23,32.77,0.11,1907,0.859375,RETURNED
0,1,256,0.984375,2,34.04,0.11,33.79,0.14,1909,0.96875,RETURNED
0,1,256,0.98828125,3,32.7,0.22,32.48,0.0,1914,0.98046875,LOST
0,2,256,0.9140625,0,33.38,0.11,33.04,0.22,1908,0.61328125,RETURNED
0,2,256,0.96484375,1,32.85,0.1,32.6,0.14,1907,0.828125,RETURNED
0,2,256,0.94921875,2,33.55,0.13,33.28,0.14,1909,0.90234375,RETURNED
0,2,256,0.9765625,3,32.64,0.12,32.52,0.0,1914,0.953125,LOST
0,3,256,0.89453125,0,33.49,0.12,33.29,0.08,1908,0.640625,RETURNED
0,3,256,0.94921875,1,33.06,0.16,32.7,0.19,1907,0.88671875,RETURNED
0,3,256,0.99609375,2,33.86,0.2,33.43,0.23,1909,0.96484375,RETURNED
0,3,256,1.0,3,10.89,0.2,10.7,0.0,622,0.99609375,LOST
0,4,256,0.8984375,0,34.13,0.3,33.71,0.12,1908,0.6171875,RETURNED
0,4,256,0.953125,1,33.28,0.15,33.0,0.12,1907,0.89453125,RETURNED
0,4,256,0.984375,2,33.96,0.16,33.66,0.14,1909,0.9609375,RETURNED
0,4,256,1.0,3,11.28,0.27,11.01,0.0,622,0.99609375,LOST
0,5,256,0.90625,0,33.42,0.16,33.18,0.08,1908,0.62109375,RETURNED
0,5,256,0.9375,1,32.95,0.1,32.7,0.14,1907,0.88671875,RETURNED
0,5,256,0.96484375,2,33.79,0.1,33.55,0.14,1909,0.953125,RETURNED
0,5,256,0.97265625,3,32.65,0.16,32.49,0.0,1914,0.9609375,LOST
0,6,256,0.89453125,0,32.9,0.12,32.68,0.09,1908,0.61328125,RETURNED
0,6,256,0.90625,1,32.63,0.15,32.39,0.09,1907,0.60546875,RETURNED
0,6,256,0.93359375,2,33.24,0.16,32.94,0.14,1909,0.87109375,RETURNED
0,6,256,0.98046875,3,32.29,0.1,32.19,0.0,1914,0.9296875,LOST
0,7,256,0.89453125,0,33.55,0.19,33.22,0.15,1908,0.61328125,RETURNED
0,7,256,0.93359375,1,33.06,0.18,32.75,0.13,1907,0.88671875,RETURNED
0,7,256,0.98828125,2,33.5,0.16,33.27,0.07,1909,0.94921875,RETURNED
0,7,256,0.98046875,3,32.73,0.17,32.56,0.0,1914,0.98046875,LOST
1,224.23,0.21
1,0,256,0.90625,0,33.56,0.13,33.3,0.13,1908,0.62109375,RETURNED
1,0,256,0.9453125,1,33.9,0.09,33.71,0.09,1907,0.8671875,RETURNED
1,0,256,0.953125,2,32.89,0.11,32.66,0.12,1909,0.93359375,RETURNED
1,0,256,0.9375,3,33.26,0.16,33.1,0.0,1914,0.94140625,LOST
1,0,256,0.984375,4,33.08,0.15,32.8,0.12,1896,0.9765625,RETURNED
1,0,256,0.9921875,5,33.64,0.15,33.49,0.0,1922,0.9921875,LOST
1,1,256,0.91015625,0,33.64,0.25,33.09,0.29,1908,0.62890625,RETURNED
1,1,256,0.9453125,1,33.72,0.26,33.32,0.14,1907,0.90625,RETURNED
1,1,256,0.97265625,2,32.7,0.13,32.42,0.15,1909,0.953125,RETURNED
1,1,256,0.98828125,3,32.87,0.22,32.65,0.0,1914,0.98828125,LOST
1,1,256,0.97265625,4,32.92,0.16,32.64,0.12,1896,0.94921875,RETURNED
1,1,256,0.9921875,5,33.31,0.17,33.14,0.0,1922,0.9921875,LOST
1,2,256,0.90625,0,32.72,0.2,32.41,0.11,1908,0.61328125,RETURNED
1,2,256,0.94140625,1,33.13,0.1,32.91,0.12,1907,0.83984375,RETURNED
1,2,256,0.953125,2,32.18,0.17,31.91,0.1,1909,0.90625,RETURNED
1,2,256,0.96875,3,32.39,0.12,32.28,0.0,1914,0.94921875,LOST
1,2,256,0.984375,4,32.37,0.1,32.0,0.28,1896,0.96875,RETURNED
1,2,256,0.98828125,5,32.91,0.17,32.73,0.0,1922,0.9765625,LOST
1,3,256,0.90625,0,32.67,0.23,32.35,0.09,1908,0.63671875,RETURNED
1,3,256,0.96484375,1,32.92,0.19,32.61,0.12,1907,0.90625,RETURNED
1,3,256,0.9765625,2,32.07,0.25,31.7,0.12,1909,0.94140625,RETURNED
1,3,256,0.96484375,3,32.16,0.19,31.97,0.0,1914,0.95703125,LOST
1,3,256,0.98046875,4,32.05,0.17,31.8,0.07,1896,0.97265625,RETURNED
1,3,256,1.0,5,23.66,0.15,23.35,0.16,1368,0.98046875,RETURNED
1,4,256,0.8828125,0,33.45,0.1,33.27,0.08,1908,0.609375,RETURNED
1,4,256,0.9296875,1,33.82,0.16,33.57,0.1,1907,0.8828125,RETURNED
1,4,256,0.98046875,2,32.76,0.17,32.49,0.09,1909,0.94140625,RETURNED
1,4,256,0.98828125,3,33.04,0.17,32.88,0.0,1914,0.98828125,LOST
1,4,256,0.9921875,4,33.06,0.17,32.8,0.09,1896,0.97265625,RETURNED
1,4,256,0.98046875,5,33.62,0.15,33.46,0.0,1922,0.9921875,LOST
1,5,256,0.91015625,0,32.99,0.13,32.79,0.07,1908,0.61328125,RETURNED
1,5,256,0.953125,1,33.31,0.13,33.08,0.11,1907,0.90234375,RETURNED
1,5,256,0.96875,2,32.32,0.15,32.05,0.13,1909,0.9296875,RETURNED
1,5,256,0.9609375,3,32.48,0.13,32.34,0.0,1914,0.94140625,LOST
1,5,256,0.9921875,4,32.64,0.17,32.26,0.2,1896,0.98828125,RETURNED
1,5,256,0.97265625,5,33.02,0.21,32.81,0.0,1922,0.96875,LOST
1,6,256,0.921875,0,33.4,0.24,33.05,0.1,1908,0.63671875,RETURNED
1,6,256,0.91796875,1,33.74,0.12,33.48,0.14,1907,0.8203125,RETURNED
1,6,256,0.984375,2,32.68,0.13,32.48,0.07,1909,0.96484375,RETURNED
1,6,256,0.984375,3,32.91,0.16,32.75,0.0,1914,0.984375,LOST
1,6,256,0.98828125,4,32.8,0.19,32.54,0.07,1896,0.98046875,RETURNED
1,6,256,0.9921875,5,33.35,0.2,33.15,0.0,1922,0.99609375,LOST
1,7,256,0.9140625,0,33.91,0.11,33.67,0.13,1908,0.62109375,RETURNED
1,7,256,0.94921875,1,34.1,0.17,33.65,0.28,1907,0.91015625,RETURNED
1,7,256,0.9765625,2,34.11,0.25,33.68,0.17,1909,0.90625,RETURNED
1,7,256,0.95703125,3,34.17,0.38,33.79,0.0,1914,0.96484375,LOST
1,7,256,0.9921875,4,33.82,0.16,33.56,0.1,1896,0.984375,RETURNED
1,7,256,0.9921875,5,34.13,0.1,34.03,0.0,1922,0.9921875,LOST
2,157.41,0.36
2,0,256,0.8984375,0,35.11,0.22,34.79,0.11,1908,0.6328125,RETURNED
2,0,256,0.95703125,1,34.97,0.17,34.73,0.07,1907,0.91796875,RETURNED
2,0,256,0.9921875,2,35.18,0.18,34.82,0.17,1909,0.96875,RETURNED
2,0,256,0.98046875,3,34.8,0.24,34.56,0.0,1914,0.953125,LOST
2,1,256,0.90625,0,32.9,0.19,32.59,0.12,1908,0.625,RETURNED
2,1,256,0.96484375,1,32.68,0.12,32.5,0.07,1907,0.82421875,RETURNED
2,1,256,0.9921875,2,32.83,0.1,32.64,0.09,1909,0.9609375,RETURNED
2,1,256,0.9765625,3,32.34,0.15,32.19,0.0,1914,0.953125,LOST
2,2,256,0.921875,0,32.85,0.2,32.58,0.07,1908,0.62109375,RETURNED
2,2,256,0.94921875,1,32.76,0.15,32.49,0.11,1907,0.84765625,RETURNED
2,2,256,0.953125,2,32.96,0.17,32.68,0.11,1909,0.9453125,RETURNED
2,2,256,0.98828125,3,32.43,0.21,32.23,0.0,1914,0.9609375,LOST
2,3,256,0.92578125,0,33.52,0.21,33.2,0.1,1908,0.61328125,RETURNED
2,3,256,0.96875,1,33.39,0.12,33.16,0.12,1907,0.87890625,RETURNED
2,3,256,0.984375,2,33.42,0.11,33.12,0.19,1909,0.95703125,RETURNED
2,3,256,0.98828125,3,32.9,0.11,32.8,0.0,1914,0.96875,LOST
2,4,256,0.91796875,0,33.06,0.11,32.86,0.08,1908,0.63671875,RETURNED
2,4,256,0.95703125,1,32.93,0.11,32.74,0.08,1907,0.91796875,RETURNED
2,4,256,0.96875,2,33.18,0.15,32.9,0.13,1909,0.953125,RETURNED
2,4,256,0.98828125,3,32.68,0.11,32.57,0.0,1914,0.9609375,LOST
2,5,256,0.890625,0,33.36,0.1,33.18,0.08,1908,0.6171875,RETURNED
2,5,256,0.95703125,1,33.41,0.15,33.11,0.15,1907,0.86328125,RETURNED
2,5,256,0.94921875,2,33.73,0.2,33.43,0.11,1909,0.9296875,RETURNED
2,5,256,0.98828125,3,33.42,0.19,33.23,0.0,1914,0.9609375,LOST
2,6,256,0.921875,0,33.95,0.44,33.4,0.11,1908,0.62109375,RETURNED
2,6,256,0.9609375,1,33.59,0.09,33.32,0.18,1907,0.91015625,RETURNED
2,6,256,0.9453125,2,34.05,0.24,33.64,0.16,1909,0.90625,RETURNED
2,6,256,0.98046875,3,33.22,0.1,33.12,0.0,1914,0.97265625,LOST
2,7,256,0.890625,0,33.09,0.14,32.83,0.12,1908,0.6171875,RETURNED
2,7,256,0.95703125,1,33.06,0.21,32.65,0.2,1907,0.91796875,RETURNED
2,7,256,0.9921875,2,33.38,0.23,32.89,0.26,1909,0.96875,RETURNED
2,7,256,1.0,3,25.93,0.28,25.65,0.0,1493,0.9921875,LOST
3,288.30,0.30
3,0,256,0.89453125,0,67.47,0.2,67.18,0.08,1908,0.625,RETURNED
3,0,256,0.9296875,1,67.6,0.2,67.31,0.08,1907,0.88671875,RETURNED
3,0,256,0.984375,2,67.96,0.19,67.68,0.1,1909,0.9765625,RETURNED
3,0,256,0.98828125,3,67.4,0.17,67.23,0.0,1914,0.984375,LOST
3,1,256,0.9375,0,36.01,0.28,35.44,0.29,1908,0.62109375,RETURNED
3,1,256,0.9375,1,35.19,0.17,34.9,0.12,1907,0.85546875,RETURNED
3,1,256,0.96484375,2,35.62,0.31,35.24,0.07,1909,0.93359375,RETURNED
3,1,256,0.98046875,3,34.96,0.21,34.75,0.0,1914,0.96484375,LOST
3,1,256,0.98046875,4,35.46,0.11,35.24,0.11,1896,0.9765625,RETURNED
3,1,256,0.98828125,5,33.59,0.32,33.27,0.0,1922,0.984375,LOST
3,1,256,0.9921875,6,32.91,0.12,32.7,0.09,1889,0.98046875,RETURNED
3,2,256,0.91796875,0,66.54,0.23,66.09,0.22,1908,0.62890625,RETURNED
3,2,256,0.9609375,1,66.2,0.17,65.87,0.16,1907,0.95703125,RETURNED
3,2,256,0.9765625,2,66.34,0.2,65.98,0.16,1909,0.95703125,RETURNED
3,2,256,0.99609375,3,66.26,0.19,66.08,0.0,1914,0.9921875,LOST
3,3,256,0.90234375,0,32.77,0.09,32.51,0.17,1908,0.625,RETURNED
3,3,256,0.95703125,1,32.07,0.13,31.82,0.13,1907,0.89453125,RETURNED
3,3,256,0.9609375,2,32.21,0.11,32.03,0.07,1909,0.91015625,RETURNED
3,3,256,0.95703125,3,32.08,0.16,31.92,0.0,1914,0.95703125,LOST
3,3,256,0.98046875,4,32.59,0.16,32.2,0.22,1896,0.953125,RETURNED
3,3,256,0.98046875,5,32.26,0.16,32.1,0.0,1922,0.9609375,LOST
3,3,256,0.99609375,6,32.34,0.25,31.98,0.11,1889,0.9921875,RETURNED
3,4,256,0.90625,0,32.99,0.18,32.52,0.3,1908,0.609375,RETURNED
3,4,256,0.96484375,1,32.79,0.36,32.25,0.19,1907,0.921875,RETURNED
3,4,256,0.9765625,2,32.79,0.26,32.37,0.16,1909,0.953125,RETURNED
3,4,256,0.9765625,3,32.39,0.12,32.28,0.0,1914,0.93359375,LOST
3,4,256,0.984375,4,32.71,0.1,32.49,0.12,1896,0.96484375,RETURNED
3,4,256,0.98828125,5,32.68,0.19,32.49,0.0,1922,0.98046875,LOST
3,4,256,0.99609375,6,32.49,0.15,32.26,0.08,1889,0.9921875,RETURNED
3,5,256,0.8828125,0,32.78,0.16,32.53,0.09,1908,0.64453125,RETURNED
3,5,256,0.94921875,1,32.51,0.16,32.22,0.13,1907,0.80078125,RETURNED
3,5,256,0.9375,2,32.59,0.1,32.38,0.11,1909,0.890625,RETURNED
3,5,256,0.97265625,3,32.25,0.11,32.14,0.0,1914,0.953125,LOST
3,5,256,0.98046875,4,32.67,0.19,32.34,0.14,1896,0.9765625,RETURNED
3,5,256,0.984375,5,32.59,0.17,32.41,0.0,1922,0.98046875,LOST
3,5,256,1.0,6,28.03,0.29,27.66,0.08,1625,0.984375,RETURNED
3,6,256,0.9140625,0,34.3,0.14,34.06,0.1,1908,0.61328125,RETURNED
3,6,256,0.94921875,1,33.89,0.13,33.63,0.13,1907,0.88671875,RETURNED
3,6,256,0.9765625,2,33.96,0.22,33.66,0.08,1909,0.9453125,RETURNED
3,6,256,0.9921875,3,33.64,0.16,33.49,0.0,1914,0.96484375,LOST
3,6,256,0.9921875,4,34.21,0.16,33.92,0.13,1896,0.96484375,RETURNED
3,6,256,0.9765625,5,32.81,0.11,32.71,0.0,1922,0.9921875,LOST
3,6,256,0.98828125,6,32.66,0.11,32.44,0.11,1889,0.984375,RETURNED
3,7,256,0.9296875,0,32.98,0.19,32.51,0.28,1908,0.63671875,RETURNED
3,7,256,0.953125,1,32.68,0.29,32.3,0.1,1907,0.8828125,RETURNED
3,7,256,0.96484375,2,32.83,0.18,32.54,0.1,1909,0.9296875,RETURNED
3,7,256,0.9765625,3,32.47,0.2,32.27,0.0,1914,0.953125,LOST
3,7,256,0.984375,4,32.67,0.18,32.38,0.11,1896,0.96875,RETURNED
3,7,256,0.98828125,5,32.58,0.15,32.42,0.0,1922,0.984375,LOST
3,7,256,0.9921875,6,32.38,0.1,32.15,0.13,1889,0.9921875,RETURNED
4,317.42,0.38
4,0,256,0.91796875,0,32.35,0.17,32.06,0.12,1908,0.60546875,RETURNED
4,0,256,0.9140625,1,32.39,0.23,32.03,0.12,1907,0.640625,RETURNED
4,0,256,0.953125,2,32.5,0.22,32.11,0.18,1909,0.90625,RETURNED
4,0,256,0.94921875,3,32.31,0.14,32.17,0.0,1914,0.92578125,LOST
4,0,256,0.9765625,4,32.25,0.33,31.84,0.08,1896,0.953125,RETURNED
4,0,256,0.96875,5,32.6,0.16,32.43,0.0,1922,0.96875,LOST
4,0,256,0.9921875,6,32.12,0.17,31.81,0.14,1889,0.984375,RETURNED
4,0,256,0.9921875,7,31.98,0.22,31.61,0.16,1882,0.984375,RETURNED
4,0,256,0.98828125,8,32.35,0.32,32.03,0.0,1905,0.9921875,LOST
4,1,256,0.88671875,0,32.85,0.18,32.52,0.15,1908,0.62890625,RETURNED
4,1,256,0.93359375,1,32.72,0.15,32.44,0.12,1907,0.86328125,RETURNED
4,1,256,0.95703125,2,32.73,0.17,32.46,0.1,1909,0.9140625,RETURNED
4,1,256,0.96875,3,32.71,0.09,32.62,0.0,1914,0.9453125,LOST
4,1,256,0.98828125,4,32.56,0.16,32.25,0.15,1896,0.9453125,RETURNED
4,1,256,0.96875,5,33.05,0.23,32.82,0.0,1922,0.9765625,LOST
4,1,256,0.96484375,6,32.5,0.17,32.21,0.13,1889,0.98046875,RETURNED
4,1,256,0.9921875,7,32.41,0.28,32.02,0.11,1882,0.98828125,RETURNED
4,1,256,1.0,8,17.53,0.19,17.34,0.0,1020,0.9921875,LOST
4,2,256,0.8984375,0,32.66,0.4,32.2,0.07,1908,0.6171875,RETURNED
4,2,256,0.95703125,1,32.5,0.1,32.27,0.14,1907,0.87890625,RETURNED
4,2,256,0.9453125,2,32.47,0.11,32.19,0.17,1909,0.921875,RETURNED
4,2,256,0.9765625,3,32.7,0.29,32.41,0.0,1914,0.95703125,LOST
4,2,256,0.98046875,4,32.34,0.27,31.96,0.11,1896,0.953125,RETURNED
4,2,256,0.96484375,5,32.65,0.09,32.56,0.0,1922,0.95703125,LOST
4,2,256,0.98828125,6,32.47,0.31,32.03,0.12,1889,0.9765625,RETURNED
4,2,256,0.98828125,7,32.08,0.16,31.74,0.18,1882,0.98828125,RETURNED
4,2,256,0.984375,8,32.5,0.29,32.21,0.0,1905,0.98828125,LOST
4,3,256,0.94140625,0,32.84,0.31,32.42,0.11,1908,0.62890625,RETURNED
4,3,256,0.9453125,1,32.65,0.16,32.39,0.1,1907,0.8671875,RETURNED
4,3,256,0.96484375,2,32.77,0.15,32.47,0.15,1909,0.93359375,RETURNED
4,3,256,0.96484375,3,32.76,0.17,32.59,0.0,1914,0.9453125,LOST
4,3,256,0.9765625,4,32.55,0.19,32.22,0.13,1896,0.96875,RETURNED
4,3,256,0.96875,5,32.77,0.12,32.65,0.0,1922,0.9765625,LOST
4,3,256,0.98046875,6,32.27,0.11,32.05,0.12,1889,0.98046875,RETURNED
4,3,256,0.99609375,7,32.21,0.25,31.82,0.13,1882,0.98046875,RETURNED
4,3,256,0.99609375,8,32.62,0.1,32.52,0.0,1905,0.99609375,LOST
4,4,256,0.91796875,0,98.84,0.12,98.64,0.09,1908,0.6171875,RETURNED
4,4,256,0.96875,1,98.66,0.1,98.36,0.2,1907,0.94140625,RETURNED
4,4,256,0.9765625,2,98.24,0.16,97.94,0.13,1909,0.96484375,RETURNED
4,5,256,0.890625,0,32.79,0.1,32.55,0.15,1908,0.62109375,RETURNED
4,5,256,0.93359375,1,32.92,0.16,32.68,0.08,1907,0.73046875,RETURNED
4,5,256,0.953125,2,32.78,0.09,32.62,0.08,1909,0.9296875,RETURNED
4,5,256,0.984375,3,32.99,0.18,32.81,0.0,1914,0.96484375,LOST
4,5,256,0.984375,4,32.55,0.15,32.29,0.11,1896,0.95703125,RETURNED
4,5,256,0.98828125,5,33.06,0.1,32.95,0.0,1922,0.984375,LOST
4,5,256,0.9921875,6,32.85,0.27,32.46,0.12,1889,0.9765625,RETURNED
4,5,256,0.9921875,7,32.61,0.17,32.13,0.31,1882,0.9921875,RETURNED
4,5,256,1.0,8,26.17,0.16,26.01,0.0,1513,0.9921875,LOST
4,6,256,0.890625,0,102.36,0.12,102.09,0.15,1908,0.60546875,RETURNED
4,6,256,0.96484375,1,102.32,0.15,102.03,0.14,1907,0.94921875,RETURNED
4,6,256,0.98046875,2,94.63,0.2,94.31,0.12,1909,0.953125,RETURNED
4,7,256,0.91796875,0,96.38,0.18,96.1,0.1,1908,0.6171875,RETURNED
4,7,256,0.94140625,1,96.27,0.15,95.88,0.24,1907,0.8828125,RETURNED
4,7,256,0.97265625,2,96.59,0.17,96.29,0.12,1909,0.9765625,RETURNED
5,259.60,0.70
5,0,256,0.91796875,0,34.36,0.18,34.03,0.15,1908,0.63671875,RETURNED
5,0,256,0.9375,1,33.88,0.2,33.49,0.19,1907,0.79296875,RETURNED
5,0,256,0.9609375,2,34.94,0.29,34.57,0.08,1909,0.91796875,RETURNED
5,0,256,0.98828125,3,33.8,0.26,33.54,0.0,1914,0.96875,LOST
5,0,256,0.97265625,4,34.3,0.16,34.05,0.09,1896,0.97265625,RETURNED
5,0,256,0.98828125,5,34.21,0.09,34.12,0.0,1922,0.9765625,LOST
5,1,256,0.8984375,0,33.57,0.13,33.35,0.09,1908,0.6171875,RETURNED
5,1,256,0.890625,1,33.1,0.17,32.76,0.17,1907,0.61328125,RETURNED
5,1,256,0.9375,2,34.33,0.2,33.9,0.23,1909,0.87890625,RETURNED
5,1,256,0.97265625,3,33.17,0.16,33.01,0.0,1914,0.9453125,LOST
5,1,256,0.984375,4,33.49,0.17,33.21,0.12,1896,0.98828125,RETURNED
5,1,256,0.9921875,5,33.34,0.09,33.25,0.0,1922,0.984375,LOST
5,1,256,1.0,6,1.09,0.19,0.72,0.18,28,1.0,RETURNED
5,2,256,0.90625,0,33.9,0.17,33.61,0.12,1908,0.6328125,RETURNED
5,2,256,0.9609375,1,33.12,0.17,32.74,0.21,1907,0.87890625,RETURNED
5,2,256,0.953125,2,34.48,0.28,34.0,0.2,1909,0.90625,RETURNED
5,2,256,0.984375,3,33.2,0.16,33.04,0.0,1914,0.9375,LOST
5,2,256,0.98046875,4,33.59,0.21,33.27,0.11,1896,0.96875,RETURNED
5,2,256,0.99609375,5,33.62,0.1,33.52,0.0,1922,0.98828125,LOST
5,2,256,0.98828125,6,32.25,0.19,31.89,0.17,1889,0.96875,RETURNED
5,3,256,0.90625,0,34.05,0.2,33.72,0.13,1908,0.62109375,RETURNED
5,3,256,0.9453125,1,33.27,0.18,32.99,0.1,1907,0.890625,RETURNED
5,3,256,0.9609375,2,34.28,0.17,34.0,0.11,1909,0.92578125,RETURNED
5,3,256,0.96875,3,33.31,0.21,33.1,0.0,1914,0.921875,LOST
5,3,256,0.9765625,4,33.85,0.2,33.51,0.14,1896,0.96875,RETURNED
5,3,256,0.984375,5,33.82,0.16,33.66,0.0,1922,0.98046875,LOST
5,4,256,0.90625,0,35.05,0.17,34.75,0.13,1908,0.62890625,RETURNED
5,4,256,0.95703125,1,34.47,0.17,34.09,0.21,1907,0.90625,RETURNED
5,4,256,0.98828125,2,35.46,0.21,35.18,0.07,1909,0.95703125,RETURNED
5,4,256,0.98828125,3,34.6,0.17,34.43,0.0,1914,0.96875,LOST
5,4,256,0.98828125,4,34.75,0.19,34.45,0.1,1896,0.9609375,RETURNED
5,4,256,0.9921875,5,35.05,0.09,34.96,0.0,1922,0.98046875,LOST
5,5,256,0.8984375,0,34.82,0.19,34.51,0.11,1908,0.6328125,RETURNED
5,5,256,0.9453125,1,34.03,0.16,33.75,0.11,1907,0.9140625,RETURNED
5,5,256,0.96875,2,35.1,0.11,34.88,0.12,1909,0.92578125,RETURNED
5,5,256,0.96484375,3,33.97,0.16,33.81,0.0,1914,0.95703125,LOST
5,5,256,0.99609375,4,34.63,0.11,34.36,0.16,1896,0.984375,RETURNED
5,5,256,0.98046875,5,34.57,0.27,34.3,0.0,1922,0.9765625,LOST
5,6,256,0.90625,0,34.85,0.26,34.48,0.12,1908,0.625,RETURNED
5,6,256,0.94921875,1,34.26,0.22,33.92,0.11,1907,0.88671875,RETURNED
5,6,256,0.96875,2,35.54,0.17,35.24,0.12,1909,0.9453125,RETURNED
5,6,256,0.984375,3,34.12,0.16,33.96,0.0,1914,0.96875,LOST
5,6,256,0.98046875,4,34.6,0.2,34.31,0.08,1896,0.96875,RETURNED
5,6,256,0.9921875,5,34.74,0.15,34.58,0.0,1922,0.984375,LOST
5,7,256,0.90234375,0,34.17,0.16,33.85,0.16,1908,0.6171875,RETURNED
5,7,256,0.890625,1,33.53,0.1,33.07,0.35,1907,0.6171875,RETURNED
5,7,256,0.984375,2,34.51,0.17,34.18,0.16,1909,0.95703125,RETURNED
5,7,256,0.99609375,3,33.48,0.33,33.15,0.0,1914,0.95703125,LOST
5,7,256,0.96875,4,33.91,0.18,33.58,0.15,1896,0.9609375,RETURNED
5,7,256,0.984375,5,33.88,0.15,33.72,0.0,1922,0.984375,LOST
6,225.53,0.33
6,0,256,0.9296875,0,33.73,0.12,33.47,0.13,1908,0.62890625,RETURNED
6,0,256,0.94140625,1,33.74,0.13,33.5,0.12,1907,0.87890625,RETURNED
6,0,256,0.96484375,2,33.04,0.22,32.62,0.2,1909,0.8984375,RETURNED
6,0,256,0.9765625,3,33.6,0.12,33.48,0.0,1914,0.9453125,LOST
6,0,256,0.9765625,4,32.97,0.16,32.7,0.11,1896,0.98828125,RETURNED
6,0,256,0.984375,5,33.13,0.1,33.03,0.0,1922,0.9765625,LOST
6,1,256,0.9140625,0,33.51,0.09,33.34,0.08,1908,0.6171875,RETURNED
6,1,256,0.91796875,1,34.25,0.11,33.59,0.54,1907,0.63671875,RETURNED
6,1,256,0.9453125,2,32.84,0.1,32.67,0.07,1909,0.8984375,RETURNED
6,1,256,0.98046875,3,33.21,0.09,33.12,0.0,1914,0.97265625,LOST
6,1,256,0.99609375,4,32.82,0.19,32.56,0.07,1896,0.98046875,RETURNED
6,1,256,0.9921875,5,33.16,0.15,33.01,0.0,1922,0.98046875,LOST
6,2,256,0.9140625,0,34.68,0.23,34.27,0.17,1908,0.6171875,RETURNED
6,2,256,0.95703125,1,34.45,0.29,34.08,0.07,1907,0.8984375,RETURNED
6,2,256,0.95703125,2,33.89,0.23,33.55,0.11,1909,0.90234375,RETURNED
6,2,256,0.97265625,3,33.95,0.15,33.81,0.0,1914,0.953125,LOST
6,2,256,0.9765625,4,33.64,0.17,33.39,0.08,1896,0.96484375,RETURNED
6,3,256,0.92578125,0,35.81,0.26,35.29,0.25,1908,0.61328125,RETURNED
6,3,256,0.97265625,1,35.38,0.15,35.14,0.09,1907,0.9140625,RETURNED
6,3,256,0.98828125,2,34.24,0.16,33.93,0.14,1909,0.94921875,RETURNED
6,3,256,0.984375,3,34.64,0.21,34.43,0.0,1914,0.98046875,LOST
6,3,256,0.98828125,4,34.59,0.12,34.37,0.11,1896,0.984375,RETURNED
6,4,256,0.90234375,0,34.4,0.13,34.18,0.09,1908,0.625,RETURNED
6,4,256,0.91796875,1,34.22,0.11,34.03,0.08,1907,0.84375,RETURNED
6,4,256,0.9609375,2,33.73,0.09,33.5,0.13,1909,0.92578125,RETURNED
6,4,256,0.9765625,3,33.97,0.17,33.8,0.0,1914,0.96484375,LOST
6,4,256,0.9921875,4,33.52,0.11,33.28,0.13,1896,0.984375,RETURNED
6,5,256,0.9140625,0,35.27,0.18,34.97,0.12,1908,0.61328125,RETURNED
6,5,256,0.96875,1,35.01,0.16,34.74,0.12,1907,0.9140625,RETURNED
6,5,256,0.984375,2,34.47,0.21,34.14,0.12,1909,0.96875,RETURNED
6,5,256,0.984375,3,34.41,0.09,34.32,0.0,1914,0.9609375,LOST
6,5,256,0.99609375,4,34.93,0.16,34.68,0.1,1896,0.98828125,RETURNED
6,6,256,0.91796875,0,33.91,0.13,33.71,0.07,1908,0.609375,RETURNED
6,6,256,0.94921875,1,34.14,0.27,33.75,0.12,1907,0.91015625,RETURNED
6,6,256,0.98046875,2,33.01,0.18,32.65,0.18,1909,0.94921875,RETURNED
6,6,256,0.984375,3,33.3,0.16,33.14,0.0,1914,0.96875,LOST
6,6,256,0.9921875,4,32.95,0.14,32.73,0.08,1896,0.98828125,RETURNED
6,6,256,1.0,5,1.02,0.13,0.78,0.11,45,0.99609375,RETURNED
6,7,256,0.8828125,0,36.18,0.1,35.97,0.11,1908,0.60546875,RETURNED
6,7,256,0.95703125,1,35.96,0.1,35.75,0.1,1907,0.9140625,RETURNED
6,7,256,0.97265625,2,35.18,0.26,34.8,0.12,1909,0.9453125,RETURNED
6,7,256,0.98046875,3,35.94,0.18,35.77,0.0,1914,0.96484375,LOST
6,7,256,0.96875,4,35.27,0.09,35.07,0.11,1896,0.97265625,RETURNED
7,360.13,0.32
7,0,256,0.91796875,0,34.52,0.22,34.18,0.12,1908,0.61328125,RETURNED
7,0,256,0.95703125,1,34.25,0.23,33.91,0.11,1907,0.83984375,RETURNED
7,0,256,0.96484375,2,34.61,0.16,34.34,0.11,1909,0.9453125,RETURNED
7,0,256,0.97265625,3,34.37,0.13,34.24,0.0,1914,0.96484375,LOST
7,0,256,0.9765625,4,34.46,0.16,34.18,0.11,1896,0.96484375,RETURNED
7,0,256,0.98046875,5,34.6,0.17,34.44,0.0,1922,0.97265625,LOST
7,0,256,0.96875,6,33.91,0.19,33.64,0.08,1889,0.953125,RETURNED
7,0,256,0.98828125,7,34.33,0.26,33.96,0.11,1882,0.98046875,RETURNED
7,0,256,1.0,8,18.37,0.14,18.23,0.0,1020,0.99609375,LOST
7,1,256,0.90625,0,33.98,0.25,33.63,0.11,1908,0.62109375,RETURNED
7,1,256,0.94140625,1,33.3,0.13,33.0,0.17,1907,0.87890625,RETURNED
7,1,256,0.9765625,2,34.32,0.23,33.92,0.18,1909,0.9296875,RETURNED
7,1,256,0.96484375,3,33.72,0.16,33.57,0.0,1914,0.94140625,LOST
7,1,256,0.984375,4,33.6,0.33,33.15,0.11,1896,0.95703125,RETURNED
7,1,256,0.9765625,5,34.01,0.1,33.91,0.0,1922,0.9765625,LOST
7,1,256,0.99609375,6,33.15,0.16,32.87,0.12,1889,0.984375,RETURNED
7,1,256,0.96875,7,33.48,0.16,33.13,0.19,1882,0.984375,RETURNED
7,1,256,0.98828125,8,33.29,0.14,33.15,0.0,1905,0.99609375,LOST
7,2,256,0.89453125,0,34.14,0.25,33.74,0.15,1908,0.62109375,RETURNED
7,2,256,0.94140625,1,33.66,0.11,33.42,0.13,1907,0.87890625,RETURNED
7,2,256,0.96484375,2,34.28,0.17,33.99,0.13,1909,0.9140625,RETURNED
7,2,256,0.96875,3,34.06,0.24,33.82,0.0,1914,0.94921875,LOST
7,2,256,0.97265625,4,33.94,0.22,33.6,0.12,1896,0.9609375,RETURNED
7,2,256,0.984375,5,34.07,0.21,33.86,0.0,1922,0.97265625,LOST
7,2,256,0.98828125,6,33.47,0.38,32.96,0.13,1889,0.9765625,RETURNED
7,2,256,0.99609375,7,33.62,0.09,33.35,0.18,1882,0.9921875,RETURNED
7,2,256,0.9921875,8,33.48,0.17,33.31,0.0,1905,0.99609375,LOST
7,3,256,0.8984375,0,33.89,0.22,33.53,0.14,1908,0.62890625,RETURNED
7,3,256,0.90234375,1,33.69,0.17,33.4,0.12,1907,0.62890625,RETURNED
7,3,256,0.9375,2,33.75,0.16,33.51,0.08,1909,0.90234375,RETURNED
7,3,256,0.95703125,3,33.77,0.14,33.63,0.0,1914,0.93359375,LOST
7,3,256,0.97265625,4,33.6,0.15,33.33,0.12,1896,0.95703125,RETURNED
7,3,256,0.98046875,5,33.92,0.18,33.74,0.0,1922,0.97265625,LOST
7,3,256,0.98828125,6,33.37,0.15,33.11,0.11,1889,0.9609375,RETURNED
7,3,256,0.99609375,7,33.27,0.19,33.0,0.09,1882,0.9921875,RETURNED
7,3,256,0.99609375,8,33.71,0.19,33.52,0.0,1905,0.9921875,LOST
7,4,256,0.87890625,0,32.59,0.15,32.34,0.09,1908,0.64453125,RETURNED
7,4,256,0.953125,1,32.41,0.13,32.2,0.08,1907,0.87109375,RETURNED
7,4,256,0.94921875,2,32.77,0.16,32.51,0.1,1909,0.890625,RETURNED
7,4,256,0.96484375,3,32.5,0.13,32.38,0.0,1914,0.94140625,LOST
7,4,256,0.9765625,4,32.31,0.12,32.12,0.07,1896,0.97265625,RETURNED
7,4,256,0.9765625,5,33.0,0.22,32.78,0.0,1922,0.9453125,LOST
7,4,256,0.9921875,6,32.37,0.26,31.96,0.15,1889,0.97265625,RETURNED
7,4,256,0.98828125,7,32.28,0.49,31.72,0.08,1882,0.98046875,RETURNED
7,4,256,0.99609375,8,32.54,0.12,32.42,0.0,1905,0.98828125,LOST
7,4,256,0.9921875,9,32.78,0.12,32.54,0.12,1928,0.98828125,RETURNED
8,400.45,8.74
8,0,256,0.90234375,0,34.58,0.3,33.91,0.38,1908,0.61328125,RETURNED
8,0,256,0.91796875,1,34.12,0.54,33.44,0.15,1907,0.63671875,RETURNED
8,0,256,0.95703125,2,34.04,0.16,33.8,0.08,1909,0.8828125,RETURNED
8,0,256,0.953125,3,33.95,0.19,33.76,0.0,1914,0.88671875,LOST
8,0,256,0.98828125,4,33.87,0.22,33.54,0.11,1896,0.96875,RETURNED
8,0,256,0.98828125,5,33.66,0.16,33.49,0.0,1922,0.98828125,LOST
8,0,256,0.98046875,6,33.39,0.12,33.16,0.11,1889,0.97265625,RETURNED
8,0,256,0.99609375,7,33.97,0.17,33.69,0.12,1882,0.98046875,RETURNED
8,0,256,0.9921875,8,33.43,0.17,33.27,0.0,1905,0.9921875,LOST
8,0,256,0.9921875,9,34.23,0.11,34.04,0.08,1928,0.98828125,RETURNED
8,1,256,0.9140625,0,33.05,0.11,32.83,0.11,1908,0.62109375,RETURNED
8,1,256,0.953125,1,32.71,0.11,32.52,0.09,1907,0.82421875,RETURNED
8,1,256,0.96875,2,33.25,0.22,32.94,0.09,1909,0.89453125,RETURNED
8,1,256,0.9765625,3,32.86,0.11,32.75,0.0,1914,0.96875,LOST
8,1,256,0.95703125,4,33.06,0.25,32.69,0.13,1896,0.95703125,RETURNED
8,1,256,0.96875,5,33.12,0.11,33.02,0.0,1922,0.94921875,LOST
8,1,256,0.9921875,6,33.09,0.25,32.68,0.16,1889,0.98828125,RETURNED
8,1,256,0.98828125,7,33.15,0.09,32.87,0.19,1882,0.9609375,RETURNED
8,1,256,0.9921875,8,33.27,0.23,33.04,0.0,1905,0.99609375,LOST
8,1,256,0.99609375,9,33.76,0.25,33.31,0.2,1928,0.984375,RETURNED
8,2,256,0.90234375,0,64.37,0.13,64.12,0.12,1908,0.6328125,RETURNED
8,2,256,0.93359375,1,65.13,0.16,64.82,0.16,1907,0.87890625,RETURNED
8,2,256,0.9453125,2,65.27,0.17,65.03,0.07,1909,0.8828125,RETURNED
8,2,256,0.9765625,3,66.18,0.18,66.0,0.0,1914,0.9453125,LOST
8,2,256,0.984375,4,64.62,0.1,64.37,0.14,1896,0.98046875,RETURNED
8,2,256,0.98828125,5,62.9,0.15,62.75,0.0,1922,0.99609375,LOST
8,3,256,0.90234375,0,33.07,0.24,32.72,0.11,1908,0.62109375,RETURNED
8,3,256,0.90625,1,32.5,0.13,32.29,0.08,1907,0.6328125,RETURNED
8,3,256,0.94921875,2,32.92,0.14,32.66,0.11,1909,0.89453125,RETURNED
8,3,256,0.97265625,3,32.62,0.12,32.49,0.0,1914,0.953125,LOST
8,3,256,0.97265625,4,32.85,0.22,32.48,0.15,1896,0.96875,RETURNED
8,3,256,0.98828125,5,32.95,0.24,32.71,0.0,1922,0.97265625,LOST
8,3,256,0.984375,6,32.87,0.09,32.68,0.11,1889,0.98828125,RETURNED
8,3,256,0.99609375,7,32.97,0.25,32.63,0.1,1882,0.98046875,RETURNED
8,3,256,0.99609375,8,33.17,0.18,33.0,0.0,1905,0.99609375,LOST
8,3,256,0.98828125,9,33.44,0.11,33.14,0.2,1928,0.9765625,RETURNED
8,3,256,1.0,10,1.42,0.26,1.16,0.0,61,0.99609375,LOST
8,4,256,0.9140625,0,63.35,0.15,63.12,0.08,1908,0.625,RETURNED
8,4,256,0.95703125,1,63.58,0.33,63.16,0.09,1907,0.8984375,RETURNED
8,4,256,0.97265625,2,63.62,0.15,63.38,0.09,1909,0.96484375,RETURNED
8,4,256,0.96875,3,64.12,0.15,63.97,0.0,1914,0.94921875,LOST
8,4,256,0.98828125,4,63.47,0.16,63.16,0.14,1896,0.984375,RETURNED
8,4,256,0.984375,5,63.47,0.22,63.25,0.0,1922,0.98828125,LOST
9,286.01,0.29
9,0,256,0.9296875,0,33.14,0.16,32.9,0.08,1908,0.62890625,RETURNED
9,0,256,0.88671875,1,33.06,0.19,32.77,0.11,1907,0.625,RETURNED
9,0,256,0.96875,2,33.38,0.33,32.84,0.21,1909,0.9296875,RETURNED
9,0,256,0.99609375,3,33.2,0.24,32.97,0.0,1914,0.984375,LOST
9,0,256,0.97265625,4,32.95,0.19,32.61,0.15,1896,0.95703125,RETURNED
9,0,256,0.9765625,5,33.19,0.16,33.03,0.0,1922,0.96484375,LOST
9,0,256,0.99609375,6,32.71,0.17,32.46,0.07,1889,0.98828125,RETURNED
9,0,256,1.0,7,0.9,0.16,0.74,0.0,44,0.99609375,LOST
9,1,256,0.921875,0,32.62,0.18,32.36,0.08,1908,0.64453125,RETURNED
9,1,256,0.95703125,1,32.53,0.1,32.35,0.08,1907,0.8984375,RETURNED
9,1,256,0.9921875,2,32.51,0.25,32.12,0.13,1909,0.953125,RETURNED
9,1,256,0.98828125,3,32.51,0.18,32.33,0.0,1914,0.98828125,LOST
9,1,256,0.97265625,4,32.43,0.29,32.06,0.08,1896,0.95703125,RETURNED
9,1,256,0.98046875,5,32.5,0.11,32.39,0.0,1922,0.96875,LOST
9,1,256,0.99609375,6,32.1,0.15,31.86,0.09,1889,0.99609375,RETURNED
9,1,256,0.99609375,7,32.03,0.21,31.7,0.12,1882,0.99609375,RETURNED
9,2,256,0.90625,0,32.97,0.22,32.66,0.08,1908,0.62890625,RETURNED
9,2,256,0.90625,1,32.94,0.17,32.67,0.1,1907,0.625,RETURNED
9,2,256,0.95703125,2,32.89,0.2,32.58,0.11,1909,0.91796875,RETURNED
9,2,256,0.96875,3,32.88,0.12,32.76,0.0,1914,0.94140625,LOST
9,2,256,0.97265625,4,32.89,0.19,32.56,0.15,1896,0.96875,RETURNED
9,2,256,0.984375,5,33.19,0.26,32.93,0.0,1922,0.97265625,LOST
9,2,256,0.984375,6,32.87,0.26,32.5,0.11,1889,0.98046875,RETURNED
9,2,256,0.99609375,7,32.58,0.19,32.28,0.12,1882,0.99609375,RETURNED
9,3,256,0.90234375,0,33.26,0.1,33.02,0.14,1908,0.62890625,RETURNED
9,3,256,0.96484375,1,33.62,0.27,33.11,0.23,1907,0.90234375,RETURNED
9,3,256,0.97265625,2,33.64,0.27,33.22,0.15,1909,0.9453125,RETURNED
9,3,256,0.96875,3,33.31,0.18,33.13,0.0,1914,0.95703125,LOST
9,3,256,0.99609375,4,33.2,0.1,32.93,0.17,1896,0.98828125,RETURNED
9,3,256,0.98828125,5,33.82,0.44,33.38,0.0,1922,0.99609375,LOST
9,3,256,0.99609375,6,33.15,0.15,32.88,0.12,1889,0.9921875,RETURNED
9,4,256,0.90625,0,32.5,0.16,32.22,0.12,1908,0.625,RETURNED
9,4,256,0.953125,1,32.72,0.16,32.4,0.16,1907,0.8671875,RETURNED
9,4,256,0.98828125,2,32.74,0.18,32.49,0.08,1909,0.9453125,RETURNED
9,4,256,0.99609375,3,32.93,0.29,32.64,0.0,1914,0.9921875,LOST
9,4,256,0.96875,4,32.56,0.12,32.3,0.15,1896,0.953125,RETURNED
9,4,256,0.98828125,5,32.68,0.11,32.57,0.0,1922,0.98828125,LOST
9,4,256,0.99609375,6,32.67,0.39,32.11,0.16,1889,0.99609375,RETURNED
9,4,256,1.0,7,30.68,0.12,30.46,0.11,1798,0.99609375,RETURNED
10,252.73,0.29
10,0,256,0.90625,0,32.59,0.09,32.36,0.14,1908,0.625,RETURNED
10,0,256,0.94921875,1,33.09,0.1,32.91,0.07,1907,0.8125,RETURNED
10,0,256,0.953125,2,33.59,0.11,33.4,0.08,1909,0.90625,RETURNED
10,0,256,0.97265625,3,33.13,0.12,33.01,0.0,1914,0.94140625,LOST
10,0,256,0.984375,4,33.05,0.14,32.79,0.13,1896,0.953125,RETURNED
10,0,256,0.9609375,5,33.31,0.18,33.13,0.0,1922,0.953125,LOST
10,0,256,0.96875,6,34.09,0.11,33.89,0.09,1889,0.93359375,RETURNED
10,1,256,0.9140625,0,33.25,0.19,32.9,0.16,1908,0.62890625,RETURNED
10,1,256,0.91796875,1,33.54,0.15,33.27,0.13,1907,0.625,RETURNED
10,1,256,0.9375,2,33.85,0.16,33.61,0.08,1909,0.84375,RETURNED
10,1,256,0.98828125,3,33.91,0.19,33.72,0.0,1914,0.953125,LOST
10,1,256,0.984375,4,33.45,0.11,33.2,0.13,1896,0.9765625,RETURNED
10,1,256,0.9921875,5,33.96,0.18,33.78,0.0,1922,0.9765625,LOST
10,1,256,0.99609375,6,32.78,0.17,32.43,0.17,1889,0.99609375,RETURNED
10,2,256,0.9140625,0,32.48,0.16,32.22,0.11,1908,0.625,RETURNED
10,2,256,0.97265625,1,32.92,0.28,32.52,0.11,1907,0.9140625,RETURNED
10,2,256,0.9375,2,32.68,0.12,32.43,0.13,1909,0.88671875,RETURNED
10,2,256,0.96484375,3,32.98,0.18,32.8,0.0,1914,0.94140625,LOST
10,2,256,0.9765625,4,32.65,0.15,32.27,0.23,1896,0.94921875,RETURNED
10,2,256,0.99609375,5,32.9,0.17,32.73,0.0,1922,0.98828125,LOST
10,2,256,0.99609375,6,32.21,0.16,31.97,0.08,1889,0.98828125,RETURNED
10,3,256,0.89453125,0,32.94,0.19,32.58,0.17,1908,0.6328125,RETURNED
10,3,256,0.9453125,1,33.07,0.26,32.68,0.12,1907,0.89453125,RETURNED
10,3,256,0.98828125,2,32.66,0.09,32.49,0.08,1909,0.97265625,RETURNED
10,3,256,0.96484375,3,33.2,0.16,33.04,0.0,1914,0.95703125,LOST
10,3,256,0.984375,4,32.7,0.19,32.41,0.1,1896,0.95703125,RETURNED
10,3,256,0.98828125,5,33.11,0.26,32.85,0.0,1922,0.984375,LOST
10,3,256,1.0,6,1.06,0.13,0.71,0.23,42,0.99609375,RETURNED
10,4,256,0.921875,0,32.13,0.13,31.92,0.08,1908,0.625,RETURNED
10,4,256,0.921875,1,32.35,0.31,31.98,0.06,1907,0.62890625,RETURNED
10,4,256,0.95703125,2,32.11,0.1,31.89,0.12,1909,0.921875,RETURNED
10,4,256,0.93359375,3,32.42,0.13,32.29,0.0,1914,0.9140625,LOST
10,4,256,0.99609375,4,31.95,0.13,31.75,0.08,1896,0.98828125,RETURNED
10,4,256,0.9921875,5,32.33,0.12,32.21,0.0,1922,0.99609375,LOST
10,4,256,0.99609375,6,31.92,0.15,31.65,0.12,1889,0.99609375,RETURNED
11,281.99,0.24
11,0,256,0.9140625,0,63.94,0.18,63.61,0.15,1908,0.61328125,RETURNED
11,0,256,0.89453125,1,63.66,0.16,63.31,0.18,1907,0.640625,RETURNED
11,0,256,0.96484375,2,64.14,0.23,63.76,0.15,1909,0.95703125,RETURNED
11,0,256,0.98828125,3,63.75,0.15,63.59,0.0,1914,0.98046875,LOST
11,1,256,0.90625,0,65.03,0.18,64.68,0.17,1908,0.63671875,RETURNED
11,1,256,0.96875,1,64.78,0.21,64.47,0.11,1907,0.94140625,RETURNED
11,1,256,0.953125,2,64.72,0.11,64.52,0.09,1909,0.94140625,RETURNED
11,1,256,0.98828125,3,62.96,0.33,62.64,0.0,1914,0.98828125,LOST
11,2,256,0.8984375,0,32.78,0.23,32.48,0.07,1908,0.61328125,RETURNED
11,2,256,0.94921875,1,33.28,0.17,33.0,0.11,1907,0.84765625,RETURNED
11,2,256,0.9609375,2,33.1,0.11,32.84,0.15,1909,0.9140625,RETURNED
11,2,256,0.984375,3,33.18,0.16,33.03,0.0,1914,0.96484375,LOST
11,2,256,0.9765625,4,33.04,0.16,32.62,0.26,1896,0.96484375,RETURNED
11,2,256,0.9921875,5,33.34,0.16,33.18,0.0,1922,0.984375,LOST
11,2,256,0.98828125,6,32.93,0.16,32.67,0.1,1889,0.9765625,RETURNED
11,2,256,0.9921875,7,32.38,0.2,32.1,0.08,1882,0.97265625,RETURNED
11,3,256,0.9140625,0,32.55,0.19,32.01,0.34,1908,0.64453125,RETURNED
11,3,256,0.953125,1,32.28,0.17,31.97,0.14,1907,0.84765625,RETURNED
11,3,256,0.96875,2,32.14,0.11,31.95,0.08,1909,0.9296875,RETURNED
11,3,256,0.9921875,3,32.58,0.39,32.18,0.0,1914,0.94921875,LOST
11,3,256,0.98828125,4,31.98,0.11,31.81,0.07,1896,0.96484375,RETURNED
11,3,256,0.98046875,5,32.61,0.16,32.45,0.0,1922,0.96484375,LOST
11,3,256,0.98046875,6,32.04,0.16,31.75,0.13,1889,0.96484375,RETURNED
11,3,256,0.98828125,7,31.78,0.13,31.52,0.13,1882,0.97265625,RETURNED
11,4,256,0.91015625,0,33.16,0.19,32.82,0.14,1908,0.62109375,RETURNED
11,4,256,0.9609375,1,32.97,0.18,32.71,0.08,1907,0.9140625,RETURNED
11,4,256,0.9765625,2,33.04,0.16,32.77,0.11,1909,0.9375,RETURNED
11,4,256,0.921875,3,33.2,0.15,33.05,0.0,1914,0.7890625,LOST
11,4,256,0.98828125,4,33.08,0.12,32.82,0.14,1896,0.9765625,RETURNED
11,4,256,0.984375,5,43.82,0.27,43.56,0.0,1922,0.9609375,LOST
11,4,256,1.0,6,32.09,0.16,31.93,0.0,1725,0.98828125,LOST
12,338.78,0.20
12,0,256,0.921875,0,64.41,0.11,64.13,0.16,1908,0.61328125,RETURNED
12,0,256,0.95703125,1,63.97,0.16,63.64,0.18,1907,0.921875,RETURNED
12,0,256,0.9453125,2,63.73,0.29,63.25,0.19,1909,0.92578125,RETURNED
12,0,256,0.9921875,3,64.12,0.15,63.97,0.0,1914,0.984375,LOST
12,0,256,0.9921875,4,63.67,0.16,63.42,0.09,1896,0.98828125,RETURNED
12,1,256,0.8984375,0,64.62,0.12,64.38,0.11,1908,0.62109375,RETURNED
12,1,256,0.95703125,1,64.5,0.22,64.02,0.26,1907,0.91015625,RETURNED
12,1,256,0.97265625,2,64.94,0.21,64.61,0.12,1909,0.9453125,RETURNED
12,1,256,0.98828125,3,64.85,0.12,64.73,0.0,1914,0.96875,LOST
12,1,256,0.99609375,4,62.73,0.15,62.5,0.07,1896,0.9921875,RETURNED
12,2,256,0.859375,0,33.25,0.13,33.0,0.13,1908,0.62109375,RETURNED
12,2,256,0.92578125,1,33.17,0.1,32.94,0.13,1907,0.80078125,RETURNED
12,2,256,0.94140625,2,33.05,0.18,32.72,0.15,1909,0.79296875,RETURNED
12,2,256,0.95703125,3,33.35,0.28,33.07,0.0,1914,0.91796875,LOST
12,2,256,0.984375,4,32.87,0.2,32.58,0.08,1896,0.95703125,RETURNED
12,2,256,0.984375,5,33.38,0.14,33.24,0.0,1922,0.984375,LOST
12,2,256,0.9921875,6,32.64,0.12,32.35,0.17,1889,0.96875,RETURNED
12,2,256,0.99609375,7,33.03,0.32,32.6,0.12,1882,0.9921875,RETURNED
12,2,256,0.98828125,8,33.21,0.3,32.91,0.0,1905,0.99609375,LOST
12,3,256,0.91796875,0,33.13,0.11,32.61,0.41,1908,0.6171875,RETURNED
12,3,256,0.953125,1,32.7,0.23,32.4,0.08,1907,0.89453125,RETURNED
12,3,256,0.96484375,2,32.68,0.12,32.4,0.15,1909,0.93359375,RETURNED
12,3,256,0.984375,3,32.83,0.16,32.67,0.0,1914,0.96484375,LOST
12,3,256,0.984375,4,32.38,0.15,32.11,0.12,1896,0.953125,RETURNED
12,3,256,0.98046875,5,33.07,0.19,32.88,0.0,1922,0.984375,LOST
12,3,256,0.98828125,6,32.3,0.19,32.04,0.07,1889,0.9765625,RETURNED
12,3,256,0.98828125,7,42.42,0.17,32.12,10.13,1882,0.97265625,RETURNED
12,3,256,1.0,8,0.71,0.25,0.46,0.0,28,1.0,LOST
12,4,256,0.921875,0,32.3,0.16,32.02,0.12,1908,0.625,RETURNED
12,4,256,0.94921875,1,32.18,0.18,31.93,0.07,1907,0.71484375,RETURNED
12,4,256,0.94921875,2,32.37,0.22,31.94,0.21,1909,0.90625,RETURNED
12,4,256,0.98046875,3,32.61,0.29,32.33,0.0,1914,0.94140625,LOST
12,4,256,0.9765625,4,32.06,0.22,31.65,0.19,1896,0.9609375,RETURNED
12,4,256,0.9921875,5,32.26,0.15,32.11,0.0,1922,0.9765625,LOST
12,4,256,0.984375,6,31.78,0.23,31.37,0.18,1889,0.9609375,RETURNED
12,4,256,0.984375,7,41.76,0.16,31.51,10.09,1882,0.984375,RETURNED
12,4,256,0.99609375,8,31.92,0.16,31.76,0.0,1905,0.98828125,LOST
13,259.54,0.30
13,0,256,0.90625,0,31.8,0.1,31.63,0.08,1908,0.62109375,RETURNED
13,0,256,0.91015625,1,31.75,0.12,31.55,0.08,1907,0.60546875,RETURNED
13,0,256,0.96875,2,32.05,0.17,31.79,0.09,1909,0.91796875,RETURNED
13,0,256,0.9609375,3,31.9,0.19,31.72,0.0,1914,0.91015625,LOST
13,0,256,0.984375,4,31.88,0.17,31.64,0.08,1896,0.96875,RETURNED
13,0,256,0.9765625,5,32.03,0.19,31.84,0.0,1922,0.96875,LOST
13,0,256,0.98828125,6,31.67,0.17,31.4,0.11,1889,0.984375,RETURNED
13,1,256,0.9296875,0,32.53,0.11,32.34,0.08,1908,0.61328125,RETURNED
13,1,256,0.9453125,1,32.64,0.23,32.28,0.13,1907,0.8984375,RETURNED
13,1,256,0.96875,2,32.57,0.11,32.38,0.08,1909,0.93359375,RETURNED
13,1,256,0.98828125,3,32.4,0.12,32.29,0.0,1914,0.96875,LOST
13,1,256,0.97265625,4,32.48,0.16,32.25,0.08,1896,0.95703125,RETURNED
13,1,256,0.984375,5,32.55,0.1,32.45,0.0,1922,0.984375,LOST
13,1,256,0.98046875,6,32.38,0.3,31.96,0.13,1889,0.96875,RETURNED
13,2,256,0.90625,0,32.31,0.1,32.14,0.06,1908,0.625,RETURNED
13,2,256,0.953125,1,32.58,0.35,32.02,0.2,1907,0.90625,RETURNED
13,2,256,0.98046875,2,32.71,0.09,32.45,0.17,1909,0.91796875,RETURNED
13,2,256,0.984375,3,32.44,0.17,32.27,0.0,1914,0.96484375,LOST
13,2,256,0.97265625,4,32.24,0.16,31.97,0.11,1896,0.96875,RETURNED
13,2,256,0.96484375,5,32.42,0.15,32.27,0.0,1922,0.95703125,LOST
13,2,256,1.0,6,10.75,0.16,10.48,0.1,617,0.984375,RETURNED
13,3,256,0.921875,0,32.48,0.16,32.25,0.07,1908,0.64453125,RETURNED
13,3,256,0.88671875,1,32.28,0.13,32.09,0.07,1907,0.62109375,RETURNED
13,3,256,0.96484375,2,32.62,0.19,32.32,0.11,1909,0.91796875,RETURNED
13,3,256,0.953125,3,32.39,0.16,32.23,0.0,1914,0.921875,LOST
13,3,256,0.984375,4,32.5,0.21,32.17,0.12,1896,0.9765625,RETURNED
13,3,256,0.96484375,5,32.57,0.16,32.41,0.0,1922,0.953125,LOST
13,3,256,0.9921875,6,32.27,0.18,31.98,0.11,1889,0.98046875,RETURNED
13,4,256,0.9140625,0,33.9,0.16,33.66,0.09,1908,0.625,RETURNED
13,4,256,0.94140625,1,33.86,0.17,33.57,0.12,1907,0.859375,RETURNED
13,4,256,0.9765625,2,34.16,0.23,33.81,0.13,1909,0.93359375,RETURNED
13,4,256,0.9921875,3,33.85,0.13,33.73,0.0,1914,0.98046875,LOST
13,4,256,0.98046875,4,33.64,0.12,33.46,0.06,1896,0.9765625,RETURNED
13,4,256,0.98828125,5,34.31,0.28,34.03,0.0,1922,0.96875,LOST
13,4,256,0.9921875,6,33.41,0.09,33.24,0.08,1889,0.96875,RETURNED
14,371.21,0.26
14,0,256,0.90625,0,97.06,0.15,96.62,0.28,1908,0.6171875,RETURNED
14,0,256,0.95703125,1,97.55,0.17,97.26,0.12,1907,0.9296875,RETURNED
14,0,256,0.984375,2,97.25,0.15,97.0,0.1,1909,0.95703125,RETURNED
14,0,256,1.0,3,5.98,0.11,5.87,0.0,119,0.99609375,LOST
14,1,256,0.90234375,0,95.13,0.19,94.82,0.12,1908,0.625,RETURNED
14,1,256,0.9375,1,95.59,0.15,95.28,0.16,1907,0.890625,RETURNED
14,1,256,0.9765625,2,95.54,0.23,95.14,0.18,1909,0.93359375,RETURNED
14,1,256,0.984375,3,67.28,0.17,67.11,0.0,1914,0.96875,LOST
14,2,256,0.890625,0,96.55,0.43,95.99,0.12,1908,0.62109375,RETURNED
14,2,256,0.95703125,1,95.87,0.19,95.54,0.15,1907,0.8828125,RETURNED
14,2,256,0.96875,2,95.73,0.15,95.45,0.13,1909,0.96484375,RETURNED
14,2,256,1.0,3,59.62,0.19,59.43,0.0,1705,0.99609375,LOST
14,3,256,0.91015625,0,33.1,0.22,32.78,0.1,1908,0.62109375,RETURNED
14,3,256,0.94140625,1,33.1,0.18,32.75,0.18,1907,0.85546875,RETURNED
14,3,256,0.96484375,2,32.83,0.11,32.62,0.1,1909,0.90234375,RETURNED
14,3,256,0.9375,3,33.01,0.24,32.77,0.0,1914,0.90234375,LOST
14,3,256,0.9609375,4,32.67,0.1,32.49,0.09,1896,0.90234375,RETURNED
14,3,256,0.98046875,5,33.39,0.19,33.2,0.0,1922,0.95703125,LOST
14,3,256,0.98046875,6,32.77,0.17,32.52,0.07,1889,0.96484375,RETURNED
14,3,256,0.98828125,7,33.48,0.22,33.15,0.1,1882,0.97265625,RETURNED
14,3,256,0.984375,8,33.14,0.31,32.83,0.0,1905,0.98828125,LOST
14,4,256,0.89453125,0,32.07,0.09,31.86,0.11,1908,0.62109375,RETURNED
14,4,256,0.8984375,1,32.13,0.23,31.77,0.12,1907,0.640625,RETURNED
14,4,256,0.90234375,2,31.95,0.1,31.77,0.08,1909,0.62890625,RETURNED
14,4,256,0.95703125,3,32.11,0.24,31.87,0.0,1914,0.90234375,LOST
14,4,256,0.96484375,4,31.76,0.11,31.52,0.13,1896,0.921875,RETURNED
14,4,256,0.9765625,5,32.2,0.17,32.03,0.0,1922,0.94140625,LOST
14,4,256,0.97265625,6,31.99,0.4,31.5,0.09,1889,0.9296875,RETURNED
14,4,256,0.984375,7,32.16,0.1,31.78,0.28,1882,0.96484375,RETURNED
14,4,256,0.98046875,8,31.94,0.14,31.79,0.0,1905,0.9765625,LOST
14,4,256,0.9921875,9,32.29,0.1,32.08,0.11,1928,0.984375,RETURNED
15,283.46,0.77
15,0,256,0.8984375,0,33.5,0.19,33.23,0.08,1908,0.6328125,RETURNED
15,0,256,0.93359375,1,33.4,0.16,33.15,0.08,1907,0.796875,RETURNED
15,0,256,0.9609375,2,33.41,0.16,33.16,0.09,1909,0.890625,RETURNED
15,0,256,0.98046875,3,33.6,0.12,33.48,0.0,1914,0.9453125,LOST
15,0,256,0.96484375,4,33.12,0.15,32.87,0.09,1896,0.94140625,RETURNED
15,0,256,0.98828125,5,33.5,0.12,33.38,0.0,1922,0.9765625,LOST
15,0,256,0.9921875,6,33.11,0.15,32.83,0.12,1889,0.98046875,RETURNED
15,0,256,1.0,7,25.88,0.16,25.72,0.0,1486,0.99609375,LOST
15,1,256,0.9140625,0,33.2,0.1,33.03,0.07,1908,0.6171875,RETURNED
15,1,256,0.94140625,1,33.25,0.13,33.0,0.12,1907,0.90234375,RETURNED
15,1,256,0.96484375,2,33.32,0.17,33.04,0.11,1909,0.9375,RETURNED
15,1,256,0.9765625,3,33.19,0.12,33.07,0.0,1914,0.953125,LOST
15,1,256,0.9921875,4,33.06,0.24,32.67,0.15,1896,0.97265625,RETURNED
15,1,256,0.98828125,5,33.38,0.16,33.23,0.0,1922,0.9921875,LOST
15,1,256,0.97265625,6,32.95,0.16,32.6,0.18,1889,0.94921875,RETURNED
15,1,256,1.0,7,25.87,0.35,25.53,0.0,1486,0.99609375,LOST
15,2,256,0.8984375,0,31.93,0.12,31.67,0.14,1908,0.6328125,RETURNED
15,2,256,0.9453125,1,32.17,0.15,31.86,0.16,1907,0.91015625,RETURNED
15,2,256,0.94921875,2,31.98,0.11,31.76,0.12,1909,0.89453125,RETURNED
15,2,256,0.9296875,3,32.16,0.21,31.95,0.0,1914,0.859375,LOST
15,2,256,0.97265625,4,31.71,0.11,31.54,0.06,1896,0.94921875,RETURNED
15,2,256,0.9921875,5,32.3,0.22,32.08,0.0,1922,0.98046875,LOST
15,2,256,0.984375,6,31.71,0.11,31.5,0.11,1889,0.9609375,RETURNED
15,2,256,0.96875,7,31.6,0.1,31.43,0.07,1882,0.95703125,RETURNED
15,3,256,0.91796875,0,31.79,0.11,31.6,0.09,1908,0.62109375,RETURNED
15,3,256,0.93359375,1,31.8,0.16,31.57,0.07,1907,0.6328125,RETURNED
15,3,256,0.94921875,2,31.66,0.1,31.46,0.1,1909,0.8984375,RETURNED
15,3,256,0.96875,3,31.98,0.2,31.78,0.0,1914,0.94921875,LOST
15,3,256,0.98828125,4,31.57,0.12,31.36,0.08,1896,0.96484375,RETURNED
15,3,256,0.98046875,5,31.99,0.15,31.84,0.0,1922,0.96484375,LOST
15,3,256,0.99609375,6,31.86,0.48,31.26,0.11,1889,0.9921875,RETURNED
15,3,256,1.0,7,24.84,0.17,24.67,0.0,1486,0.99609375,LOST
15,4,256,0.89453125,0,32.68,0.11,32.5,0.07,1908,0.609375,RETURNED
15,4,256,0.9375,1,32.53,0.17,32.26,0.1,1907,0.8671875,RETURNED
15,4,256,0.98046875,2,32.52,0.24,32.2,0.08,1909,0.9296875,RETURNED
15,4,256,0.953125,3,32.55,0.13,32.42,0.0,1914,0.93359375,LOST
15,4,256,0.984375,4,32.41,0.1,32.19,0.13,1896,0.96484375,RETURNED
15,4,256,0.98828125,5,32.76,0.1,32.66,0.0,1922,0.9765625,LOST
15,4,256,0.99609375,6,32.32,0.1,32.1,0.12,1889,0.9921875,RETURNED
15,4,256,0.984375,7,32.31,0.16,32.08,0.07,1882,0.98046875,RETURNED
16,216.39,0.30
16,0,256,0.91015625,0,33.69,0.11,33.45,0.13,1908,0.6171875,RETURNED
16,0,256,0.95703125,1,33.52,0.18,33.22,0.12,1907,0.93359375,RETURNED
16,0,256,0.9765625,2,33.73,0.12,33.42,0.19,1909,0.96484375,RETURNED
16,0,256,0.984375,3,33.74,0.11,33.64,0.0,1914,0.97265625,LOST
16,0,256,0.96875,4,33.27,0.11,33.07,0.09,1896,0.9453125,RETURNED
16,0,256,1.0,5,0.61,0.1,0.5,0.0,29,1.0,LOST
16,1,256,0.875,0,32.13,0.17,31.69,0.27,1908,0.6484375,RETURNED
16,1,256,0.921875,1,31.86,0.13,31.57,0.16,1907,0.62890625,RETURNED
16,1,256,0.984375,2,31.83,0.1,31.59,0.14,1909,0.93359375,RETURNED
16,1,256,0.98046875,3,31.99,0.21,31.78,0.0,1914,0.9609375,LOST
16,1,256,0.98046875,4,31.96,0.21,31.51,0.23,1896,0.94921875,RETURNED
16,1,256,0.96875,5,32.3,0.32,31.98,0.0,1922,0.94140625,LOST
16,2,256,0.9140625,0,32.23,0.11,31.91,0.22,1908,0.62890625,RETURNED
16,2,256,0.94921875,1,31.98,0.09,31.8,0.08,1907,0.8359375,RETURNED
16,2,256,0.96484375,2,32.01,0.1,31.83,0.07,1909,0.93359375,RETURNED
16,2,256,0.9921875,3,32.14,0.15,31.99,0.0,1914,0.984375,LOST
16,2,256,0.984375,4,32.18,0.18,31.81,0.19,1896,0.9765625,RETURNED
16,2,256,0.96875,5,32.55,0.22,32.32,0.0,1922,0.9765625,LOST
16,3,256,0.93359375,0,33.33,0.15,32.82,0.35,1908,0.61328125,RETURNED
16,3,256,0.96484375,1,33.08,0.2,32.76,0.12,1907,0.93359375,RETURNED
16,3,256,0.98046875,2,33.17,0.27,32.79,0.11,1909,0.94921875,RETURNED
16,3,256,0.984375,3,33.22,0.16,33.06,0.0,1914,0.95703125,LOST
16,3,256,0.99609375,4,32.81,0.17,32.56,0.08,1896,0.984375,RETURNED
16,3,256,0.99609375,5,33.35,0.09,33.26,0.0,1922,0.99609375,LOST
16,4,256,0.93359375,0,32.71,0.24,32.33,0.14,1908,0.6171875,RETURNED
16,4,256,0.94140625,1,32.52,0.17,32.27,0.09,1907,0.86328125,RETURNED
16,4,256,0.9765625,2,32.69,0.16,32.42,0.11,1909,0.921875,RETURNED
16,4,256,0.98828125,3,32.75,0.13,32.63,0.0,1914,0.984375,LOST
16,4,256,0.99609375,4,32.35,0.11,32.12,0.12,1896,0.97265625,RETURNED
16,4,256,0.98828125,5,32.95,0.16,32.79,0.0,1922,0.984375,LOST
17,416.68,0.19
17,0,256,0.9140625,0,65.28,0.19,65.0,0.09,1908,0.64453125,RETURNED
17,0,256,0.91796875,1,65.34,0.19,65.02,0.13,1907,0.7421875,RETURNED
17,0,256,0.97265625,2,65.17,0.16,64.93,0.08,1909,0.94140625,RETURNED
17,0,256,0.97265625,3,65.22,0.21,65.0,0.0,1914,0.953125,LOST
17,0,256,0.98828125,4,65.24,0.19,64.91,0.14,1896,0.9765625,RETURNED
17,0,256,1.0,5,57.5,0.17,57.2,0.13,1681,0.99609375,RETURNED
17,1,256,0.91015625,0,66.5,0.21,66.19,0.09,1908,0.625,RETURNED
17,1,256,0.94921875,1,66.18,0.11,65.93,0.13,1907,0.92578125,RETURNED
17,1,256,0.96484375,2,66.37,0.16,66.06,0.15,1909,0.9453125,RETURNED
17,1,256,0.98828125,3,66.34,0.12,66.22,0.0,1914,0.94921875,LOST
17,1,256,0.98828125,4,66.48,0.18,66.18,0.12,1896,0.984375,RETURNED
17,1,256,0.984375,5,58.46,0.29,58.17,0.0,1922,0.98828125,LOST
17,2,256,0.92578125,0,33.6,0.36,33.13,0.11,1908,0.6328125,RETURNED
17,2,256,0.9453125,1,33.01,0.16,32.7,0.15,1907,0.91015625,RETURNED
17,2,256,0.95703125,2,32.91,0.16,32.54,0.2,1909,0.91015625,RETURNED
17,2,256,0.953125,3,32.56,0.1,32.46,0.0,1914,0.9140625,LOST
17,2,256,0.9609375,4,32.79,0.25,32.42,0.12,1896,0.9453125,RETURNED
17,2,256,0.98046875,5,33.26,0.1,33.16,0.0,1922,0.95703125,LOST
17,2,256,0.984375,6,32.88,0.12,32.64,0.12,1889,0.9609375,RETURNED
17,2,256,0.99609375,7,32.67,0.16,32.38,0.13,1882,0.98046875,RETURNED
17,2,256,0.98828125,8,33.19,0.09,33.1,0.0,1905,0.99609375,LOST
17,2,256,0.98828125,9,33.53,0.21,33.18,0.14,1928,0.98828125,RETURNED
17,2,256,0.9921875,10,33.28,0.11,33.17,0.0,1910,0.99609375,LOST
17,2,256,0.99609375,11,33.27,0.17,32.99,0.11,1909,0.99609375,RETURNED
17,3,256,0.89453125,0,32.06,0.19,31.71,0.17,1908,0.60546875,RETURNED
17,3,256,0.91015625,1,32.14,0.23,31.77,0.14,1907,0.6328125,RETURNED
17,3,256,0.9375,2,32.08,0.23,31.76,0.09,1909,0.8046875,RETURNED
17,3,256,0.9609375,3,32.0,0.2,31.8,0.0,1914,0.90234375,LOST
17,3,256,0.95703125,4,31.85,0.21,31.56,0.07,1896,0.95703125,RETURNED
17,3,256,0.9765625,5,32.13,0.18,31.95,0.0,1922,0.9375,LOST
17,3,256,0.9765625,6,32.04,0.2,31.73,0.11,1889,0.95703125,RETURNED
17,3,256,0.98828125,7,31.89,0.15,31.61,0.12,1882,0.9765625,RETURNED
17,3,256,0.98828125,8,32.15,0.18,31.97,0.0,1905,0.98828125,LOST
17,3,256,0.9921875,9,32.35,0.15,32.13,0.07,1928,0.98046875,RETURNED
17,3,256,0.9921875,10,32.04,0.09,31.95,0.0,1910,0.9921875,LOST
17,3,256,0.99609375,11,32.03,0.11,31.8,0.12,1909,0.99609375,RETURNED
17,4,256,0.91796875,0,32.88,0.26,32.5,0.12,1908,0.61328125,RETURNED
17,4,256,0.95703125,1,32.56,0.19,32.27,0.1,1907,0.87890625,RETURNED
17,4,256,0.9375,2,32.64,0.25,32.3,0.08,1909,0.8203125,RETURNED
17,4,256,0.9296875,3,32.61,0.24,32.37,0.0,1914,0.8671875,LOST
17,4,256,0.95703125,4,32.49,0.2,32.18,0.11,1896,0.93359375,RETURNED
17,4,256,0.97265625,5,32.77,0.15,32.62,0.0,1922,0.953125,LOST
17,4,256,0.98046875,6,32.67,0.18,32.36,0.12,1889,0.9765625,RETURNED
17,4,256,0.98828125,7,32.18,0.11,31.96,0.11,1882,0.9765625,RETURNED
17,4,256,0.98046875,8,32.75,0.25,32.49,0.0,1905,0.98828125,LOST
17,4,256,0.984375,9,33.06,0.15,32.81,0.1,1928,0.98828125,RETURNED
17,4,256,0.98828125,10,32.72,0.14,32.58,0.0,1910,0.984375,LOST
17,4,256,0.9921875,11,32.8,0.2,32.52,0.08,1909,0.98828125,RETURNED
18,282.18,0.32
18,0,256,0.9140625,0,66.29,0.16,66.05,0.08,1908,0.6171875,RETURNED
18,0,256,0.94921875,1,66.35,0.11,66.1,0.14,1907,0.88671875,RETURNED
18,0,256,0.95703125,2,65.38,0.17,65.14,0.08,1909,0.8828125,RETURNED
18,0,256,0.984375,3,65.47,0.17,65.29,0.0,1914,0.97265625,LOST
18,1,256,0.8984375,0,66.63,0.12,66.33,0.18,1908,0.62890625,RETURNED
18,1,256,0.953125,1,66.4,0.16,66.15,0.09,1907,0.89453125,RETURNED
18,1,256,0.96484375,2,66.63,0.27,66.26,0.1,1909,0.90625,RETURNED
18,1,256,0.97265625,3,65.28,0.1,65.18,0.0,1914,0.9453125,LOST
18,2,256,0.89453125,0,32.94,0.11,32.67,0.16,1908,0.625,RETURNED
18,2,256,0.890625,1,32.87,0.11,32.63,0.13,1907,0.6171875,RETURNED
18,2,256,0.92578125,2,33.37,0.33,32.9,0.13,1909,0.78515625,RETURNED
18,2,256,0.98046875,3,32.7,0.09,32.62,0.0,1914,0.96484375,LOST
18,2,256,0.97265625,4,32.67,0.17,32.38,0.13,1896,0.93359375,RETURNED
18,2,256,0.9609375,5,32.8,0.1,32.7,0.0,1922,0.94921875,LOST
18,2,256,0.99609375,6,32.8,0.09,32.53,0.17,1889,0.9609375,RETURNED
18,3,256,0.9140625,0,34.63,0.17,34.39,0.08,1908,0.625,RETURNED
18,3,256,0.9453125,1,34.82,0.16,34.56,0.11,1907,0.84375,RETURNED
18,3,256,0.97265625,2,35.19,0.21,34.63,0.35,1909,0.9453125,RETURNED
18,3,256,0.96875,3,34.84,0.16,34.68,0.0,1914,0.9609375,LOST
18,3,256,0.96484375,4,34.8,0.16,34.53,0.12,1896,0.9375,RETURNED
18,3,256,0.98046875,5,34.91,0.14,34.77,0.0,1922,0.96484375,LOST
18,3,256,0.9921875,6,34.6,0.1,34.36,0.14,1889,0.97265625,RETURNED
18,4,256,0.90234375,0,32.55,0.1,32.37,0.08,1908,0.625,RETURNED
18,4,256,0.9140625,1,32.76,0.29,32.41,0.07,1907,0.6171875,RETURNED
18,4,256,0.96484375,2,32.95,0.08,32.62,0.25,1909,0.8984375,RETURNED
18,4,256,0.9453125,3,32.82,0.17,32.65,0.0,1914,0.890625,LOST
18,4,256,0.96875,4,32.75,0.19,32.43,0.13,1896,0.953125,RETURNED
18,4,256,0.953125,5,32.81,0.18,32.62,0.0,1922,0.97265625,LOST
18,4,256,1.0,6,23.77,0.16,23.49,0.13,1377,0.97265625,RETURNED
19,282.32,0.27
19,0,256,0.890625,0,32.29,0.12,32.06,0.11,1908,0.62890625,RETURNED
19,0,256,0.953125,1,32.56,0.16,32.33,0.06,1907,0.85546875,RETURNED
19,0,256,0.97265625,2,33.56,0.15,33.29,0.12,1909,0.9453125,RETURNED
19,0,256,0.97265625,3,34.45,0.19,34.26,0.0,1914,0.9375,LOST
19,0,256,0.984375,4,32.52,0.28,32.14,0.1,1896,0.96484375,RETURNED
19,0,256,0.98046875,5,32.47,0.16,32.32,0.0,1922,0.96484375,LOST
19,0,256,0.984375,6,31.95,0.21,31.62,0.12,1889,0.96484375,RETURNED
19,1,256,0.9453125,0,65.31,0.15,65.03,0.12,1908,0.61328125,RETURNED
19,1,256,0.9453125,1,68.2,0.15,67.94,0.11,1907,0.92578125,RETURNED
19,1,256,0.9765625,2,65.24,0.12,65.03,0.1,1909,0.953125,RETURNED
19,1,256,0.98828125,3,64.79,0.11,64.69,0.0,1914,0.96875,LOST
19,2,256,0.88671875,0,65.9,0.34,65.44,0.12,1908,0.65625,RETURNED
19,2,256,0.953125,1,68.09,0.12,67.79,0.19,1907,0.85546875,RETURNED
19,2,256,0.9765625,2,65.94,0.11,65.74,0.09,1909,0.953125,RETURNED
19,2,256,0.984375,3,64.71,0.18,64.53,0.0,1914,0.96875,LOST
19,3,256,0.91796875,0,32.58,0.1,32.39,0.1,1908,0.62890625,RETURNED
19,3,256,0.97265625,1,32.67,0.13,32.37,0.17,1907,0.9140625,RETURNED
19,3,256,0.96875,2,32.74,0.16,32.48,0.11,1909,0.93359375,RETURNED
19,3,256,0.9765625,3,32.8,0.17,32.63,0.0,1914,0.95703125,LOST
19,3,256,0.98828125,4,32.35,0.15,32.09,0.11,1896,0.9609375,RETURNED
19,3,256,0.9609375,5,32.84,0.19,32.65,0.0,1922,0.9609375,LOST
19,3,256,0.98046875,6,32.41,0.15,32.15,0.11,1889,0.96484375,RETURNED
19,4,256,0.92578125,0,32.27,0.16,31.88,0.23,1908,0.6328125,RETURNED
19,4,256,0.92578125,1,32.06,0.13,31.85,0.09,1907,0.84375,RETURNED
19,4,256,0.953125,2,32.09,0.12,31.85,0.12,1909,0.8984375,RETURNED
19,4,256,0.9765625,3,32.18,0.2,31.98,0.0,1914,0.953125,LOST
19,4,256,0.94921875,4,31.7,0.09,31.46,0.15,1896,0.9453125,RETURNED
19,4,256,0.97265625,5,33.41,0.16,33.25,0.0,1922,0.953125,LOST
19,4,256,1.0,6,26.57,0.18,26.39,0.0,1525,0.98828125,LOST
20,287.70,0.21
20,0,256,0.9140625,0,65.99,0.14,65.73,0.12,1908,0.625,RETURNED
20,0,256,0.95703125,1,65.87,0.16,65.62,0.08,1907,0.9453125,RETURNED
20,0,256,0.96875,2,66.27,0.15,66.02,0.11,1909,0.9375,RETURNED
20,0,256,0.96875,3,64.43,0.13,64.3,0.0,1914,0.953125,LOST
20,1,256,0.9140625,0,64.87,0.17,64.62,0.09,1908,0.61328125,RETURNED
20,1,256,0.9375,1,64.55,0.16,64.31,0.09,1907,0.8671875,RETURNED
20,1,256,0.95703125,2,65.47,0.17,65.14,0.16,1909,0.9375,RETURNED
20,1,256,0.98828125,3,65.22,0.11,65.11,0.0,1914,0.96484375,LOST
20,2,256,0.9140625,0,32.88,0.17,32.63,0.08,1908,0.62890625,RETURNED
20,2,256,0.89453125,1,32.65,0.13,32.39,0.13,1907,0.61328125,RETURNED
20,2,256,0.9375,2,32.84,0.12,32.65,0.08,1909,0.8984375,RETURNED
20,2,256,0.97265625,3,32.74,0.1,32.64,0.0,1914,0.93359375,LOST
20,2,256,0.96875,4,32.96,0.11,32.66,0.19,1896,0.93359375,RETURNED
20,2,256,0.9765625,5,32.93,0.16,32.77,0.0,1922,0.95703125,LOST
20,2,256,0.9921875,6,32.66,0.28,32.25,0.13,1889,0.97265625,RETURNED
20,2,256,0.984375,7,32.61,0.16,32.37,0.08,1882,0.953125,RETURNED
20,3,256,0.91015625,0,32.17,0.17,31.9,0.1,1908,0.6171875,RETURNED
20,3,256,0.90625,1,32.0,0.13,31.77,0.1,1907,0.64453125,RETURNED
20,3,256,0.94921875,2,32.15,0.14,31.87,0.14,1909,0.78125,RETURNED
20,3,256,0.94140625,3,31.93,0.1,31.83,0.0,1914,0.89453125,LOST
20,3,256,0.96875,4,34.85,0.17,34.56,0.12,1896,0.9375,RETURNED
20,3,256,0.9453125,5,36.38,0.16,36.23,0.0,1922,0.93359375,LOST
20,3,256,0.9921875,6,36.36,0.49,35.71,0.16,1889,0.9765625,RETURNED
20,3,256,1.0,7,2.55,0.1,2.31,0.13,133,0.99609375,RETURNED
20,4,256,0.8828125,0,32.74,0.12,32.42,0.21,1908,0.61328125,RETURNED
20,4,256,0.9453125,1,32.6,0.16,32.36,0.09,1907,0.86328125,RETURNED
20,4,256,0.9765625,2,32.61,0.1,32.37,0.14,1909,0.921875,RETURNED
20,4,256,0.96875,3,32.66,0.21,32.45,0.0,1914,0.9375,LOST
20,4,256,0.97265625,4,32.69,0.1,32.49,0.11,1896,0.9765625,RETURNED
20,4,256,0.984375,5,32.98,0.11,32.87,0.0,1922,0.9609375,LOST
20,4,256,0.98828125,6,38.37,0.15,38.06,0.16,1889,0.95703125,RETURNED
20,4,256,0.98828125,7,35.56,0.17,35.31,0.09,1882,0.984375,RETURNED
21,410.78,0.39
21,0,256,0.9140625,0,32.26,0.18,31.95,0.13,1908,0.64453125,RETURNED
21,0,256,0.90625,1,32.04,0.19,31.78,0.07,1907,0.6328125,RETURNED
21,0,256,0.953125,2,32.46,0.18,32.04,0.23,1909,0.90625,RETURNED
21,0,256,0.95703125,3,32.13,0.18,31.95,0.0,1914,0.94921875,LOST
21,0,256,0.95703125,4,32.21,0.16,31.92,0.12,1896,0.9140625,RETURNED
21,0,256,0.98828125,5,32.43,0.44,31.99,0.0,1922,0.97265625,LOST
21,0,256,0.984375,6,32.01,0.16,31.73,0.12,1889,0.95703125,RETURNED
21,0,256,0.9921875,7,31.77,0.09,31.57,0.11,1882,0.9765625,RETURNED
21,0,256,0.98828125,8,32.11,0.11,32.0,0.0,1905,0.9921875,LOST
21,0,256,0.99609375,9,32.28,0.17,32.0,0.11,1928,0.98828125,RETURNED
21,0,256,0.9921875,10,32.06,0.15,31.91,0.0,1910,0.9921875,LOST
21,0,256,0.9921875,11,32.11,0.09,31.93,0.08,1909,0.98828125,RETURNED
21,1,256,0.90625,0,65.93,0.16,65.53,0.24,1908,0.609375,RETURNED
21,1,256,0.9609375,1,65.6,0.18,65.33,0.09,1907,0.875,RETURNED
21,1,256,0.9609375,2,65.32,0.2,65.0,0.12,1909,0.921875,RETURNED
21,1,256,0.96875,3,65.53,0.11,65.43,0.0,1914,0.96484375,LOST
21,1,256,0.98828125,4,65.18,0.19,64.89,0.1,1896,0.98828125,RETURNED
21,1,256,0.98828125,5,65.41,0.29,65.12,0.0,1922,0.98828125,LOST
21,2,256,0.8984375,0,65.62,0.17,65.36,0.09,1908,0.60546875,RETURNED
21,2,256,0.95703125,1,65.1,0.15,64.85,0.1,1907,0.8984375,RETURNED
21,2,256,0.94921875,2,65.65,0.16,65.35,0.14,1909,0.93359375,RETURNED
21,2,256,0.96875,3,65.33,0.16,65.17,0.0,1914,0.95703125,LOST
21,2,256,0.99609375,4,65.3,0.17,65.02,0.11,1896,0.9921875,RETURNED
21,2,256,0.9921875,5,65.63,0.15,65.48,0.0,1922,0.99609375,LOST
21,3,256,0.921875,0,31.93,0.1,31.74,0.08,1908,0.640625,RETURNED
21,3,256,0.92578125,1,31.87,0.13,31.56,0.17,1907,0.6953125,RETURNED
21,3,256,0.95703125,2,32.03,0.16,31.72,0.15,1909,0.90625,RETURNED
21,3,256,0.95703125,3,31.84,0.17,31.66,0.0,1914,0.88671875,LOST
21,3,256,0.97265625,4,31.85,0.16,31.57,0.13,1896,0.95703125,RETURNED
21,3,256,0.94921875,5,32.1,0.17,31.93,0.0,1922,0.953125,LOST
21,3,256,0.98046875,6,31.77,0.15,31.55,0.07,1889,0.95703125,RETURNED
21,3,256,0.98828125,7,31.55,0.27,31.19,0.09,1882,0.9609375,RETURNED
21,3,256,0.984375,8,31.83,0.15,31.68,0.0,1905,0.98046875,LOST
21,3,256,0.98046875,9,32.2,0.14,31.94,0.12,1928,0.98046875,RETURNED
21,3,256,0.98828125,10,31.96,0.17,31.8,0.0,1910,0.9921875,LOST
21,3,256,1.0,11,7.39,0.29,7.0,0.09,422,0.99609375,RETURNED
21,4,256,0.90234375,0,38.2,0.16,37.93,0.11,1908,0.6328125,RETURNED
21,4,256,0.93359375,1,37.18,0.22,36.88,0.08,1907,0.83203125,RETURNED
21,4,256,0.93359375,2,34.71,0.11,34.46,0.15,1909,0.87890625,RETURNED
21,4,256,0.9609375,3,32.31,0.16,32.15,0.0,1914,0.9296875,LOST
21,4,256,0.9765625,4,32.51,0.15,32.22,0.15,1896,0.95703125,RETURNED
21,4,256,0.97265625,5,32.74,0.16,32.59,0.0,1922,0.9609375,LOST
21,4,256,0.984375,6,31.97,0.17,31.69,0.11,1889,0.9609375,RETURNED
21,4,256,0.98828125,7,31.95,0.14,31.68,0.14,1882,0.97265625,RETURNED
21,4,256,0.98828125,8,32.2,0.27,31.93,0.0,1905,0.984375,LOST
21,4,256,0.98828125,9,32.76,0.16,32.49,0.11,1928,0.9921875,RETURNED
21,4,256,0.99609375,10,32.46,0.35,32.11,0.0,1910,0.9921875,LOST
22,295.24,0.27
22,0,256,0.8984375,0,32.82,0.11,32.61,0.1,1908,0.6328125,RETURNED
22,0,256,0.91015625,1,32.79,0.17,32.49,0.13,1907,0.61328125,RETURNED
22,0,256,0.953125,2,32.83,0.08,32.67,0.08,1909,0.9140625,RETURNED
22,0,256,0.953125,3,32.85,0.25,32.6,0.0,1914,0.890625,LOST
22,0,256,0.98046875,4,33.01,0.3,32.59,0.13,1896,0.96875,RETURNED
22,0,256,0.98828125,5,32.96,0.12,32.84,0.0,1922,0.95703125,LOST
22,0,256,0.98828125,6,32.81,0.23,32.45,0.12,1889,0.97265625,RETURNED
22,0,256,0.9921875,7,32.35,0.1,32.18,0.07,1882,0.98046875,RETURNED
22,1,256,0.89453125,0,33.09,0.25,32.73,0.11,1908,0.6171875,RETURNED
22,1,256,0.97265625,1,32.83,0.11,32.63,0.08,1907,0.8984375,RETURNED
22,1,256,0.9609375,2,32.89,0.13,32.66,0.1,1909,0.9453125,RETURNED
22,1,256,0.984375,3,32.73,0.11,32.62,0.0,1914,0.96875,LOST
22,1,256,0.984375,4,32.83,0.12,32.59,0.12,1896,0.96875,RETURNED
22,1,256,0.984375,5,33.06,0.12,32.94,0.0,1922,0.97265625,LOST
22,1,256,0.984375,6,32.9,0.18,32.59,0.13,1889,0.9765625,RETURNED
22,1,256,0.9921875,7,32.41,0.09,32.2,0.12,1882,0.9921875,RETURNED
22,2,256,0.92578125,0,34.33,0.13,34.05,0.14,1908,0.63671875,RETURNED
22,2,256,0.96484375,1,34.1,0.11,33.92,0.07,1907,0.87890625,RETURNED
22,2,256,0.9453125,2,34.47,0.2,34.06,0.21,1909,0.9375,RETURNED
22,2,256,0.96875,3,34.26,0.12,34.14,0.0,1914,0.9375,LOST
22,2,256,0.9765625,4,34.07,0.15,33.84,0.08,1896,0.96484375,RETURNED
22,2,256,0.97265625,5,34.5,0.32,34.18,0.0,1922,0.96875,LOST
22,2,256,0.984375,6,33.88,0.09,33.67,0.12,1889,0.9765625,RETURNED
22,2,256,0.9921875,7,33.65,0.09,33.5,0.06,1882,0.98828125,RETURNED
22,3,256,0.90625,0,32.42,0.1,32.22,0.1,1908,0.625,RETURNED
22,3,256,0.96875,1,32.15,0.1,31.99,0.07,1907,0.89453125,RETURNED
22,3,256,0.9453125,2,32.42,0.15,32.04,0.22,1909,0.87109375,RETURNED
22,3,256,0.953125,3,32.27,0.1,32.17,0.0,1914,0.9140625,LOST
22,3,256,0.98828125,4,32.78,0.17,32.52,0.08,1896,0.96875,RETURNED
22,3,256,0.9921875,5,32.96,0.16,32.79,0.0,1922,0.98828125,LOST
22,3,256,0.98828125,6,32.62,0.17,32.33,0.11,1889,0.9765625,RETURNED
22,3,256,1.0,7,15.06,0.29,14.64,0.13,857,0.984375,RETURNED
22,4,256,0.91796875,0,32.66,0.13,32.42,0.11,1908,0.6171875,RETURNED
22,4,256,0.9375,1,32.69,0.17,32.41,0.11,1907,0.8515625,RETURNED
22,4,256,0.96875,2,32.89,0.18,32.59,0.12,1909,0.953125,RETURNED
22,4,256,0.98046875,3,32.87,0.33,32.54,0.0,1914,0.9609375,LOST
22,4,256,0.97265625,4,32.59,0.1,32.36,0.13,1896,0.953125,RETURNED
22,4,256,0.99609375,5,32.82,0.12,32.7,0.0,1922,0.9765625,LOST
22,4,256,0.9921875,6,32.59,0.17,32.22,0.2,1889,0.984375,RETURNED
22,4,256,0.9921875,7,32.2,0.15,31.98,0.08,1882,0.98828125,RETURNED
23,404.60,0.26
23,0,256,0.8984375,0,59.96,0.12,59.71,0.13,1908,0.609375,RETURNED
23,0,256,0.94140625,1,60.45,0.28,60.06,0.11,1907,0.8828125,RETURNED
23,0,256,0.97265625,2,60.29,0.12,59.98,0.19,1909,0.91796875,RETURNED
23,0,256,0.9765625,3,60.53,0.17,60.36,0.0,1914,0.97265625,LOST
23,0,256,0.98828125,4,60.56,0.32,60.13,0.11,1896,0.98046875,RETURNED
23,0,256,0.9921875,5,60.92,0.11,60.8,0.0,1922,0.984375,LOST
23,1,256,0.8984375,0,65.34,0.16,65.04,0.14,1908,0.61328125,RETURNED
23,1,256,0.9453125,1,65.01,0.2,64.69,0.12,1907,0.93359375,RETURNED
23,1,256,0.95703125,2,64.86,0.16,64.53,0.18,1909,0.94140625,RETURNED
23,1,256,0.9765625,3,65.01,0.19,64.82,0.0,1914,0.95703125,LOST
23,1,256,0.9921875,4,64.52,0.16,64.28,0.08,1896,0.98046875,RETURNED
23,1,256,0.99609375,5,49.99,0.15,49.84,0.0,1922,0.99609375,LOST
23,2,256,0.90625,0,32.11,0.23,31.76,0.12,1908,0.640625,RETURNED
23,2,256,0.9453125,1,32.09,0.21,31.77,0.11,1907,0.68359375,RETURNED
23,2,256,0.9375,2,31.76,0.09,31.5,0.18,1909,0.8671875,RETURNED
23,2,256,0.984375,3,31.85,0.24,31.61,0.0,1914,0.9296875,LOST
23,2,256,0.984375,4,32.06,0.51,31.43,0.13,1896,0.96484375,RETURNED
23,2,256,0.98046875,5,31.98,0.25,31.72,0.0,1922,0.984375,LOST
23,2,256,0.9921875,6,31.87,0.15,31.6,0.11,1889,0.96484375,RETURNED
23,2,256,0.984375,7,31.38,0.12,31.06,0.19,1882,0.97265625,RETURNED
23,2,256,0.99609375,8,31.81,0.18,31.63,0.0,1905,0.9921875,LOST
23,2,256,0.98828125,9,32.01,0.21,31.72,0.08,1928,0.984375,RETURNED
23,2,256,0.9921875,10,33.29,0.18,33.11,0.0,1910,0.9921875,LOST
23,2,256,0.984375,11,32.89,0.09,32.7,0.11,1909,0.98828125,RETURNED
23,3,256,0.921875,0,32.61,0.14,32.3,0.17,1908,0.609375,RETURNED
23,3,256,0.96875,1,32.67,0.19,32.33,0.15,1907,0.88671875,RETURNED
23,3,256,0.94921875,2,32.35,0.09,32.19,0.07,1909,0.90234375,RETURNED
23,3,256,0.9765625,3,32.29,0.1,32.18,0.0,1914,0.9453125,LOST
23,3,256,0.96875,4,32.96,0.18,32.7,0.09,1896,0.9453125,RETURNED
23,3,256,0.98828125,5,32.7,0.17,32.53,0.0,1922,0.984375,LOST
23,3,256,0.98046875,6,32.45,0.17,32.2,0.08,1889,0.94140625,RETURNED
23,3,256,0.984375,7,32.27,0.16,31.96,0.16,1882,0.96875,RETURNED
23,3,256,0.98828125,8,32.49,0.15,32.33,0.0,1905,0.984375,LOST
23,3,256,0.99609375,9,32.85,0.16,32.62,0.07,1928,0.98828125,RETURNED
23,3,256,0.9921875,10,32.75,0.12,32.63,0.0,1910,0.9921875,LOST
23,4,256,0.90234375,0,32.82,0.15,32.53,0.14,1908,0.6171875,RETURNED
23,4,256,0.9453125,1,33.31,0.24,32.89,0.18,1907,0.859375,RETURNED
23,4,256,0.9609375,2,32.85,0.11,32.61,0.13,1909,0.90234375,RETURNED
23,4,256,0.984375,3,32.8,0.13,32.67,0.0,1914,0.96875,LOST
23,4,256,0.984375,4,33.08,0.1,32.89,0.09,1896,0.95703125,RETURNED
23,4,256,0.953125,5,32.86,0.14,32.72,0.0,1922,0.93359375,LOST
23,4,256,0.98828125,6,32.59,0.27,32.25,0.07,1889,0.98046875,RETURNED
23,4,256,0.99609375,7,32.36,0.22,32.02,0.11,1882,0.98828125,RETURNED
23,4,256,0.984375,8,32.63,0.11,32.52,0.0,1905,0.98046875,LOST
23,4,256,0.9765625,9,33.0,0.17,32.73,0.11,1928,0.99609375,RETURNED
23,4,256,1.0,10,25.73,0.16,25.57,0.0,1497,0.99609375,LOST
24,284.91,0.26
24,0,256,0.88671875,0,32.89,0.18,32.64,0.07,1908,0.61328125,RETURNED
24,0,256,0.953125,1,32.95,0.15,32.68,0.13,1907,0.921875,RETURNED
24,0,256,0.9609375,2,32.77,0.21,32.47,0.08,1909,0.92578125,RETURNED
24,0,256,0.98046875,3,32.76,0.16,32.6,0.0,1914,0.9765625,LOST
24,0,256,0.96875,4,32.67,0.17,32.39,0.11,1896,0.9609375,RETURNED
24,0,256,0.98046875,5,33.16,0.15,33.01,0.0,1922,0.984375,LOST
24,0,256,0.9921875,6,32.75,0.2,32.42,0.12,1889,0.9609375,RETURNED
24,0,256,0.984375,7,32.43,0.21,32.12,0.11,1882,0.9765625,RETURNED
24,1,256,0.9140625,0,32.06,0.3,31.65,0.11,1908,0.62109375,RETURNED
24,1,256,0.94921875,1,31.92,0.11,31.74,0.07,1907,0.85546875,RETURNED
24,1,256,0.953125,2,31.92,0.29,31.56,0.08,1909,0.82421875,RETURNED
24,1,256,0.98046875,3,31.94,0.18,31.77,0.0,1914,0.94921875,LOST
24,1,256,0.96875,4,31.65,0.12,31.37,0.16,1896,0.9609375,RETURNED
24,1,256,0.9765625,5,32.2,0.23,31.97,0.0,1922,0.95703125,LOST
24,1,256,0.99609375,6,31.5,0.13,31.22,0.15,1889,0.9921875,RETURNED
24,1,256,0.98828125,7,31.52,0.16,31.29,0.08,1882,0.9765625,RETURNED
24,2,256,0.87890625,0,34.11,0.1,33.93,0.08,1908,0.61328125,RETURNED
24,2,256,0.94140625,1,34.45,0.14,34.2,0.11,1907,0.8984375,RETURNED
24,2,256,0.95703125,2,34.32,0.23,34.02,0.08,1909,0.90234375,RETURNED
24,2,256,0.98046875,3,34.28,0.13,34.14,0.0,1914,0.9453125,LOST
24,2,256,0.98828125,4,34.1,0.12,33.9,0.09,1896,0.97265625,RETURNED
24,2,256,0.98046875,5,34.29,0.09,34.2,0.0,1922,0.96875,LOST
24,2,256,0.9921875,6,34.06,0.16,33.77,0.14,1889,0.98828125,RETURNED
24,2,256,1.0,7,1.01,0.22,0.79,0.0,44,0.99609375,LOST
24,3,256,0.92578125,0,32.13,0.13,31.93,0.07,1908,0.62890625,RETURNED
24,3,256,0.9375,1,32.38,0.17,32.1,0.11,1907,0.69921875,RETURNED
24,3,256,0.9765625,2,32.16,0.16,31.88,0.12,1909,0.94140625,RETURNED
24,3,256,0.9765625,3,32.26,0.19,32.07,0.0,1914,0.9375,LOST
24,3,256,0.9921875,4,31.97,0.1,31.76,0.12,1896,0.9765625,RETURNED
24,3,256,0.9765625,5,32.37,0.15,32.22,0.0,1922,0.9609375,LOST
24,3,256,0.984375,6,31.74,0.12,31.5,0.12,1889,0.9765625,RETURNED
24,3,256,0.99609375,7,31.73,0.12,31.51,0.11,1882,0.99609375,RETURNED
24,4,256,0.92578125,0,31.98,0.19,31.7,0.09,1908,0.62890625,RETURNED
24,4,256,0.93359375,1,31.95,0.16,31.68,0.11,1907,0.86328125,RETURNED
24,4,256,0.97265625,2,32.09,0.13,31.75,0.21,1909,0.91015625,RETURNED
24,4,256,0.97265625,3,32.02,0.15,31.87,0.0,1914,0.94140625,LOST
24,4,256,0.984375,4,31.86,0.15,31.55,0.16,1896,0.9765625,RETURNED
24,4,256,0.9765625,5,32.16,0.18,31.99,0.0,1922,0.9765625,LOST
24,4,256,0.99609375,6,31.71,0.12,31.42,0.18,1889,0.984375,RETURNED
24,4,256,0.98828125,7,31.58,0.21,31.28,0.09,1882,0.9921875,RETURNED
25,251.48,0.28
25,0,256,0.87890625,0,34.61,0.1,34.41,0.11,1908,0.6171875,RETURNED
25,0,256,0.94921875,1,34.79,0.16,34.55,0.09,1907,0.85546875,RETURNED
25,0,256,0.9765625,2,34.74,0.11,34.5,0.14,1909,0.92578125,RETURNED
25,0,256,0.98046875,3,34.75,0.11,34.64,0.0,1914,0.97265625,LOST
25,0,256,0.9765625,4,34.62,0.16,34.3,0.16,1896,0.9609375,RETURNED
25,0,256,1.0,5,32.32,0.17,32.15,0.0,1789,0.9609375,LOST
25,1,256,0.90625,0,32.03,0.16,31.77,0.09,1908,0.625,RETURNED
25,1,256,0.9609375,1,31.87,0.2,31.57,0.11,1907,0.9140625,RETURNED
25,1,256,0.91796875,2,32.02,0.16,31.78,0.08,1909,0.88671875,RETURNED
25,1,256,0.9375,3,32.05,0.21,31.84,0.0,1914,0.890625,LOST
25,1,256,0.9921875,4,31.96,0.21,31.51,0.24,1896,0.9765625,RETURNED
25,1,256,0.9921875,5,32.0,0.11,31.89,0.0,1922,0.98828125,LOST
25,1,256,1.0,6,22.16,0.12,21.96,0.08,1322,0.98828125,RETURNED
25,2,256,0.9140625,0,32.2,0.1,32.03,0.08,1908,0.6171875,RETURNED
25,2,256,0.95703125,1,32.19,0.17,31.93,0.09,1907,0.8515625,RETURNED
25,2,256,0.96875,2,32.4,0.2,32.09,0.11,1909,0.9296875,RETURNED
25,2,256,0.9765625,3,32.18,0.11,32.07,0.0,1914,0.9609375,LOST
25,2,256,0.98828125,4,32.11,0.16,31.87,0.09,1896,0.9765625,RETURNED
25,2,256,0.9921875,5,32.34,0.16,32.18,0.0,1922,0.9921875,LOST
25,2,256,0.99609375,6,31.92,0.14,31.71,0.08,1889,0.9765625,RETURNED
25,3,256,0.890625,0,33.31,0.1,33.14,0.08,1908,0.64453125,RETURNED
25,3,256,0.953125,1,33.44,0.23,33.1,0.11,1907,0.8828125,RETURNED
25,3,256,0.96484375,2,33.5,0.09,33.33,0.07,1909,0.953125,RETURNED
25,3,256,0.9765625,3,33.48,0.16,33.33,0.0,1914,0.96484375,LOST
25,3,256,0.98828125,4,33.35,0.26,33.0,0.09,1896,0.96875,RETURNED
25,3,256,0.98828125,5,33.6,0.12,33.49,0.0,1922,0.98828125,LOST
25,3,256,0.9921875,6,32.98,0.14,32.76,0.08,1889,0.984375,RETURNED
25,4,256,0.90625,0,32.21,0.16,31.98,0.07,1908,0.6171875,RETURNED
25,4,256,0.93359375,1,32.3,0.16,31.97,0.17,1907,0.84765625,RETURNED
25,4,256,0.9765625,2,32.55,0.36,32.11,0.08,1909,0.9296875,RETURNED
25,4,256,0.98046875,3,32.29,0.17,32.12,0.0,1914,0.96875,LOST
25,4,256,0.97265625,4,32.21,0.2,31.85,0.16,1896,0.94921875,RETURNED
25,4,256,0.98828125,5,32.34,0.19,32.15,0.0,1922,0.98828125,LOST
25,4,256,1.0,6,13.83,0.22,13.54,0.07,810,0.98828125,RETURNED
26,152.73,0.21
26,0,256,0.890625,0,33.6,0.12,33.39,0.09,1908,0.625,RETURNED
26,0,256,0.95703125,1,33.77,0.15,33.54,0.07,1907,0.90625,RETURNED
26,0,256,0.98828125,2,33.74,0.18,33.43,0.13,1909,0.95703125,RETURNED
26,0,256,0.9765625,3,33.79,0.27,33.51,0.0,1914,0.95703125,LOST
26,1,256,0.9375,0,32.01,0.1,31.79,0.13,1908,0.625,RETURNED
26,1,256,0.96484375,1,32.08,0.15,31.81,0.11,1907,0.90625,RETURNED
26,1,256,0.953125,2,32.17,0.26,31.81,0.1,1909,0.87109375,RETURNED
26,1,256,1.0,3,11.64,0.12,11.52,0.0,694,0.9921875,LOST
26,2,256,0.91015625,0,31.93,0.19,31.63,0.12,1908,0.6171875,RETURNED
26,2,256,0.90234375,1,32.11,0.16,31.81,0.13,1907,0.625,RETURNED
26,2,256,0.9921875,2,32.19,0.16,31.92,0.11,1909,0.953125,RETURNED
26,2,256,0.984375,3,32.17,0.15,32.02,0.0,1914,0.9453125,LOST
26,3,256,0.91015625,0,33.63,0.15,33.37,0.11,1908,0.625,RETURNED
26,3,256,0.96484375,1,33.67,0.16,33.39,0.12,1907,0.8828125,RETURNED
26,3,256,0.98046875,2,32.5,0.16,32.25,0.09,1909,0.94140625,RETURNED
26,3,256,0.9921875,3,32.55,0.11,32.45,0.0,1914,0.97265625,LOST
26,4,256,0.91015625,0,32.78,0.1,32.51,0.17,1908,0.625,RETURNED
26,4,256,0.9453125,1,33.0,0.15,32.73,0.11,1907,0.890625,RETURNED
26,4,256,0.9609375,2,32.89,0.16,32.62,0.12,1909,0.90625,RETURNED
26,4,256,1.0,3,12.14,0.28,11.87,0.0,694,0.9921875,LOST
27,248.84,0.27
27,0,256,0.921875,0,32.19,0.13,31.97,0.08,1908,0.62890625,RETURNED
27,0,256,0.9453125,1,32.32,0.23,31.88,0.21,1907,0.859375,RETURNED
27,0,256,0.96484375,2,32.49,0.26,32.03,0.2,1909,0.92578125,RETURNED
27,0,256,0.9765625,3,32.03,0.1,31.93,0.0,1914,0.93359375,LOST
27,0,256,0.98046875,4,32.13,0.16,31.86,0.11,1896,0.96875,RETURNED
27,0,256,0.98046875,5,32.23,0.16,32.07,0.0,1922,0.96875,LOST
27,0,256,0.9921875,6,31.89,0.19,31.59,0.11,1889,0.9765625,RETURNED
27,1,256,0.89453125,0,33.03,0.13,32.8,0.11,1908,0.62890625,RETURNED
27,1,256,0.94921875,1,33.09,0.11,32.87,0.11,1907,0.89453125,RETURNED
27,1,256,0.9765625,2,33.01,0.12,32.77,0.12,1909,0.92578125,RETURNED
27,1,256,0.98046875,3,33.14,0.18,32.96,0.0,1914,0.95703125,LOST
27,1,256,0.98046875,4,32.94,0.12,32.74,0.07,1896,0.96484375,RETURNED
27,1,256,0.97265625,5,33.14,0.11,33.02,0.0,1922,0.953125,LOST
27,1,256,0.9921875,6,32.72,0.19,32.42,0.11,1889,0.96484375,RETURNED
27,2,256,0.89453125,0,32.31,0.23,31.98,0.09,1908,0.6328125,RETURNED
27,2,256,0.9140625,1,31.99,0.1,31.81,0.08,1907,0.625,RETURNED
27,2,256,0.9609375,2,32.36,0.16,32.02,0.18,1909,0.8828125,RETURNED
27,2,256,0.953125,3,32.05,0.12,31.93,0.0,1914,0.921875,LOST
27,2,256,0.96484375,4,32.17,0.16,31.91,0.1,1896,0.9453125,RETURNED
27,2,256,0.9609375,5,32.26,0.1,32.16,0.0,1922,0.9453125,LOST
27,2,256,1.0,6,5.72,0.11,5.45,0.16,327,0.99609375,RETURNED
27,3,256,0.89453125,0,32.68,0.19,32.41,0.07,1908,0.625,RETURNED
27,3,256,0.92578125,1,32.51,0.15,32.17,0.19,1907,0.79296875,RETURNED
27,3,256,0.96875,2,32.67,0.18,32.37,0.11,1909,0.9140625,RETURNED
27,3,256,0.9765625,3,32.58,0.16,32.42,0.0,1914,0.93359375,LOST
27,3,256,0.99609375,4,32.53,0.1,32.26,0.17,1896,0.9765625,RETURNED
27,3,256,0.9765625,5,32.69,0.24,32.46,0.0,1922,0.98046875,LOST
27,3,256,0.9921875,6,32.4,0.21,32.1,0.09,1889,0.98046875,RETURNED
27,4,256,0.921875,0,35.07,0.13,34.76,0.18,1908,0.609375,RETURNED
27,4,256,0.93359375,1,34.73,0.2,34.44,0.09,1907,0.87890625,RETURNED
27,4,256,0.9453125,2,34.96,0.12,34.7,0.14,1909,0.828125,RETURNED
27,4,256,0.97265625,3,34.93,0.16,34.77,0.0,1914,0.953125,LOST
27,4,256,0.99609375,4,35.87,0.18,34.58,1.11,1896,0.9765625,RETURNED
27,4,256,0.99609375,5,35.15,0.22,34.94,0.0,1922,0.99609375,LOST
27,5,256,0.98828125,0,65.15,0.12,64.91,0.12,1908,0.98046875,RETURNED
27,6,256,0.98046875,0,63.13,0.15,62.87,0.11,1908,0.96484375,RETURNED
27,7,256,0.99609375,0,32.93,0.16,32.65,0.11,1908,0.99609375,RETURNED
27,7,256,0.9765625,1,33.22,0.21,32.9,0.11,1907,0.94921875,RETURNED
28,215.34,0.20
28,0,256,0.91015625,0,65.77,0.12,65.56,0.09,1908,0.625,RETURNED
28,0,256,0.9453125,1,66.05,0.1,65.86,0.09,1907,0.9140625,RETURNED
28,0,256,0.97265625,2,64.53,0.16,64.08,0.29,1909,0.95703125,RETURNED
28,1,256,0.91015625,0,64.87,0.25,64.38,0.24,1908,0.62109375,RETURNED
28,1,256,0.9453125,1,64.85,0.17,64.6,0.09,1907,0.84765625,RETURNED
28,1,256,0.97265625,2,64.57,0.1,64.36,0.12,1909,0.95703125,RETURNED
28,2,256,0.91015625,0,33.11,0.18,32.85,0.08,1908,0.62109375,RETURNED
28,2,256,0.9140625,1,32.83,0.12,32.59,0.12,1907,0.609375,RETURNED
28,2,256,0.93359375,2,33.01,0.11,32.75,0.14,1909,0.8984375,RETURNED
28,2,256,0.97265625,3,33.14,0.11,33.03,0.0,1914,0.9453125,LOST
28,2,256,0.98046875,4,32.73,0.13,32.52,0.07,1896,0.96875,RETURNED
28,2,256,0.98046875,5,33.34,0.18,33.16,0.0,1922,0.96875,LOST
28,3,256,0.90625,0,33.9,0.25,33.54,0.11,1908,0.625,RETURNED
28,3,256,0.95703125,1,33.1,0.17,32.83,0.1,1907,0.90625,RETURNED
28,3,256,0.96875,2,33.28,0.17,33.03,0.08,1909,0.91015625,RETURNED
28,3,256,0.97265625,3,33.65,0.23,33.42,0.0,1914,0.9453125,LOST
28,3,256,0.96875,4,33.08,0.15,32.69,0.23,1896,0.95703125,RETURNED
28,4,256,0.890625,0,34.05,0.11,33.82,0.12,1908,0.625,RETURNED
28,4,256,0.94140625,1,33.62,0.16,33.34,0.12,1907,0.921875,RETURNED
28,4,256,0.96484375,2,33.73,0.16,33.45,0.12,1909,0.9453125,RETURNED
28,4,256,0.97265625,3,34.01,0.11,33.9,0.0,1914,0.94921875,LOST
28,4,256,0.9765625,4,33.39,0.2,33.0,0.19,1896,0.96484375,RETURNED
28,5,256,0.921875,0,33.67,0.14,33.4,0.12,1908,0.625,RETURNED
28,5,256,0.9453125,1,33.42,0.17,32.97,0.28,1907,0.89453125,RETURNED
28,5,256,0.98046875,2,33.46,0.1,33.25,0.11,1909,0.95703125,RETURNED
28,5,256,0.953125,3,33.58,0.1,33.48,0.0,1914,0.9140625,LOST
28,5,256,0.9765625,4,32.65,0.12,32.42,0.11,1896,0.9609375,RETURNED
28,6,256,0.8984375,0,34.42,0.28,34.05,0.09,1908,0.62109375,RETURNED
28,6,256,0.9375,1,33.65,0.1,33.39,0.16,1907,0.89453125,RETURNED
28,6,256,0.98046875,2,33.63,0.18,33.36,0.1,1909,0.94140625,RETURNED
28,6,256,0.9765625,3,34.04,0.16,33.88,0.0,1914,0.96484375,LOST
28,6,256,0.98828125,4,33.42,0.18,33.0,0.24,1896,0.96875,RETURNED
28,7,256,0.91015625,0,33.57,0.12,33.18,0.27,1908,0.61328125,RETURNED
28,7,256,0.90625,1,32.94,0.12,32.7,0.11,1907,0.6328125,RETURNED
28,7,256,0.9453125,2,33.21,0.1,33.0,0.11,1909,0.90234375,RETURNED
28,7,256,0.9765625,3,33.64,0.1,33.54,0.0,1914,0.95703125,LOST
28,7,256,1.0,4,32.28,0.16,32.11,0.0,1864,0.9765625,LOST
29,155.29,0.27
29,0,256,0.90625,0,64.03,0.11,63.82,0.1,1908,0.62109375,RETURNED
29,0,256,0.9609375,1,64.52,0.1,64.28,0.14,1907,0.93359375,RETURNED
29,1,256,0.921875,0,66.54,0.52,65.89,0.13,1908,0.6171875,RETURNED
29,1,256,0.95703125,1,64.25,0.11,64.05,0.09,1907,0.93359375,RETURNED
29,2,256,0.890625,0,34.26,0.17,33.96,0.13,1908,0.640625,RETURNED
29,2,256,0.95703125,1,34.72,0.3,34.25,0.17,1907,0.9140625,RETURNED
29,2,256,0.96875,2,34.58,0.16,34.31,0.12,1909,0.93359375,RETURNED
29,2,256,0.9765625,3,34.27,0.21,34.06,0.0,1914,0.96875,LOST
29,3,256,0.90625,0,33.86,0.25,33.54,0.06,1908,0.63671875,RETURNED
29,3,256,0.94921875,1,34.23,0.33,33.84,0.07,1907,0.8515625,RETURNED
29,3,256,0.97265625,2,34.0,0.15,33.73,0.12,1909,0.93359375,RETURNED
29,3,256,0.984375,3,33.38,0.11,33.27,0.0,1914,0.9609375,LOST
29,4,256,0.9296875,0,33.89,0.26,33.55,0.08,1908,0.61328125,RETURNED
29,4,256,0.97265625,1,33.48,0.1,33.31,0.07,1907,0.9296875,RETURNED
29,4,256,0.96484375,2,33.81,0.12,33.59,0.11,1909,0.91796875,RETURNED
29,4,256,0.98828125,3,33.4,0.17,33.23,0.0,1914,0.96484375,LOST
29,5,256,0.91796875,0,33.52,0.11,33.27,0.13,1908,0.625,RETURNED
29,5,256,0.94921875,1,33.57,0.21,33.26,0.11,1907,0.90625,RETURNED
29,5,256,0.99609375,2,33.34,0.15,33.09,0.1,1909,0.9453125,RETURNED
29,5,256,1.0,3,11.35,0.14,11.21,0.0,622,0.99609375,LOST
29,6,256,0.91015625,0,33.27,0.15,32.94,0.18,1908,0.61328125,RETURNED
29,6,256,0.93359375,1,33.28,0.17,33.0,0.11,1907,0.828125,RETURNED
29,6,256,0.9609375,2,33.13,0.17,32.83,0.14,1909,0.9375,RETURNED
29,6,256,0.96875,3,32.96,0.1,32.86,0.0,1914,0.9453125,LOST
29,7,256,0.9375,0,33.8,0.16,33.42,0.22,1908,0.62109375,RETURNED
29,7,256,0.96484375,1,33.65,0.17,33.29,0.19,1907,0.90625,RETURNED
29,7,256,0.9765625,2,33.82,0.15,33.55,0.12,1909,0.9453125,RETURNED
29,7,256,0.9609375,3,33.28,0.21,33.06,0.0,1914,0.9140625,LOST
