0,1587.58,5.89
0,0,256,0.90234375,0,32.73,0.48,32.26,0.0,1908,0.625,LOST
0,0,256,0.90234375,1,33.52,1.22,32.3,0.0,1916,0.609375,LOST
0,0,256,0.91796875,2,32.9,0.17,32.72,0.0,1933,0.6171875,LOST
0,0,256,0.890625,3,32.23,0.14,32.09,0.0,1896,0.63671875,LOST
0,0,256,0.91796875,4,32.74,0.14,32.61,0.0,1924,0.63671875,LOST
0,0,256,0.91015625,5,32.61,0.19,32.42,0.0,1914,0.63671875,LOST
0,0,256,0.92578125,6,32.24,0.11,32.13,0.0,1895,0.62109375,LOST
0,0,256,0.91015625,7,32.34,0.08,32.26,0.0,1904,0.62109375,LOST
0,0,256,0.89453125,8,32.44,0.27,32.16,0.0,1907,0.62109375,LOST
0,0,256,0.8984375,9,32.3,0.21,32.08,0.0,1900,0.6171875,LOST
0,0,256,0.90625,10,32.66,0.17,32.49,0.0,1925,0.62109375,LOST
0,0,256,0.89453125,11,32.61,0.19,32.41,0.0,1915,0.62109375,LOST
0,0,256,0.91796875,12,32.9,0.42,32.48,0.0,1918,0.609375,LOST
0,0,256,0.921875,13,32.71,0.24,32.48,0.0,1912,0.65234375,LOST
0,0,256,0.8984375,14,32.86,0.22,32.63,0.0,1925,0.609375,LOST
0,0,256,0.90234375,15,32.4,0.17,32.23,0.0,1904,0.64453125,LOST
0,0,256,0.8828125,16,31.9,0.2,31.7,0.0,1878,0.6484375,LOST
0,0,256,0.91796875,17,33.22,0.19,32.89,0.14,1942,0.63671875,RETURNED
0,0,256,0.9453125,18,32.49,0.33,32.16,0.0,1905,0.89453125,LOST
0,0,256,0.95703125,19,32.28,0.1,32.18,0.0,1902,0.90234375,LOST
0,0,256,0.96484375,20,32.45,0.16,32.29,0.0,1914,0.91796875,LOST
0,0,256,0.94921875,21,32.22,0.12,32.1,0.0,1903,0.9140625,LOST
0,0,256,0.94921875,22,32.59,0.17,32.42,0.0,1918,0.90234375,LOST
0,0,256,0.93359375,23,32.31,0.27,32.03,0.0,1899,0.90234375,LOST
0,0,256,0.97265625,24,32.8,0.11,32.39,0.3,1920,0.90234375,RETURNED
0,0,256,0.984375,25,32.49,0.12,32.37,0.0,1925,0.96484375,LOST
0,0,256,0.97265625,26,32.66,0.65,32.0,0.0,1901,0.9609375,LOST
0,0,256,0.9765625,27,32.74,0.21,32.53,0.0,1925,0.97265625,LOST
0,0,256,0.94921875,28,32.38,0.1,32.28,0.0,1907,0.94921875,LOST
0,0,256,0.98046875,29,32.39,0.28,32.11,0.0,1900,0.95703125,LOST
0,0,256,0.95703125,30,32.89,0.27,32.62,0.0,1931,0.87109375,LOST
0,0,256,0.9765625,31,32.34,0.24,32.1,0.0,1903,0.91796875,LOST
0,0,256,0.9609375,32,32.47,0.19,32.28,0.0,1915,0.93359375,LOST
0,0,256,0.9765625,33,32.34,0.25,32.09,0.0,1899,0.9375,LOST
0,0,256,0.99609375,34,32.69,0.51,32.18,0.0,1909,0.9453125,LOST
0,0,256,0.94921875,35,32.95,0.25,32.7,0.0,1915,0.9140625,LOST
0,0,256,0.91796875,36,32.74,0.13,32.61,0.0,1925,0.6171875,LOST
0,0,256,0.94140625,37,32.49,0.12,32.37,0.0,1912,0.91015625,LOST
0,0,256,0.984375,38,32.83,0.27,32.56,0.0,1920,0.97265625,LOST
0,0,256,0.9765625,39,32.67,0.27,32.41,0.0,1913,0.9609375,LOST
0,0,256,0.97265625,40,32.89,0.2,32.69,0.0,1938,0.953125,LOST
0,0,256,0.9609375,41,32.45,0.12,32.33,0.0,1904,0.93359375,LOST
0,0,256,0.984375,42,32.07,0.11,31.96,0.0,1893,0.9609375,LOST
0,0,256,0.98046875,43,33.08,0.31,32.61,0.17,1925,0.97265625,RETURNED
0,0,256,0.984375,44,32.82,0.1,32.72,0.0,1931,0.97265625,LOST
0,0,256,0.9921875,45,32.5,0.12,32.25,0.12,1901,0.97265625,RETURNED
0,0,256,0.9765625,46,32.88,0.26,32.61,0.0,1923,0.97265625,LOST
0,1,256,0.91015625,0,32.44,0.52,31.92,0.0,1908,0.62109375,LOST
0,1,256,0.90625,1,31.97,0.11,31.86,0.0,1916,0.62890625,LOST
0,1,256,0.90625,2,32.28,0.11,32.17,0.0,1933,0.6328125,LOST
0,1,256,0.91015625,3,31.74,0.1,31.65,0.0,1896,0.6171875,LOST
0,1,256,0.89453125,4,32.53,0.32,32.21,0.0,1924,0.625,LOST
0,1,256,0.921875,5,32.08,0.24,31.84,0.0,1914,0.609375,LOST
0,1,256,0.92578125,6,31.81,0.22,31.59,0.0,1895,0.609375,LOST
0,1,256,0.91015625,7,32.08,0.24,31.83,0.0,1904,0.6328125,LOST
0,1,256,0.90234375,8,31.95,0.29,31.66,0.0,1907,0.640625,LOST
0,1,256,0.9140625,9,31.79,0.25,31.53,0.0,1900,0.6171875,LOST
0,1,256,0.90234375,10,32.63,0.62,32.01,0.0,1925,0.6640625,LOST
0,1,256,0.9140625,11,32.04,0.15,31.89,0.0,1915,0.61328125,LOST
0,1,256,0.90625,12,32.52,0.58,31.94,0.0,1918,0.62109375,LOST
0,1,256,0.91796875,13,32.07,0.21,31.85,0.0,1912,0.62109375,LOST
0,1,256,0.921875,14,32.34,0.35,32.0,0.0,1925,0.609375,LOST
0,1,256,0.8984375,15,31.83,0.21,31.62,0.0,1904,0.63671875,LOST
0,1,256,0.90625,16,31.34,0.22,31.12,0.0,1878,0.62109375,LOST
0,1,256,0.921875,17,33.35,0.48,32.28,0.6,1942,0.62890625,RETURNED
0,1,256,0.9296875,18,31.75,0.17,31.58,0.0,1905,0.8984375,LOST
0,1,256,0.9609375,19,32.03,0.41,31.63,0.0,1902,0.890625,LOST
0,1,256,0.9453125,20,32.35,0.58,31.77,0.0,1914,0.8828125,LOST
0,1,256,0.9609375,21,32.42,0.83,31.59,0.0,1903,0.91015625,LOST
0,1,256,0.953125,22,31.97,0.2,31.77,0.0,1918,0.76953125,LOST
0,1,256,0.9609375,23,31.86,0.2,31.66,0.0,1899,0.91796875,LOST
0,1,256,0.97265625,24,32.81,0.54,31.86,0.42,1920,0.890625,RETURNED
0,1,256,0.98046875,25,32.04,0.2,31.85,0.0,1925,0.96875,LOST
0,1,256,0.97265625,26,31.75,0.27,31.47,0.0,1901,0.9375,LOST
0,1,256,0.9765625,27,32.28,0.28,32.0,0.0,1925,0.953125,LOST
0,1,256,0.9609375,28,31.89,0.22,31.67,0.0,1907,0.8984375,LOST
0,1,256,0.98046875,29,32.1,0.57,31.53,0.0,1900,0.9140625,LOST
0,1,256,0.94140625,30,32.59,0.45,32.15,0.0,1931,0.87109375,LOST
0,1,256,0.9765625,31,31.67,0.14,31.53,0.0,1903,0.94921875,LOST
0,1,256,0.9765625,32,32.55,0.76,31.79,0.0,1915,0.97265625,LOST
0,1,256,0.984375,33,32.1,0.62,31.48,0.0,1899,0.97265625,LOST
0,1,256,0.98828125,34,31.95,0.19,31.76,0.0,1909,0.95703125,LOST
0,1,256,0.98046875,35,31.96,0.13,31.83,0.0,1915,0.97265625,LOST
0,1,256,0.96484375,36,32.48,0.17,32.31,0.0,1925,0.96484375,LOST
0,1,256,0.96875,37,32.64,0.87,31.77,0.0,1912,0.93359375,LOST
0,1,256,0.97265625,38,32.45,0.49,31.96,0.0,1920,0.94921875,LOST
0,1,256,0.98046875,39,31.99,0.11,31.89,0.0,1913,0.9609375,LOST
0,1,256,0.96875,40,32.65,0.48,32.17,0.0,1938,0.921875,LOST
0,1,256,0.98046875,41,31.76,0.12,31.64,0.0,1904,0.9453125,LOST
0,1,256,0.98046875,42,31.78,0.39,31.39,0.0,1893,0.94921875,LOST
0,1,256,0.97265625,43,32.43,0.37,31.94,0.13,1925,0.93359375,RETURNED
0,1,256,0.9765625,44,32.23,0.19,32.05,0.0,1931,0.97265625,LOST
0,1,256,0.984375,45,32.07,0.18,31.72,0.17,1901,0.97265625,RETURNED
0,1,256,0.98828125,46,32.28,0.22,32.06,0.0,1923,0.98046875,LOST
0,1,256,0.9921875,47,31.92,0.12,31.81,0.0,1914,0.984375,LOST
0,2,256,0.92578125,0,32.77,0.14,32.63,0.0,1908,0.6171875,LOST
0,2,256,0.90625,1,33.53,0.92,32.62,0.0,1916,0.625,LOST
0,2,256,0.91796875,2,33.25,0.27,32.97,0.0,1933,0.61328125,LOST
0,2,256,0.921875,3,32.58,0.25,32.33,0.0,1896,0.6328125,LOST
0,2,256,0.8984375,4,32.99,0.16,32.83,0.0,1924,0.62109375,LOST
0,2,256,0.90625,5,32.78,0.17,32.61,0.0,1914,0.63671875,LOST
0,2,256,0.8984375,6,32.46,0.09,32.37,0.0,1895,0.625,LOST
0,2,256,0.91015625,7,32.66,0.11,32.55,0.0,1904,0.6328125,LOST
0,2,256,0.91015625,8,32.73,0.24,32.48,0.0,1907,0.625,LOST
0,2,256,0.921875,9,32.86,0.44,32.41,0.0,1900,0.609375,LOST
0,2,256,0.91015625,10,32.83,0.13,32.7,0.0,1925,0.6171875,LOST
0,2,256,0.90625,11,32.88,0.17,32.71,0.0,1915,0.6328125,LOST
0,2,256,0.92578125,12,32.93,0.14,32.79,0.0,1918,0.625,LOST
0,2,256,0.91015625,13,32.81,0.15,32.65,0.0,1912,0.63671875,LOST
0,2,256,0.90234375,14,32.91,0.15,32.76,0.0,1925,0.625,LOST
0,2,256,0.9140625,15,32.56,0.13,32.43,0.0,1904,0.62109375,LOST
0,2,256,0.90625,16,32.07,0.19,31.88,0.0,1878,0.609375,LOST
0,2,256,0.91015625,17,33.66,0.3,33.14,0.22,1942,0.62890625,RETURNED
0,2,256,0.953125,18,32.53,0.13,32.4,0.0,1905,0.9140625,LOST
0,2,256,0.95703125,19,32.85,0.34,32.5,0.0,1902,0.875,LOST
0,2,256,0.94921875,20,32.78,0.23,32.55,0.0,1914,0.87890625,LOST
0,2,256,0.95703125,21,32.51,0.13,32.39,0.0,1903,0.91015625,LOST
0,2,256,0.9140625,22,33.09,0.36,32.74,0.0,1918,0.65234375,LOST
0,2,256,0.9296875,23,32.63,0.36,32.27,0.0,1899,0.6171875,LOST
0,2,256,0.9609375,24,33.19,0.18,32.63,0.39,1920,0.91796875,RETURNED
0,2,256,0.984375,25,32.81,0.13,32.68,0.0,1925,0.97265625,LOST
0,2,256,0.98046875,26,32.47,0.1,32.37,0.0,1901,0.9609375,LOST
0,2,256,0.953125,27,32.95,0.18,32.77,0.0,1925,0.88671875,LOST
0,2,256,0.9609375,28,32.63,0.11,32.52,0.0,1907,0.9609375,LOST
0,2,256,0.98046875,29,32.62,0.2,32.42,0.0,1900,0.94140625,LOST
0,2,256,0.97265625,30,33.22,0.31,32.91,0.0,1931,0.953125,LOST
0,2,256,0.984375,31,33.13,0.66,32.47,0.0,1903,0.97265625,LOST
0,2,256,0.97265625,32,32.78,0.27,32.52,0.0,1915,0.9609375,LOST
0,2,256,0.98046875,33,32.48,0.12,32.37,0.0,1899,0.9609375,LOST
0,2,256,0.96484375,34,32.6,0.17,32.42,0.0,1909,0.90625,LOST
0,2,256,0.97265625,35,33.05,0.2,32.86,0.0,1915,0.95703125,LOST
0,2,256,0.9765625,36,32.96,0.19,32.77,0.0,1925,0.9609375,LOST
0,2,256,0.953125,37,32.8,0.21,32.59,0.0,1912,0.921875,LOST
0,2,256,0.984375,38,32.97,0.27,32.7,0.0,1920,0.97265625,LOST
0,2,256,0.96484375,39,32.66,0.15,32.51,0.0,1913,0.93359375,LOST
0,2,256,0.96484375,40,33.09,0.12,32.97,0.0,1938,0.9140625,LOST
0,2,256,0.96484375,41,32.88,0.49,32.38,0.0,1904,0.953125,LOST
0,2,256,0.984375,42,32.34,0.09,32.25,0.0,1893,0.96875,LOST
0,2,256,0.97265625,43,33.09,0.12,32.79,0.18,1925,0.93359375,RETURNED
0,2,256,0.98046875,44,33.06,0.09,32.96,0.0,1931,0.96875,LOST
0,2,256,0.9921875,45,32.91,0.38,32.37,0.16,1901,0.984375,RETURNED
0,2,256,0.9921875,46,32.97,0.24,32.73,0.0,1923,0.984375,LOST
0,3,256,0.89453125,0,32.18,0.14,32.04,0.0,1908,0.625,LOST
0,3,256,0.890625,1,32.21,0.11,32.1,0.0,1916,0.625,LOST
0,3,256,0.890625,2,32.86,0.37,32.48,0.0,1933,0.6171875,LOST
0,3,256,0.91015625,3,32.02,0.19,31.82,0.0,1896,0.625,LOST
0,3,256,0.93359375,4,33.02,0.34,32.69,0.0,1924,0.625,LOST
0,3,256,0.890625,5,32.65,0.18,32.47,0.0,1914,0.62890625,LOST
0,3,256,0.8984375,6,32.39,0.17,32.22,0.0,1895,0.62109375,LOST
0,3,256,0.89453125,7,33.12,0.11,33.01,0.0,1904,0.63671875,LOST
0,3,256,0.921875,8,33.34,0.36,32.98,0.0,1907,0.63671875,LOST
0,3,256,0.91015625,9,33.01,0.13,32.88,0.0,1900,0.62109375,LOST
0,3,256,0.92578125,10,33.53,0.14,33.39,0.0,1925,0.62890625,LOST
0,3,256,0.92578125,11,33.55,0.26,33.29,0.0,1915,0.6171875,LOST
0,3,256,0.94140625,12,32.57,0.12,32.46,0.0,1918,0.609375,LOST
0,3,256,0.91796875,13,32.81,0.35,32.45,0.0,1912,0.6171875,LOST
0,3,256,0.90625,14,32.89,0.24,32.65,0.0,1925,0.625,LOST
0,3,256,0.90234375,15,32.43,0.2,32.23,0.0,1904,0.61328125,LOST
0,3,256,0.89453125,16,31.88,0.13,31.75,0.0,1878,0.62109375,LOST
0,3,256,0.90234375,17,33.45,0.2,32.93,0.32,1942,0.61328125,RETURNED
0,3,256,0.96875,18,32.31,0.13,32.18,0.0,1905,0.90625,LOST
0,3,256,0.91015625,19,32.38,0.1,32.28,0.0,1902,0.640625,LOST
0,3,256,0.90234375,20,32.64,0.29,32.36,0.0,1914,0.6171875,LOST
0,3,256,0.96484375,21,32.39,0.26,32.13,0.0,1903,0.90234375,LOST
0,3,256,0.9453125,22,32.6,0.12,32.49,0.0,1918,0.80078125,LOST
0,3,256,0.90234375,23,32.55,0.48,32.07,0.0,1899,0.625,LOST
0,3,256,0.94921875,24,35.08,0.23,33.25,1.59,1920,0.89453125,RETURNED
0,3,256,0.984375,25,32.66,0.25,32.41,0.0,1925,0.97265625,LOST
0,3,256,0.97265625,26,32.23,0.12,32.11,0.0,1901,0.9609375,LOST
0,3,256,0.97265625,27,32.76,0.25,32.52,0.0,1925,0.9375,LOST
0,3,256,0.984375,28,32.53,0.23,32.3,0.0,1907,0.90234375,LOST
0,3,256,0.984375,29,32.2,0.14,32.06,0.0,1900,0.95703125,LOST
0,3,256,0.98046875,30,32.69,0.12,32.57,0.0,1931,0.96875,LOST
0,3,256,0.98046875,31,32.3,0.23,32.07,0.0,1903,0.95703125,LOST
0,3,256,0.9765625,32,33.52,0.28,33.24,0.0,1915,0.9453125,LOST
0,3,256,0.96484375,33,33.13,0.13,33.0,0.0,1899,0.84375,LOST
0,3,256,0.9609375,34,33.45,0.33,33.12,0.0,1909,0.94140625,LOST
0,3,256,0.9453125,35,34.0,0.42,33.58,0.0,1915,0.8984375,LOST
0,3,256,0.9765625,36,33.54,0.13,33.41,0.0,1925,0.953125,LOST
0,3,256,0.96484375,37,33.32,0.17,33.15,0.0,1912,0.9609375,LOST
0,3,256,0.94921875,38,33.65,0.26,33.39,0.0,1920,0.9140625,LOST
0,3,256,0.9765625,39,33.38,0.12,33.26,0.0,1913,0.97265625,LOST
0,3,256,0.984375,40,34.13,0.26,33.86,0.0,1938,0.97265625,LOST
0,3,256,0.9453125,41,33.36,0.22,33.13,0.0,1904,0.87890625,LOST
0,3,256,0.96484375,42,32.19,0.14,32.05,0.0,1893,0.91796875,LOST
0,3,256,0.94921875,43,33.08,0.16,32.51,0.4,1925,0.9375,RETURNED
0,3,256,0.9765625,44,32.95,0.19,32.76,0.0,1931,0.9609375,LOST
0,3,256,0.984375,45,33.23,0.15,33.01,0.07,1901,0.97265625,RETURNED
0,3,256,1.0,46,3.96,0.12,3.84,0.0,222,0.9921875,LOST
1,3124.04,0.39
1,0,256,0.96875,0,34.73,0.45,34.27,0.0,1908,0.9453125,LOST
1,0,256,0.98046875,1,34.7,0.28,34.42,0.0,1916,0.96484375,LOST
1,0,256,0.90625,2,34.81,0.13,34.68,0.0,1933,0.625,LOST
1,0,256,0.9140625,3,34.39,0.37,34.02,0.0,1896,0.6328125,LOST
1,0,256,0.97265625,4,34.53,0.13,34.4,0.0,1924,0.9375,LOST
1,0,256,0.96875,5,34.58,0.26,34.32,0.0,1914,0.93359375,LOST
1,0,256,0.9609375,6,34.17,0.25,33.93,0.0,1895,0.90625,LOST
1,0,256,0.953125,7,34.63,0.58,34.05,0.0,1904,0.8828125,LOST
1,0,256,0.96484375,8,34.2,0.13,34.07,0.0,1907,0.94140625,LOST
1,0,256,0.98828125,9,34.03,0.12,33.91,0.0,1900,0.9609375,LOST
1,0,256,0.953125,10,34.57,0.25,34.33,0.0,1925,0.8515625,LOST
1,0,256,0.95703125,11,34.45,0.12,34.33,0.0,1915,0.9609375,LOST
1,0,256,0.96875,12,34.49,0.11,34.38,0.0,1918,0.93359375,LOST
1,0,256,0.97265625,13,34.4,0.11,34.28,0.0,1912,0.9375,LOST
1,0,256,0.96484375,14,34.57,0.16,34.41,0.0,1925,0.90234375,LOST
1,0,256,0.953125,15,34.29,0.17,34.13,0.0,1904,0.8203125,LOST
1,0,256,0.95703125,16,33.88,0.24,33.64,0.0,1878,0.94140625,LOST
1,0,256,0.96875,17,35.29,0.1,34.96,0.24,1942,0.9609375,RETURNED
1,0,256,0.96875,18,34.54,0.23,34.32,0.0,1905,0.9609375,LOST
1,0,256,0.96875,19,34.27,0.17,34.1,0.0,1902,0.9296875,LOST
1,0,256,0.96875,20,34.45,0.09,34.36,0.0,1914,0.94921875,LOST
1,0,256,0.96875,21,34.14,0.11,34.03,0.0,1903,0.9140625,LOST
1,0,256,0.9765625,22,34.54,0.23,34.31,0.0,1918,0.9609375,LOST
1,0,256,0.9765625,23,34.74,0.75,33.99,0.0,1899,0.9453125,LOST
1,0,256,0.96875,24,49.98,0.51,34.23,15.25,1920,0.9375,RETURNED
1,0,256,0.984375,25,34.6,0.17,34.44,0.0,1925,0.96875,LOST
1,0,256,0.9921875,26,34.02,0.1,33.92,0.0,1901,0.96875,LOST
1,0,256,0.98046875,27,34.57,0.1,34.46,0.0,1925,0.97265625,LOST
1,0,256,0.9765625,28,34.33,0.15,34.19,0.0,1907,0.953125,LOST
1,0,256,0.98828125,29,34.19,0.13,34.06,0.0,1900,0.96484375,LOST
1,0,256,0.984375,30,34.89,0.23,34.66,0.0,1931,0.96484375,LOST
1,0,256,0.9765625,31,34.24,0.12,34.12,0.0,1903,0.953125,LOST
1,0,256,0.98046875,32,34.43,0.19,34.24,0.0,1915,0.96484375,LOST
1,0,256,0.9921875,33,34.29,0.3,34.0,0.0,1899,0.96875,LOST
1,0,256,0.9921875,34,34.19,0.09,34.11,0.0,1909,0.96484375,LOST
1,0,256,0.98046875,35,34.71,0.33,34.38,0.0,1915,0.9609375,LOST
1,0,256,0.9765625,36,34.82,0.32,34.5,0.0,1925,0.953125,LOST
1,0,256,0.97265625,37,34.84,0.41,34.43,0.0,1912,0.96484375,LOST
1,0,256,0.9609375,38,34.61,0.16,34.45,0.0,1920,0.96484375,LOST
1,0,256,0.9765625,39,34.53,0.16,34.37,0.0,1913,0.9453125,LOST
1,0,256,0.9765625,40,34.75,0.16,34.59,0.0,1938,0.96875,LOST
1,0,256,0.9921875,41,34.38,0.37,34.01,0.0,1904,0.97265625,LOST
1,0,256,0.96875,42,34.41,0.23,34.18,0.0,1893,0.94921875,LOST
1,0,256,0.98046875,43,35.22,0.17,34.74,0.31,1925,0.95703125,RETURNED
1,0,256,0.98828125,44,35.05,0.16,34.89,0.0,1931,0.98046875,LOST
1,0,256,0.98828125,45,35.16,0.8,34.26,0.09,1901,0.9609375,RETURNED
1,0,256,0.98828125,46,34.67,0.24,34.43,0.0,1923,0.9921875,LOST
1,0,256,0.9921875,47,34.91,0.51,34.4,0.0,1914,0.99609375,LOST
1,0,256,0.99609375,48,34.71,0.13,34.58,0.0,1934,0.9765625,LOST
1,0,256,0.98828125,49,34.45,0.25,34.19,0.0,1899,0.98828125,LOST
1,0,256,0.9921875,50,34.95,0.33,34.62,0.0,1926,0.97265625,LOST
1,0,256,0.99609375,51,34.67,0.2,34.46,0.0,1917,0.9765625,LOST
1,1,256,0.953125,0,34.84,0.34,34.5,0.0,1908,0.9609375,LOST
1,1,256,0.97265625,1,34.8,0.15,34.65,0.0,1916,0.953125,LOST
1,1,256,0.94921875,2,35.08,0.15,34.93,0.0,1933,0.9453125,LOST
1,1,256,0.96875,3,34.55,0.16,34.39,0.0,1896,0.9609375,LOST
1,1,256,0.94140625,4,34.78,0.16,34.62,0.0,1924,0.90234375,LOST
1,1,256,0.9765625,5,34.66,0.11,34.55,0.0,1914,0.9609375,LOST
1,1,256,0.9609375,6,34.32,0.16,34.15,0.0,1895,0.9296875,LOST
1,1,256,0.96484375,7,34.56,0.21,34.35,0.0,1904,0.95703125,LOST
1,1,256,0.97265625,8,34.55,0.14,34.41,0.0,1907,0.96484375,LOST
1,1,256,0.984375,9,35.07,1.04,34.04,0.0,1900,0.9453125,LOST
1,1,256,0.95703125,10,34.64,0.15,34.49,0.0,1925,0.796875,LOST
1,1,256,0.96875,11,34.79,0.35,34.44,0.0,1915,0.9609375,LOST
1,1,256,0.96875,12,35.05,0.36,34.69,0.0,1918,0.953125,LOST
1,1,256,0.98046875,13,34.76,0.19,34.57,0.0,1912,0.953125,LOST
1,1,256,0.96484375,14,34.93,0.22,34.71,0.0,1925,0.94921875,LOST
1,1,256,0.94140625,15,34.76,0.35,34.42,0.0,1904,0.90625,LOST
1,1,256,0.8828125,16,34.06,0.11,33.94,0.0,1878,0.625,LOST
1,1,256,0.9453125,17,36.17,0.23,35.72,0.23,1942,0.890625,RETURNED
1,1,256,0.96875,18,35.03,0.16,34.88,0.0,1905,0.94140625,LOST
1,1,256,0.99609375,19,34.29,0.14,34.16,0.0,1902,0.96875,LOST
1,1,256,0.96875,20,34.64,0.28,34.36,0.0,1914,0.9375,LOST
1,1,256,0.96484375,21,34.74,0.55,34.2,0.0,1903,0.94921875,LOST
1,1,256,0.9765625,22,34.75,0.17,34.58,0.0,1918,0.9140625,LOST
1,1,256,0.9921875,23,34.71,0.46,34.25,0.0,1899,0.96484375,LOST
1,1,256,0.96484375,24,44.9,0.19,34.46,10.25,1920,0.94140625,RETURNED
1,1,256,0.9765625,25,34.94,0.28,34.66,0.0,1925,0.953125,LOST
1,1,256,0.97265625,26,34.36,0.18,34.18,0.0,1901,0.96875,LOST
1,1,256,0.98046875,27,34.91,0.15,34.76,0.0,1925,0.9609375,LOST
1,1,256,0.98828125,28,34.69,0.22,34.47,0.0,1907,0.97265625,LOST
1,1,256,0.984375,29,34.51,0.13,34.38,0.0,1900,0.96875,LOST
1,1,256,0.96484375,30,35.14,0.23,34.92,0.0,1931,0.953125,LOST
1,1,256,0.984375,31,34.46,0.28,34.17,0.0,1903,0.96484375,LOST
1,1,256,0.96875,32,34.49,0.1,34.39,0.0,1915,0.9609375,LOST
1,1,256,0.9765625,33,34.52,0.4,34.12,0.0,1899,0.93359375,LOST
1,1,256,0.97265625,34,34.66,0.25,34.42,0.0,1909,0.94140625,LOST
1,1,256,0.9609375,35,35.07,0.39,34.68,0.0,1915,0.94921875,LOST
1,1,256,0.984375,36,34.78,0.16,34.62,0.0,1925,0.9453125,LOST
1,1,256,0.98046875,37,34.78,0.38,34.4,0.0,1912,0.953125,LOST
1,1,256,0.984375,38,34.78,0.2,34.59,0.0,1920,0.9609375,LOST
1,1,256,0.9765625,39,35.06,0.41,34.66,0.0,1913,0.9453125,LOST
1,1,256,0.96875,40,35.22,0.35,34.87,0.0,1938,0.96484375,LOST
1,1,256,0.98046875,41,34.51,0.25,34.26,0.0,1904,0.9140625,LOST
1,1,256,0.96875,42,35.51,0.36,35.15,0.0,1893,0.96484375,LOST
1,1,256,0.9765625,43,35.73,0.42,35.11,0.2,1925,0.9765625,RETURNED
1,1,256,0.984375,44,35.46,0.16,35.3,0.0,1931,0.98046875,LOST
1,1,256,0.98046875,45,34.78,0.25,34.46,0.07,1901,0.9765625,RETURNED
1,1,256,0.98828125,46,35.27,0.4,34.87,0.0,1923,0.98828125,LOST
1,1,256,0.9921875,47,35.18,0.38,34.8,0.0,1914,0.97265625,LOST
1,1,256,0.95703125,48,35.21,0.31,34.9,0.0,1934,0.95703125,LOST
1,1,256,0.984375,49,34.99,0.43,34.56,0.0,1899,0.98046875,LOST
1,1,256,0.9765625,50,35.27,0.23,35.04,0.0,1926,0.94921875,LOST
1,1,256,1.0,51,23.99,0.76,23.23,0.0,1284,0.99609375,LOST
1,2,256,0.98046875,0,34.2,0.12,34.08,0.0,1908,0.94921875,LOST
1,2,256,0.95703125,1,34.49,0.22,34.27,0.0,1916,0.9140625,LOST
1,2,256,0.96875,2,34.64,0.11,34.54,0.0,1933,0.8515625,LOST
1,2,256,0.94140625,3,34.47,0.49,33.98,0.0,1896,0.890625,LOST
1,2,256,0.95703125,4,34.45,0.17,34.28,0.0,1924,0.9296875,LOST
1,2,256,0.96484375,5,34.54,0.23,34.3,0.0,1914,0.90625,LOST
1,2,256,0.9765625,6,34.13,0.31,33.82,0.0,1895,0.94921875,LOST
1,2,256,0.95703125,7,34.06,0.14,33.92,0.0,1904,0.9375,LOST
1,2,256,0.98046875,8,34.09,0.14,33.95,0.0,1907,0.953125,LOST
1,2,256,0.9765625,9,34.2,0.32,33.89,0.0,1900,0.9453125,LOST
1,2,256,0.9453125,10,34.54,0.19,34.35,0.0,1925,0.9140625,LOST
1,2,256,0.953125,11,34.56,0.23,34.34,0.0,1915,0.96484375,LOST
1,2,256,0.9765625,12,34.59,0.31,34.29,0.0,1918,0.9453125,LOST
1,2,256,0.9765625,13,34.56,0.3,34.25,0.0,1912,0.94921875,LOST
1,2,256,0.9765625,14,34.65,0.27,34.38,0.0,1925,0.83203125,LOST
1,2,256,0.95703125,15,34.59,0.4,34.18,0.0,1904,0.85546875,LOST
1,2,256,0.9765625,16,33.8,0.21,33.6,0.0,1878,0.91796875,LOST
1,2,256,0.953125,17,35.24,0.2,34.9,0.14,1942,0.9453125,RETURNED
1,2,256,0.9765625,18,34.81,0.55,34.25,0.0,1905,0.9609375,LOST
1,2,256,0.98828125,19,34.28,0.23,34.05,0.0,1902,0.95703125,LOST
1,2,256,0.94921875,20,34.53,0.21,34.32,0.0,1914,0.94140625,LOST
1,2,256,0.96875,21,34.17,0.17,34.0,0.0,1903,0.94921875,LOST
1,2,256,0.98828125,22,34.48,0.18,34.3,0.0,1918,0.9765625,LOST
1,2,256,0.984375,23,34.09,0.18,33.91,0.0,1899,0.96875,LOST
1,2,256,0.96484375,24,54.46,0.11,34.15,20.19,1920,0.9453125,RETURNED
1,2,256,0.96875,25,34.5,0.1,34.4,0.0,1925,0.94140625,LOST
1,2,256,0.98046875,26,33.97,0.1,33.87,0.0,1901,0.97265625,LOST
1,2,256,0.984375,27,34.75,0.36,34.39,0.0,1925,0.953125,LOST
1,2,256,0.9609375,28,34.6,0.43,34.18,0.0,1907,0.96484375,LOST
1,2,256,0.97265625,29,34.23,0.28,33.95,0.0,1900,0.92578125,LOST
1,2,256,0.98828125,30,34.7,0.11,34.59,0.0,1931,0.91796875,LOST
1,2,256,0.96484375,31,34.27,0.23,34.04,0.0,1903,0.90234375,LOST
1,2,256,0.98046875,32,34.51,0.28,34.23,0.0,1915,0.96875,LOST
1,2,256,0.984375,33,34.23,0.3,33.94,0.0,1899,0.953125,LOST
1,2,256,0.99609375,34,34.14,0.14,34.0,0.0,1909,0.9765625,LOST
1,2,256,0.98046875,35,34.49,0.1,34.38,0.0,1915,0.96875,LOST
1,2,256,0.9921875,36,35.2,0.72,34.49,0.0,1925,0.96875,LOST
1,2,256,0.98828125,37,34.46,0.14,34.32,0.0,1912,0.96875,LOST
1,2,256,0.98828125,38,34.41,0.09,34.32,0.0,1920,0.96875,LOST
1,2,256,0.97265625,39,34.5,0.2,34.31,0.0,1913,0.9296875,LOST
1,2,256,0.96875,40,34.58,0.12,34.45,0.0,1938,0.9609375,LOST
1,2,256,0.9765625,41,34.49,0.52,33.97,0.0,1904,0.96875,LOST
1,2,256,0.98046875,42,34.24,0.1,34.14,0.0,1893,0.9609375,LOST
1,2,256,0.98046875,43,35.58,0.39,34.68,0.52,1925,0.9375,RETURNED
1,2,256,0.984375,44,35.01,0.21,34.79,0.0,1931,0.98046875,LOST
1,2,256,0.99609375,45,34.91,0.57,34.18,0.15,1901,0.98046875,RETURNED
1,2,256,0.9921875,46,34.49,0.13,34.36,0.0,1923,0.97265625,LOST
1,2,256,0.984375,47,34.62,0.23,34.39,0.0,1914,0.98046875,LOST
1,2,256,0.984375,48,34.87,0.4,34.48,0.0,1934,0.9765625,LOST
1,2,256,0.984375,49,34.29,0.15,34.14,0.0,1899,0.984375,LOST
1,2,256,0.984375,50,34.85,0.34,34.51,0.0,1926,0.9609375,LOST
1,2,256,0.9921875,51,34.52,0.13,34.39,0.0,1917,0.9609375,LOST
1,3,256,0.9609375,0,35.04,0.24,34.8,0.0,1908,0.93359375,LOST
1,3,256,0.96875,1,35.13,0.12,35.01,0.0,1916,0.91796875,LOST
1,3,256,0.96875,2,35.67,0.43,35.25,0.0,1933,0.94140625,LOST
1,3,256,0.94140625,3,34.76,0.19,34.57,0.0,1896,0.91796875,LOST
1,3,256,0.98046875,4,35.21,0.18,35.03,0.0,1924,0.9609375,LOST
1,3,256,0.96484375,5,35.17,0.36,34.81,0.0,1914,0.9296875,LOST
1,3,256,0.96875,6,35.27,0.72,34.55,0.0,1895,0.96484375,LOST
1,3,256,0.96484375,7,35.19,0.5,34.69,0.0,1904,0.9453125,LOST
1,3,256,0.9765625,8,35.04,0.34,34.7,0.0,1907,0.95703125,LOST
1,3,256,0.98828125,9,34.73,0.2,34.53,0.0,1900,0.9609375,LOST
1,3,256,0.97265625,10,35.09,0.12,34.97,0.0,1925,0.9375,LOST
1,3,256,0.96484375,11,35.11,0.16,34.95,0.0,1915,0.9375,LOST
1,3,256,0.984375,12,35.06,0.12,34.93,0.0,1918,0.95703125,LOST
1,3,256,0.984375,13,35.02,0.22,34.79,0.0,1912,0.9609375,LOST
1,3,256,0.953125,14,35.08,0.11,34.97,0.0,1925,0.88671875,LOST
1,3,256,0.92578125,15,34.75,0.12,34.63,0.0,1904,0.82421875,LOST
1,3,256,0.96875,16,34.42,0.15,34.26,0.0,1878,0.90625,LOST
1,3,256,0.9765625,17,37.51,1.57,35.53,0.41,1942,0.96484375,RETURNED
1,3,256,0.9609375,18,35.36,0.45,34.9,0.0,1905,0.94921875,LOST
1,3,256,0.96484375,19,35.0,0.28,34.72,0.0,1902,0.9375,LOST
1,3,256,0.96484375,20,34.94,0.14,34.8,0.0,1914,0.9375,LOST
1,3,256,0.95703125,21,34.91,0.17,34.74,0.0,1903,0.93359375,LOST
1,3,256,0.98828125,22,35.24,0.36,34.89,0.0,1918,0.94140625,LOST
1,3,256,0.97265625,23,34.74,0.2,34.54,0.0,1899,0.953125,LOST
1,3,256,0.97265625,24,35.51,0.23,34.94,0.34,1920,0.9609375,RETURNED
1,3,256,0.98828125,25,35.13,0.22,34.9,0.0,1925,0.96875,LOST
1,3,256,0.984375,26,34.91,0.37,34.54,0.0,1901,0.96484375,LOST
1,3,256,0.96484375,27,35.23,0.18,35.05,0.0,1925,0.87890625,LOST
1,3,256,0.984375,28,34.93,0.23,34.7,0.0,1907,0.96875,LOST
1,3,256,0.98828125,29,34.75,0.13,34.62,0.0,1900,0.96875,LOST
1,3,256,0.9765625,30,35.29,0.18,35.12,0.0,1931,0.96484375,LOST
1,3,256,0.98828125,31,35.36,0.65,34.71,0.0,1903,0.9453125,LOST
1,3,256,0.984375,32,34.97,0.21,34.76,0.0,1915,0.95703125,LOST
1,3,256,0.97265625,33,34.81,0.18,34.63,0.0,1899,0.9453125,LOST
1,3,256,0.97265625,34,35.03,0.26,34.77,0.0,1909,0.94140625,LOST
1,3,256,0.96875,35,35.12,0.12,34.99,0.0,1915,0.953125,LOST
1,3,256,0.9765625,36,35.18,0.09,35.1,0.0,1925,0.9375,LOST
1,3,256,0.984375,37,35.05,0.15,34.89,0.0,1912,0.97265625,LOST
1,3,256,0.98828125,38,35.18,0.18,35.0,0.0,1920,0.97265625,LOST
1,3,256,0.9765625,39,34.94,0.12,34.81,0.0,1913,0.9609375,LOST
1,3,256,0.97265625,40,36.03,0.81,35.22,0.0,1938,0.96484375,LOST
1,3,256,0.9921875,41,34.74,0.16,34.58,0.0,1904,0.96875,LOST
1,3,256,0.9765625,42,35.36,0.35,35.01,0.0,1893,0.97265625,LOST
1,3,256,0.9765625,43,35.78,0.13,35.49,0.16,1925,0.96875,RETURNED
1,3,256,0.9921875,44,35.61,0.35,35.26,0.0,1931,0.9765625,LOST
1,3,256,0.984375,45,35.12,0.28,34.71,0.13,1901,0.97265625,RETURNED
1,3,256,0.9921875,46,35.36,0.26,35.1,0.0,1923,0.99609375,LOST
1,3,256,0.99609375,47,34.93,0.1,34.83,0.0,1914,0.98828125,LOST
1,3,256,0.99609375,48,35.46,0.12,35.33,0.0,1934,0.98046875,LOST
1,3,256,0.9765625,49,35.02,0.28,34.74,0.0,1899,0.96875,LOST
1,3,256,1.0,50,18.24,0.29,17.95,0.0,977,0.9921875,LOST
2,1685.43,0.82
2,0,256,0.91015625,0,30.33,0.28,30.05,0.0,1908,0.609375,LOST
2,0,256,0.8984375,1,30.27,0.15,30.12,0.0,1916,0.62890625,LOST
2,0,256,0.90234375,2,30.59,0.13,30.47,0.0,1933,0.63671875,LOST
2,0,256,0.9296875,3,29.95,0.13,29.82,0.0,1896,0.63671875,LOST
2,0,256,0.90234375,4,30.33,0.11,30.23,0.0,1924,0.6171875,LOST
2,0,256,0.88671875,5,30.32,0.16,30.16,0.0,1914,0.609375,LOST
2,0,256,0.91015625,6,30.1,0.21,29.88,0.0,1895,0.6328125,LOST
2,0,256,0.8984375,7,30.13,0.13,30.01,0.0,1904,0.6171875,LOST
2,0,256,0.8984375,8,30.63,0.29,30.34,0.0,1907,0.640625,LOST
2,0,256,0.90234375,9,30.16,0.24,29.92,0.0,1900,0.6171875,LOST
2,0,256,0.93359375,10,30.57,0.24,30.32,0.0,1925,0.6484375,LOST
2,0,256,0.9140625,11,30.47,0.17,30.3,0.0,1915,0.6171875,LOST
2,0,256,0.8828125,12,30.56,0.17,30.39,0.0,1918,0.609375,LOST
2,0,256,0.90234375,13,30.46,0.19,30.26,0.0,1912,0.6171875,LOST
2,0,256,0.90625,14,30.62,0.3,30.32,0.0,1925,0.62109375,LOST
2,0,256,0.91015625,15,31.52,0.44,31.08,0.0,1904,0.62890625,LOST
2,0,256,0.92578125,16,29.9,0.21,29.69,0.0,1878,0.6484375,LOST
2,0,256,0.90625,17,31.26,0.14,30.82,0.3,1942,0.62890625,RETURNED
2,0,256,0.94140625,18,30.28,0.24,30.04,0.0,1905,0.90625,LOST
2,0,256,0.96875,19,30.21,0.21,30.01,0.0,1902,0.8984375,LOST
2,0,256,0.94140625,20,30.41,0.26,30.15,0.0,1914,0.875,LOST
2,0,256,0.96484375,21,30.27,0.2,30.07,0.0,1903,0.91015625,LOST
2,0,256,0.9453125,22,30.27,0.12,30.15,0.0,1918,0.87109375,LOST
2,0,256,0.90625,23,30.16,0.2,29.96,0.0,1899,0.62109375,LOST
2,0,256,0.9609375,24,50.92,0.45,30.3,20.16,1920,0.91015625,RETURNED
2,0,256,0.96875,25,31.28,0.89,30.39,0.0,1925,0.9609375,LOST
2,0,256,0.98828125,26,30.41,0.27,30.14,0.0,1901,0.96875,LOST
2,0,256,0.97265625,27,30.64,0.24,30.41,0.0,1925,0.97265625,LOST
2,0,256,0.95703125,28,30.46,0.3,30.16,0.0,1907,0.890625,LOST
2,0,256,0.97265625,29,30.12,0.12,30.0,0.0,1900,0.94140625,LOST
2,0,256,0.98046875,30,30.55,0.11,30.44,0.0,1931,0.97265625,LOST
2,0,256,0.97265625,31,30.02,0.13,29.89,0.0,1903,0.94921875,LOST
2,0,256,0.9765625,32,30.34,0.24,30.1,0.0,1915,0.94921875,LOST
2,0,256,0.921875,33,30.14,0.21,29.93,0.0,1899,0.609375,LOST
2,0,256,0.99609375,34,30.35,0.27,30.08,0.0,1909,0.953125,LOST
2,0,256,0.89453125,35,30.42,0.2,30.22,0.0,1915,0.6171875,LOST
2,0,256,0.96484375,36,30.58,0.19,30.39,0.0,1925,0.9296875,LOST
2,0,256,0.9609375,37,30.31,0.14,30.17,0.0,1912,0.9453125,LOST
2,0,256,0.9765625,38,30.31,0.1,30.21,0.0,1920,0.953125,LOST
2,0,256,0.9375,39,30.22,0.23,29.99,0.0,1913,0.8828125,LOST
2,0,256,0.98828125,40,30.57,0.11,30.45,0.0,1938,0.97265625,LOST
2,0,256,0.96484375,41,30.17,0.19,29.97,0.0,1904,0.94140625,LOST
2,0,256,0.98046875,42,30.12,0.11,30.01,0.0,1893,0.95703125,LOST
2,0,256,0.97265625,43,31.18,0.49,30.44,0.26,1925,0.94921875,RETURNED
2,0,256,0.9921875,44,30.83,0.31,30.52,0.0,1931,0.984375,LOST
2,0,256,0.984375,45,30.26,0.17,29.92,0.17,1901,0.97265625,RETURNED
2,0,256,0.98828125,46,30.97,0.35,30.62,0.0,1923,0.98828125,LOST
2,0,256,0.96875,47,30.38,0.1,30.28,0.0,1914,0.96484375,LOST
2,0,256,0.98828125,48,30.91,0.25,30.65,0.0,1934,0.9765625,LOST
2,0,256,0.984375,49,30.24,0.13,30.11,0.0,1899,0.9765625,LOST
2,0,256,0.99609375,50,30.62,0.13,30.49,0.0,1926,0.9609375,LOST
2,0,256,0.984375,51,30.9,0.62,30.28,0.0,1917,0.97265625,LOST
2,0,256,1.0,52,13.78,0.18,13.59,0.0,860,0.984375,LOST
2,1,256,0.8984375,0,30.46,0.32,30.14,0.0,1908,0.6171875,LOST
2,1,256,0.90625,1,30.4,0.16,30.23,0.0,1916,0.625,LOST
2,1,256,0.90234375,2,30.95,0.36,30.59,0.0,1933,0.6328125,LOST
2,1,256,0.921875,3,30.02,0.14,29.88,0.0,1896,0.6484375,LOST
2,1,256,0.90234375,4,30.54,0.16,30.38,0.0,1924,0.62109375,LOST
2,1,256,0.8984375,5,30.39,0.11,30.28,0.0,1914,0.6171875,LOST
2,1,256,0.9140625,6,30.09,0.18,29.91,0.0,1895,0.6171875,LOST
2,1,256,0.90625,7,30.22,0.12,30.1,0.0,1904,0.609375,LOST
2,1,256,0.921875,8,30.72,0.47,30.25,0.0,1907,0.62109375,LOST
2,1,256,0.89453125,9,30.28,0.28,30.0,0.0,1900,0.62890625,LOST
2,1,256,0.92578125,10,30.57,0.16,30.4,0.0,1925,0.609375,LOST
2,1,256,0.91796875,11,30.61,0.27,30.33,0.0,1915,0.6171875,LOST
2,1,256,0.92578125,12,31.08,0.27,30.81,0.0,1918,0.6171875,LOST
2,1,256,0.90234375,13,30.53,0.27,30.26,0.0,1912,0.62109375,LOST
2,1,256,0.9140625,14,30.69,0.29,30.4,0.0,1925,0.6171875,LOST
2,1,256,0.92578125,15,31.42,0.12,31.31,0.0,1904,0.625,LOST
2,1,256,0.88671875,16,30.31,0.39,29.93,0.0,1878,0.62109375,LOST
2,1,256,0.91796875,17,31.17,0.11,30.88,0.17,1942,0.6171875,RETURNED
2,1,256,0.9375,18,30.4,0.33,30.07,0.0,1905,0.74609375,LOST
2,1,256,0.96484375,19,30.28,0.22,30.07,0.0,1902,0.87109375,LOST
2,1,256,0.94921875,20,30.64,0.45,30.19,0.0,1914,0.9140625,LOST
2,1,256,0.96875,21,30.68,0.6,30.08,0.0,1903,0.91796875,LOST
2,1,256,0.97265625,22,30.28,0.12,30.17,0.0,1918,0.90234375,LOST
2,1,256,0.94140625,23,30.28,0.3,29.99,0.0,1899,0.91015625,LOST
2,1,256,0.953125,24,40.54,0.12,30.34,10.09,1920,0.90234375,RETURNED
2,1,256,0.9765625,25,30.42,0.12,30.3,0.0,1925,0.94140625,LOST
2,1,256,0.98046875,26,30.24,0.24,30.0,0.0,1901,0.953125,LOST
2,1,256,0.984375,27,30.81,0.27,30.54,0.0,1925,0.953125,LOST
2,1,256,0.97265625,28,30.52,0.45,30.07,0.0,1907,0.9609375,LOST
2,1,256,0.93359375,29,30.24,0.16,30.07,0.0,1900,0.88671875,LOST
2,1,256,0.9765625,30,30.75,0.26,30.48,0.0,1931,0.9609375,LOST
2,1,256,0.97265625,31,30.3,0.2,30.1,0.0,1903,0.8828125,LOST
2,1,256,0.9765625,32,30.44,0.28,30.16,0.0,1915,0.95703125,LOST
2,1,256,0.96484375,33,30.08,0.13,29.95,0.0,1899,0.94140625,LOST
2,1,256,0.96484375,34,30.3,0.24,30.06,0.0,1909,0.91796875,LOST
2,1,256,0.97265625,35,30.56,0.24,30.32,0.0,1915,0.9375,LOST
2,1,256,0.97265625,36,30.69,0.36,30.33,0.0,1925,0.921875,LOST
2,1,256,0.95703125,37,30.62,0.44,30.18,0.0,1912,0.9609375,LOST
2,1,256,0.9765625,38,30.49,0.2,30.28,0.0,1920,0.96484375,LOST
2,1,256,0.96875,39,30.51,0.36,30.15,0.0,1913,0.94921875,LOST
2,1,256,0.96875,40,30.84,0.29,30.55,0.0,1938,0.93359375,LOST
2,1,256,0.984375,41,30.23,0.14,30.09,0.0,1904,0.97265625,LOST
2,1,256,0.96875,42,30.36,0.42,29.94,0.0,1893,0.9296875,LOST
2,1,256,0.94921875,43,30.83,0.28,30.45,0.09,1925,0.80859375,RETURNED
2,1,256,0.98046875,44,31.07,0.52,30.55,0.0,1931,0.94921875,LOST
2,1,256,0.9765625,45,30.42,0.3,30.03,0.09,1901,0.9375,RETURNED
2,1,256,0.984375,46,30.8,0.18,30.62,0.0,1923,0.97265625,LOST
2,1,256,0.984375,47,30.94,0.1,30.83,0.0,1914,0.98046875,LOST
2,1,256,0.98828125,48,31.11,0.21,30.9,0.0,1934,0.96875,LOST
2,1,256,0.984375,49,30.4,0.13,30.27,0.0,1899,0.9765625,LOST
2,1,256,0.99609375,50,31.03,0.43,30.59,0.0,1926,0.984375,LOST
2,1,256,0.984375,51,30.5,0.24,30.26,0.0,1917,0.96875,LOST
2,1,256,0.9921875,52,30.5,0.24,30.26,0.0,1913,0.984375,LOST
2,2,256,0.8984375,0,30.63,0.12,30.51,0.0,1908,0.62109375,LOST
2,2,256,0.9296875,1,30.73,0.18,30.56,0.0,1916,0.62890625,LOST
2,2,256,0.8984375,2,31.2,0.26,30.94,0.0,1933,0.61328125,LOST
2,2,256,0.90625,3,30.42,0.12,30.3,0.0,1896,0.6171875,LOST
2,2,256,0.8984375,4,30.52,0.15,30.37,0.0,1924,0.6171875,LOST
2,2,256,0.890625,5,30.67,0.3,30.36,0.0,1914,0.6328125,LOST
2,2,256,0.8984375,6,30.1,0.19,29.91,0.0,1895,0.625,LOST
2,2,256,0.9140625,7,30.38,0.1,30.27,0.0,1904,0.609375,LOST
2,2,256,0.89453125,8,30.61,0.24,30.37,0.0,1907,0.6015625,LOST
2,2,256,0.90234375,9,30.24,0.14,30.1,0.0,1900,0.62109375,LOST
2,2,256,0.92578125,10,30.69,0.2,30.5,0.0,1925,0.640625,LOST
2,2,256,0.90625,11,30.67,0.17,30.5,0.0,1915,0.62109375,LOST
2,2,256,0.91015625,12,30.8,0.09,30.71,0.0,1918,0.625,LOST
2,2,256,0.921875,13,30.45,0.13,30.32,0.0,1912,0.625,LOST
2,2,256,0.921875,14,30.58,0.12,30.46,0.0,1925,0.62109375,LOST
2,2,256,0.93359375,15,31.73,0.2,31.53,0.0,1904,0.63671875,LOST
2,2,256,0.9140625,16,30.25,0.32,29.92,0.0,1878,0.640625,LOST
2,2,256,0.9140625,17,31.26,0.11,30.97,0.18,1942,0.609375,RETURNED
2,2,256,0.96875,18,30.53,0.42,30.11,0.0,1905,0.90234375,LOST
2,2,256,0.953125,19,30.63,0.5,30.13,0.0,1902,0.875,LOST
2,2,256,0.953125,20,30.46,0.2,30.26,0.0,1914,0.90625,LOST
2,2,256,0.96875,21,30.34,0.22,30.12,0.0,1903,0.88671875,LOST
2,2,256,0.90234375,22,30.34,0.1,30.24,0.0,1918,0.62890625,LOST
2,2,256,0.95703125,23,30.16,0.1,30.06,0.0,1899,0.91015625,LOST
2,2,256,0.95703125,24,41.79,0.96,30.52,10.31,1920,0.9140625,RETURNED
2,2,256,0.98046875,25,30.61,0.25,30.36,0.0,1925,0.95703125,LOST
2,2,256,0.9765625,26,30.24,0.2,30.04,0.0,1901,0.97265625,LOST
2,2,256,0.98046875,27,30.71,0.18,30.53,0.0,1925,0.94921875,LOST
2,2,256,0.97265625,28,30.27,0.11,30.16,0.0,1907,0.94140625,LOST
2,2,256,0.95703125,29,30.4,0.25,30.15,0.0,1900,0.89453125,LOST
2,2,256,0.94921875,30,30.91,0.29,30.63,0.0,1931,0.9140625,LOST
2,2,256,0.9453125,31,30.28,0.22,30.05,0.0,1903,0.90234375,LOST
2,2,256,0.98046875,32,30.47,0.11,30.35,0.0,1915,0.9609375,LOST
2,2,256,0.97265625,33,30.9,0.87,30.03,0.0,1899,0.953125,LOST
2,2,256,0.9921875,34,30.5,0.25,30.26,0.0,1909,0.95703125,LOST
2,2,256,0.98046875,35,30.49,0.11,30.38,0.0,1915,0.953125,LOST
2,2,256,0.9765625,36,30.85,0.18,30.67,0.0,1925,0.95703125,LOST
2,2,256,0.95703125,37,30.71,0.38,30.32,0.0,1912,0.89453125,LOST
2,2,256,0.99609375,38,31.43,0.95,30.47,0.0,1920,0.9609375,LOST
2,2,256,0.98046875,39,30.66,0.37,30.29,0.0,1913,0.9375,LOST
2,2,256,0.96875,40,30.89,0.17,30.72,0.0,1938,0.953125,LOST
2,2,256,0.96484375,41,30.63,0.32,30.31,0.0,1904,0.9375,LOST
2,2,256,0.91796875,42,32.48,2.4,30.08,0.0,1893,0.6171875,LOST
2,2,256,0.984375,43,31.05,0.37,30.54,0.14,1925,0.97265625,RETURNED
2,2,256,0.98828125,44,31.34,0.68,30.66,0.0,1931,0.9609375,LOST
2,2,256,0.98046875,45,30.49,0.11,30.25,0.13,1901,0.96875,RETURNED
2,2,256,0.98828125,46,31.23,0.31,30.91,0.0,1923,0.98046875,LOST
2,2,256,0.9921875,47,30.51,0.1,30.41,0.0,1914,0.98046875,LOST
2,2,256,0.98828125,48,30.91,0.13,30.78,0.0,1934,0.97265625,LOST
2,2,256,0.98046875,49,30.37,0.11,30.26,0.0,1899,0.9609375,LOST
2,2,256,0.98828125,50,30.74,0.12,30.63,0.0,1926,0.9765625,LOST
2,2,256,0.97265625,51,30.57,0.22,30.35,0.0,1917,0.9609375,LOST
2,2,256,0.9921875,52,30.49,0.18,30.32,0.0,1913,0.98046875,LOST
2,3,256,0.8984375,0,30.61,0.14,30.47,0.0,1908,0.6171875,LOST
2,3,256,0.87890625,1,30.76,0.18,30.57,0.0,1916,0.62890625,LOST
2,3,256,0.91015625,2,31.11,0.23,30.89,0.0,1933,0.62109375,LOST
2,3,256,0.90234375,3,30.42,0.13,30.28,0.0,1896,0.62109375,LOST
2,3,256,0.921875,4,30.9,0.24,30.66,0.0,1924,0.63671875,LOST
2,3,256,0.90234375,5,30.9,0.3,30.6,0.0,1914,0.61328125,LOST
2,3,256,0.8984375,6,30.41,0.21,30.2,0.0,1895,0.6328125,LOST
2,3,256,0.91015625,7,30.65,0.16,30.49,0.0,1904,0.61328125,LOST
2,3,256,0.91015625,8,30.68,0.13,30.55,0.0,1907,0.62109375,LOST
2,3,256,0.91796875,9,30.42,0.11,30.31,0.0,1900,0.625,LOST
2,3,256,0.921875,10,30.89,0.15,30.74,0.0,1925,0.625,LOST
2,3,256,0.90625,11,30.79,0.11,30.68,0.0,1915,0.62109375,LOST
2,3,256,0.9375,12,30.93,0.15,30.78,0.0,1918,0.625,LOST
2,3,256,0.90625,13,30.74,0.12,30.62,0.0,1912,0.62890625,LOST
2,3,256,0.90625,14,31.06,0.26,30.8,0.0,1925,0.61328125,LOST
2,3,256,0.8984375,15,31.91,0.17,31.74,0.0,1904,0.62109375,LOST
2,3,256,0.91796875,16,30.26,0.12,30.14,0.0,1878,0.625,LOST
2,3,256,0.9140625,17,31.52,0.21,31.23,0.08,1942,0.640625,RETURNED
2,3,256,0.95703125,18,30.65,0.19,30.45,0.0,1905,0.9140625,LOST
2,3,256,0.97265625,19,30.55,0.1,30.45,0.0,1902,0.90234375,LOST
2,3,256,0.9453125,20,30.87,0.29,30.58,0.0,1914,0.890625,LOST
2,3,256,0.94921875,21,31.0,0.53,30.47,0.0,1903,0.89453125,LOST
2,3,256,0.90625,22,31.09,0.54,30.56,0.0,1918,0.62109375,LOST
2,3,256,0.9375,23,30.64,0.29,30.36,0.0,1899,0.89453125,LOST
2,3,256,0.97265625,24,56.04,0.26,30.67,25.1,1920,0.91015625,RETURNED
2,3,256,0.98828125,25,31.04,0.36,30.69,0.0,1925,0.96875,LOST
2,3,256,0.98046875,26,30.56,0.15,30.41,0.0,1901,0.95703125,LOST
2,3,256,0.984375,27,30.99,0.27,30.72,0.0,1925,0.9609375,LOST
2,3,256,0.9765625,28,30.81,0.31,30.5,0.0,1907,0.9375,LOST
2,3,256,0.984375,29,30.42,0.09,30.33,0.0,1900,0.9296875,LOST
2,3,256,0.98046875,30,31.05,0.15,30.91,0.0,1931,0.97265625,LOST
2,3,256,0.96484375,31,30.43,0.11,30.32,0.0,1903,0.953125,LOST
2,3,256,0.9765625,32,30.67,0.11,30.57,0.0,1915,0.9609375,LOST
2,3,256,0.97265625,33,30.43,0.16,30.27,0.0,1899,0.96484375,LOST
2,3,256,0.96875,34,30.58,0.12,30.45,0.0,1909,0.91015625,LOST
2,3,256,0.98046875,35,30.65,0.13,30.52,0.0,1915,0.9609375,LOST
2,3,256,0.9921875,36,31.0,0.19,30.81,0.0,1925,0.97265625,LOST
2,3,256,0.953125,37,30.76,0.3,30.46,0.0,1912,0.890625,LOST
2,3,256,0.97265625,38,31.02,0.37,30.64,0.0,1920,0.95703125,LOST
2,3,256,0.984375,39,30.58,0.1,30.48,0.0,1913,0.94921875,LOST
2,3,256,0.953125,40,31.27,0.27,30.99,0.0,1938,0.91796875,LOST
2,3,256,0.96875,41,30.51,0.12,30.39,0.0,1904,0.91015625,LOST
2,3,256,0.98046875,42,30.73,0.43,30.3,0.0,1893,0.95703125,LOST
2,3,256,0.9609375,43,31.23,0.16,30.8,0.27,1925,0.9296875,RETURNED
2,3,256,0.9765625,44,31.12,0.26,30.86,0.0,1931,0.9609375,LOST
2,3,256,0.97265625,45,30.92,0.29,30.55,0.08,1901,0.9609375,RETURNED
2,3,256,0.98828125,46,31.08,0.21,30.87,0.0,1923,0.97265625,LOST
2,3,256,0.98828125,47,30.93,0.2,30.73,0.0,1914,0.984375,LOST
2,3,256,0.97265625,48,31.23,0.22,31.0,0.0,1934,0.9765625,LOST
2,3,256,0.984375,49,30.59,0.11,30.48,0.0,1899,0.9765625,LOST
2,3,256,0.9765625,50,30.99,0.25,30.74,0.0,1926,0.9296875,LOST
2,3,256,0.9765625,51,30.97,0.29,30.68,0.0,1917,0.953125,LOST
2,3,256,0.98828125,52,30.54,0.11,30.43,0.0,1913,0.97265625,LOST
3,2401.32,0.81
3,0,256,0.90625,0,30.74,0.26,30.47,0.0,1908,0.62109375,LOST
3,0,256,0.890625,1,30.86,0.1,30.77,0.0,1916,0.6328125,LOST
3,0,256,0.91796875,2,30.97,0.18,30.79,0.0,1933,0.640625,LOST
3,0,256,0.90234375,3,30.55,0.24,30.31,0.0,1896,0.62890625,LOST
3,0,256,0.88671875,4,30.88,0.17,30.72,0.0,1924,0.61328125,LOST
3,0,256,0.88671875,5,30.96,0.21,30.74,0.0,1914,0.625,LOST
3,0,256,0.921875,6,30.41,0.19,30.23,0.0,1895,0.6171875,LOST
3,0,256,0.9140625,7,30.66,0.15,30.5,0.0,1904,0.609375,LOST
3,0,256,0.921875,8,30.37,0.1,30.27,0.0,1907,0.62890625,LOST
3,0,256,0.9296875,9,30.56,0.14,30.42,0.0,1900,0.6484375,LOST
3,0,256,0.91796875,10,31.13,0.56,30.57,0.0,1925,0.61328125,LOST
3,0,256,0.91015625,11,30.97,0.25,30.73,0.0,1915,0.625,LOST
3,0,256,0.90625,12,30.68,0.19,30.49,0.0,1918,0.6171875,LOST
3,0,256,0.9296875,13,30.69,0.24,30.45,0.0,1912,0.6171875,LOST
3,0,256,0.91015625,14,30.71,0.11,30.6,0.0,1925,0.609375,LOST
3,0,256,0.92578125,15,30.7,0.26,30.44,0.0,1904,0.6171875,LOST
3,0,256,0.90625,16,30.2,0.31,29.89,0.0,1878,0.63671875,LOST
3,0,256,0.90234375,17,32.03,0.87,30.97,0.18,1942,0.62109375,RETURNED
3,0,256,0.94921875,18,30.43,0.12,30.31,0.0,1905,0.91796875,LOST
3,0,256,0.9765625,19,30.84,0.45,30.39,0.0,1902,0.90625,LOST
3,0,256,0.94140625,20,30.77,0.23,30.54,0.0,1914,0.86328125,LOST
3,0,256,0.91015625,21,30.93,0.37,30.57,0.0,1903,0.6171875,LOST
3,0,256,0.95703125,22,30.52,0.1,30.42,0.0,1918,0.796875,LOST
3,0,256,0.94921875,23,30.53,0.18,30.36,0.0,1899,0.8984375,LOST
3,0,256,0.95703125,24,31.07,0.26,30.62,0.19,1920,0.89453125,RETURNED
3,0,256,0.97265625,25,31.21,0.11,31.11,0.0,1925,0.953125,LOST
3,0,256,0.97265625,26,30.62,0.28,30.33,0.0,1901,0.9296875,LOST
3,0,256,0.96875,27,31.01,0.21,30.8,0.0,1925,0.92578125,LOST
3,0,256,0.96484375,28,30.69,0.26,30.43,0.0,1907,0.95703125,LOST
3,0,256,0.96484375,29,30.7,0.22,30.48,0.0,1900,0.9296875,LOST
3,0,256,0.94140625,30,32.22,0.98,31.24,0.0,1931,0.90625,LOST
3,0,256,0.97265625,31,30.5,0.2,30.3,0.0,1903,0.9375,LOST
3,0,256,0.9765625,32,31.09,0.47,30.62,0.0,1915,0.94140625,LOST
3,0,256,0.96875,33,30.35,0.11,30.24,0.0,1899,0.9453125,LOST
3,0,256,0.9609375,34,30.71,0.22,30.5,0.0,1909,0.953125,LOST
3,0,256,0.95703125,35,30.79,0.14,30.65,0.0,1915,0.90234375,LOST
3,0,256,0.96484375,36,30.82,0.17,30.64,0.0,1925,0.9296875,LOST
3,0,256,0.953125,37,30.53,0.15,30.38,0.0,1912,0.93359375,LOST
3,0,256,0.97265625,38,30.8,0.16,30.64,0.0,1920,0.9453125,LOST
3,0,256,0.98046875,39,31.01,0.56,30.45,0.0,1913,0.93359375,LOST
3,0,256,0.90625,40,31.19,0.12,31.07,0.0,1938,0.62890625,LOST
3,0,256,0.96875,41,30.59,0.29,30.3,0.0,1904,0.94921875,LOST
3,0,256,0.953125,42,30.34,0.15,30.19,0.0,1893,0.90234375,LOST
3,0,256,0.97265625,43,30.85,0.11,30.62,0.12,1925,0.95703125,RETURNED
3,0,256,0.984375,44,31.21,0.31,30.9,0.0,1931,0.96875,LOST
3,0,256,0.97265625,45,31.07,0.12,30.34,0.61,1901,0.9375,RETURNED
3,0,256,0.9765625,46,30.92,0.26,30.67,0.0,1923,0.97265625,LOST
3,0,256,0.9765625,47,30.68,0.18,30.5,0.0,1914,0.9765625,LOST
3,0,256,0.96484375,48,31.0,0.14,30.87,0.0,1934,0.9140625,LOST
3,0,256,0.96875,49,32.58,2.43,30.15,0.0,1899,0.95703125,LOST
3,0,256,0.984375,50,31.14,0.19,30.95,0.0,1926,0.96875,LOST
3,0,256,0.96484375,51,30.71,0.16,30.55,0.0,1917,0.94921875,LOST
3,0,256,0.98046875,52,30.84,0.29,30.55,0.0,1913,0.9765625,LOST
3,0,256,0.98828125,53,31.21,0.35,30.85,0.0,1937,0.96484375,LOST
3,0,256,0.98828125,54,30.69,0.19,30.5,0.0,1906,0.984375,LOST
3,0,256,0.95703125,55,30.44,0.13,30.31,0.0,1903,0.96484375,LOST
3,0,256,0.98046875,56,30.29,0.2,30.09,0.0,1883,0.984375,LOST
3,0,256,0.96875,57,30.71,0.18,30.53,0.0,1917,0.94140625,LOST
3,0,256,0.97265625,58,31.04,0.26,30.79,0.0,1929,0.984375,LOST
3,0,256,0.9765625,59,30.3,0.21,30.09,0.0,1884,0.96875,LOST
3,0,256,0.984375,60,30.92,0.17,30.74,0.0,1912,0.984375,LOST
3,0,256,0.97265625,61,30.3,0.12,30.18,0.0,1900,0.94921875,LOST
3,0,256,0.97265625,62,31.1,0.36,30.74,0.0,1921,0.9609375,LOST
3,0,256,0.98828125,63,30.73,0.26,30.47,0.0,1906,0.96875,LOST
3,0,256,0.94921875,64,31.14,0.2,30.94,0.0,1912,0.83984375,LOST
3,0,256,0.9765625,65,34.54,0.28,34.27,0.0,1932,0.96875,LOST
3,0,256,0.98828125,66,33.59,0.13,33.24,0.22,1913,0.984375,RETURNED
3,0,256,0.9921875,67,33.0,0.31,32.69,0.0,1892,0.984375,LOST
3,0,256,0.9921875,68,32.72,0.18,32.53,0.0,1896,0.98828125,LOST
3,0,256,0.99609375,69,34.05,0.27,33.78,0.0,1942,0.984375,LOST
3,0,256,0.9921875,70,33.11,0.45,32.67,0.0,1906,0.98828125,LOST
3,0,256,0.984375,71,33.08,0.19,32.89,0.0,1900,0.9609375,LOST
3,0,256,0.99609375,72,33.39,0.33,33.06,0.0,1913,0.9921875,LOST
3,0,256,0.9921875,73,33.6,0.13,33.47,0.0,1926,0.984375,LOST
3,0,256,0.9921875,74,33.0,0.11,32.89,0.0,1903,0.9765625,LOST
3,0,256,0.98828125,75,33.69,0.28,33.42,0.0,1892,0.98046875,LOST
3,1,256,0.87890625,0,30.76,0.18,30.58,0.0,1908,0.62109375,LOST
3,1,256,0.9140625,1,31.04,0.18,30.86,0.0,1916,0.609375,LOST
3,1,256,0.9140625,2,31.14,0.22,30.91,0.0,1933,0.6171875,LOST
3,1,256,0.9140625,3,31.13,0.72,30.42,0.0,1896,0.62890625,LOST
3,1,256,0.90625,4,31.07,0.2,30.87,0.0,1924,0.64453125,LOST
3,1,256,0.89453125,5,31.09,0.21,30.88,0.0,1914,0.6328125,LOST
3,1,256,0.8984375,6,30.84,0.19,30.64,0.0,1895,0.6171875,LOST
3,1,256,0.90234375,7,31.03,0.16,30.87,0.0,1904,0.625,LOST
3,1,256,0.91015625,8,30.86,0.12,30.74,0.0,1907,0.6171875,LOST
3,1,256,0.91015625,9,31.48,0.63,30.85,0.0,1900,0.62890625,LOST
3,1,256,0.88671875,10,31.13,0.12,31.02,0.0,1925,0.60546875,LOST
3,1,256,0.91796875,11,31.57,0.47,31.1,0.0,1915,0.61328125,LOST
3,1,256,0.8984375,12,31.01,0.18,30.83,0.0,1918,0.65234375,LOST
3,1,256,0.921875,13,31.03,0.12,30.91,0.0,1912,0.609375,LOST
3,1,256,0.90625,14,31.15,0.13,31.02,0.0,1925,0.62109375,LOST
3,1,256,0.921875,15,30.96,0.11,30.86,0.0,1904,0.625,LOST
3,1,256,0.91015625,16,30.43,0.19,30.24,0.0,1878,0.6171875,LOST
3,1,256,0.91015625,17,32.0,0.3,31.45,0.26,1942,0.6015625,RETURNED
3,1,256,0.9453125,18,30.82,0.13,30.69,0.0,1905,0.9140625,LOST
3,1,256,0.91796875,19,30.99,0.18,30.82,0.0,1902,0.6328125,LOST
3,1,256,0.97265625,20,31.15,0.12,31.03,0.0,1914,0.90625,LOST
3,1,256,0.95703125,21,31.02,0.26,30.76,0.0,1903,0.8828125,LOST
3,1,256,0.90234375,22,31.02,0.13,30.89,0.0,1918,0.6171875,LOST
3,1,256,0.9375,23,30.62,0.11,30.51,0.0,1899,0.890625,LOST
3,1,256,0.95703125,24,31.73,0.44,31.04,0.25,1920,0.89453125,RETURNED
3,1,256,0.96484375,25,31.19,0.29,30.91,0.0,1925,0.94140625,LOST
3,1,256,0.953125,26,30.71,0.18,30.53,0.0,1901,0.94140625,LOST
3,1,256,0.9765625,27,31.27,0.47,30.8,0.0,1925,0.953125,LOST
3,1,256,0.9609375,28,30.78,0.14,30.63,0.0,1907,0.890625,LOST
3,1,256,0.984375,29,30.58,0.19,30.39,0.0,1900,0.95703125,LOST
3,1,256,0.96875,30,31.61,0.33,31.28,0.0,1931,0.9375,LOST
3,1,256,0.984375,31,31.01,0.3,30.71,0.0,1903,0.95703125,LOST
3,1,256,0.9609375,32,31.65,0.6,31.05,0.0,1915,0.921875,LOST
3,1,256,0.97265625,33,31.09,0.42,30.68,0.0,1899,0.94140625,LOST
3,1,256,0.96484375,34,31.04,0.1,30.93,0.0,1909,0.9140625,LOST
3,1,256,0.9765625,35,31.49,0.58,30.91,0.0,1915,0.95703125,LOST
3,1,256,0.984375,36,31.49,0.42,31.06,0.0,1925,0.9609375,LOST
3,1,256,0.8984375,37,31.29,0.52,30.77,0.0,1912,0.61328125,LOST
3,1,256,0.96484375,38,31.15,0.12,31.03,0.0,1920,0.93359375,LOST
3,1,256,0.96484375,39,30.94,0.11,30.83,0.0,1913,0.91015625,LOST
3,1,256,0.95703125,40,31.29,0.09,31.2,0.0,1938,0.91015625,LOST
3,1,256,0.98046875,41,30.62,0.22,30.39,0.0,1904,0.921875,LOST
3,1,256,0.96875,42,30.52,0.19,30.33,0.0,1893,0.9375,LOST
3,1,256,0.97265625,43,31.21,0.15,30.72,0.35,1925,0.953125,RETURNED
3,1,256,0.98046875,44,31.14,0.12,31.02,0.0,1931,0.96875,LOST
3,1,256,0.984375,45,30.77,0.24,30.37,0.16,1901,0.953125,RETURNED
3,1,256,0.984375,46,30.94,0.13,30.81,0.0,1923,0.984375,LOST
3,1,256,0.98828125,47,30.95,0.31,30.64,0.0,1914,0.98828125,LOST
3,1,256,0.99609375,48,31.02,0.13,30.89,0.0,1934,0.984375,LOST
3,1,256,0.9765625,49,31.01,0.18,30.82,0.0,1899,0.96484375,LOST
3,1,256,0.96484375,50,31.6,0.53,31.07,0.0,1926,0.91015625,LOST
3,1,256,0.984375,51,31.12,0.34,30.79,0.0,1917,0.94140625,LOST
3,1,256,0.984375,52,31.0,0.42,30.58,0.0,1913,0.984375,LOST
3,1,256,0.9921875,53,31.3,0.24,31.06,0.0,1937,0.984375,LOST
3,1,256,0.984375,54,30.6,0.17,30.43,0.0,1906,0.96875,LOST
3,1,256,0.98046875,55,31.38,0.82,30.57,0.0,1903,0.953125,LOST
3,1,256,0.98046875,56,30.24,0.13,30.11,0.0,1883,0.9765625,LOST
3,1,256,0.98828125,57,30.88,0.12,30.76,0.0,1917,0.9609375,LOST
3,1,256,0.98046875,58,31.56,0.69,30.87,0.0,1929,0.96484375,LOST
3,1,256,0.984375,59,31.02,0.35,30.67,0.0,1884,0.97265625,LOST
3,1,256,0.9921875,60,31.01,0.2,30.81,0.0,1912,0.9609375,LOST
3,1,256,0.94140625,61,31.33,0.59,30.74,0.0,1900,0.921875,LOST
3,1,256,0.98046875,62,31.19,0.2,31.0,0.0,1921,0.97265625,LOST
3,1,256,0.98046875,63,31.1,0.18,30.93,0.0,1906,0.9765625,LOST
3,1,256,0.98828125,64,32.92,0.15,32.77,0.0,1912,0.98046875,LOST
3,1,256,0.9765625,65,34.23,0.13,34.1,0.0,1932,0.96875,LOST
3,1,256,0.9921875,66,34.18,0.21,33.36,0.62,1913,0.98828125,RETURNED
3,1,256,0.99609375,67,33.44,0.32,33.12,0.0,1892,0.98828125,LOST
3,1,256,0.984375,68,33.85,0.4,33.45,0.0,1896,0.9921875,LOST
3,1,256,0.98828125,69,33.91,0.18,33.74,0.0,1942,0.97265625,LOST
3,1,256,0.984375,70,33.92,0.38,33.54,0.0,1906,0.9453125,LOST
3,1,256,0.9921875,71,33.28,0.28,33.0,0.0,1900,0.97265625,LOST
3,1,256,0.9921875,72,34.0,0.31,33.69,0.0,1913,0.98828125,LOST
3,1,256,0.9921875,73,33.63,0.18,33.46,0.0,1926,0.98828125,LOST
3,1,256,1.0,74,19.58,0.47,19.11,0.0,1078,0.98828125,LOST
3,2,256,0.92578125,0,30.65,0.25,30.4,0.0,1908,0.6171875,LOST
3,2,256,0.9375,1,30.88,0.21,30.67,0.0,1916,0.6171875,LOST
3,2,256,0.8984375,2,31.22,0.49,30.73,0.0,1933,0.62890625,LOST
3,2,256,0.921875,3,30.46,0.2,30.26,0.0,1896,0.625,LOST
3,2,256,0.91015625,4,30.8,0.14,30.67,0.0,1924,0.62109375,LOST
3,2,256,0.90234375,5,30.75,0.11,30.64,0.0,1914,0.62109375,LOST
3,2,256,0.90625,6,30.38,0.2,30.18,0.0,1895,0.61328125,LOST
3,2,256,0.9140625,7,30.65,0.24,30.41,0.0,1904,0.6171875,LOST
3,2,256,0.8984375,8,30.46,0.19,30.28,0.0,1907,0.640625,LOST
3,2,256,0.9453125,9,30.53,0.15,30.38,0.0,1900,0.6015625,LOST
3,2,256,0.8984375,10,30.78,0.25,30.53,0.0,1925,0.6171875,LOST
3,2,256,0.890625,11,30.77,0.1,30.67,0.0,1915,0.62109375,LOST
3,2,256,0.9140625,12,30.63,0.24,30.39,0.0,1918,0.61328125,LOST
3,2,256,0.9140625,13,31.04,0.59,30.46,0.0,1912,0.6171875,LOST
3,2,256,0.890625,14,30.97,0.4,30.57,0.0,1925,0.60546875,LOST
3,2,256,0.89453125,15,30.5,0.13,30.37,0.0,1904,0.6328125,LOST
3,2,256,0.90625,16,29.9,0.11,29.78,0.0,1878,0.62890625,LOST
3,2,256,0.9140625,17,31.09,0.12,30.9,0.07,1942,0.62109375,RETURNED
3,2,256,0.94921875,18,30.48,0.24,30.24,0.0,1905,0.91796875,LOST
3,2,256,0.97265625,19,30.89,0.52,30.37,0.0,1902,0.8984375,LOST
3,2,256,0.96484375,20,30.54,0.11,30.43,0.0,1914,0.90234375,LOST
3,2,256,0.953125,21,30.59,0.13,30.47,0.0,1903,0.84765625,LOST
3,2,256,0.94921875,22,30.62,0.29,30.34,0.0,1918,0.78125,LOST
3,2,256,0.953125,23,30.4,0.12,30.27,0.0,1899,0.89453125,LOST
3,2,256,0.95703125,24,30.87,0.13,30.55,0.2,1920,0.90625,RETURNED
3,2,256,0.98046875,25,31.14,0.19,30.96,0.0,1925,0.953125,LOST
3,2,256,0.96875,26,30.54,0.29,30.25,0.0,1901,0.92578125,LOST
3,2,256,0.95703125,27,31.0,0.31,30.69,0.0,1925,0.92578125,LOST
3,2,256,0.99609375,28,30.54,0.18,30.37,0.0,1907,0.95703125,LOST
3,2,256,0.96484375,29,30.68,0.28,30.4,0.0,1900,0.95703125,LOST
3,2,256,0.98046875,30,31.42,0.36,31.06,0.0,1931,0.95703125,LOST
3,2,256,0.9609375,31,30.42,0.17,30.25,0.0,1903,0.90234375,LOST
3,2,256,0.984375,32,30.78,0.25,30.53,0.0,1915,0.9453125,LOST
3,2,256,0.9296875,33,30.31,0.11,30.21,0.0,1899,0.8671875,LOST
3,2,256,0.96875,34,30.53,0.12,30.4,0.0,1909,0.93359375,LOST
3,2,256,0.9765625,35,30.65,0.12,30.53,0.0,1915,0.9375,LOST
3,2,256,0.9453125,36,30.78,0.18,30.59,0.0,1925,0.92578125,LOST
3,2,256,0.9609375,37,30.54,0.16,30.37,0.0,1912,0.94140625,LOST
3,2,256,0.94921875,38,30.93,0.34,30.59,0.0,1920,0.8984375,LOST
3,2,256,0.98046875,39,30.6,0.24,30.37,0.0,1913,0.953125,LOST
3,2,256,0.97265625,40,31.17,0.22,30.94,0.0,1938,0.95703125,LOST
3,2,256,0.984375,41,30.58,0.33,30.25,0.0,1904,0.94921875,LOST
3,2,256,0.9765625,42,30.23,0.12,30.11,0.0,1893,0.953125,LOST
3,2,256,0.9453125,43,30.97,0.36,30.53,0.08,1925,0.94140625,RETURNED
3,2,256,0.96875,44,31.1,0.33,30.77,0.0,1931,0.9453125,LOST
3,2,256,0.984375,45,30.68,0.31,30.28,0.09,1901,0.96875,RETURNED
3,2,256,0.9765625,46,30.8,0.16,30.63,0.0,1923,0.9765625,LOST
3,2,256,0.98828125,47,30.65,0.24,30.41,0.0,1914,0.984375,LOST
3,2,256,0.984375,48,30.94,0.1,30.84,0.0,1934,0.98046875,LOST
3,2,256,0.98828125,49,30.36,0.26,30.1,0.0,1899,0.9765625,LOST
3,2,256,0.984375,50,31.02,0.17,30.85,0.0,1926,0.96484375,LOST
3,2,256,0.984375,51,30.72,0.23,30.49,0.0,1917,0.97265625,LOST
3,2,256,0.99609375,52,30.82,0.29,30.53,0.0,1913,0.97265625,LOST
3,2,256,0.97265625,53,31.14,0.37,30.77,0.0,1937,0.9453125,LOST
3,2,256,0.984375,54,30.66,0.25,30.41,0.0,1906,0.95703125,LOST
3,2,256,0.984375,55,30.54,0.3,30.24,0.0,1903,0.984375,LOST
3,2,256,0.984375,56,30.37,0.35,30.02,0.0,1883,0.95703125,LOST
3,2,256,0.984375,57,30.9,0.45,30.45,0.0,1917,0.94921875,LOST
3,2,256,0.98046875,58,30.96,0.25,30.71,0.0,1929,0.96484375,LOST
3,2,256,0.98828125,59,30.28,0.3,29.98,0.0,1884,0.984375,LOST
3,2,256,0.97265625,60,30.83,0.18,30.65,0.0,1912,0.953125,LOST
3,2,256,0.98046875,61,30.49,0.36,30.13,0.0,1900,0.984375,LOST
3,2,256,0.984375,62,31.03,0.4,30.63,0.0,1921,0.96484375,LOST
3,2,256,0.98828125,63,30.64,0.37,30.26,0.0,1906,0.96875,LOST
3,2,256,0.984375,64,31.01,0.11,30.9,0.0,1912,0.953125,LOST
3,2,256,0.9921875,65,33.2,0.12,33.08,0.0,1932,0.96875,LOST
3,2,256,0.97265625,66,33.85,0.53,33.1,0.22,1913,0.94921875,RETURNED
3,2,256,0.9921875,67,32.67,0.1,32.57,0.0,1892,0.98828125,LOST
3,2,256,0.9921875,68,32.59,0.15,32.44,0.0,1896,0.9921875,LOST
3,2,256,0.98828125,69,33.74,0.1,33.64,0.0,1942,0.97265625,LOST
3,2,256,0.97265625,70,32.69,0.09,32.59,0.0,1906,0.97265625,LOST
3,2,256,0.98046875,71,33.4,0.38,33.02,0.0,1900,0.9765625,LOST
3,2,256,0.9921875,72,32.81,0.12,32.69,0.0,1913,0.9765625,LOST
3,2,256,0.9921875,73,33.95,0.21,33.74,0.0,1926,0.96484375,LOST
3,2,256,0.98828125,74,32.99,0.25,32.75,0.0,1903,0.96484375,LOST
3,2,256,0.98828125,75,33.51,0.18,33.33,0.0,1892,0.9921875,LOST
3,3,256,0.8828125,0,30.4,0.15,30.25,0.0,1908,0.625,LOST
3,3,256,0.89453125,1,30.79,0.22,30.57,0.0,1916,0.62109375,LOST
3,3,256,0.91015625,2,30.81,0.19,30.62,0.0,1933,0.609375,LOST
3,3,256,0.90625,3,30.25,0.18,30.08,0.0,1896,0.60546875,LOST
3,3,256,0.9140625,4,30.8,0.28,30.52,0.0,1924,0.62890625,LOST
3,3,256,0.91796875,5,30.95,0.43,30.52,0.0,1914,0.61328125,LOST
3,3,256,0.91015625,6,30.2,0.15,30.05,0.0,1895,0.6171875,LOST
3,3,256,0.9140625,7,30.43,0.16,30.28,0.0,1904,0.6328125,LOST
3,3,256,0.90234375,8,30.66,0.49,30.17,0.0,1907,0.625,LOST
3,3,256,0.921875,9,30.6,0.36,30.23,0.0,1900,0.6171875,LOST
3,3,256,0.8984375,10,30.62,0.25,30.38,0.0,1925,0.609375,LOST
3,3,256,0.90625,11,30.64,0.11,30.53,0.0,1915,0.64453125,LOST
3,3,256,0.9375,12,30.67,0.41,30.26,0.0,1918,0.62109375,LOST
3,3,256,0.921875,13,30.49,0.22,30.27,0.0,1912,0.6171875,LOST
3,3,256,0.890625,14,30.91,0.51,30.39,0.0,1925,0.62109375,LOST
3,3,256,0.921875,15,30.29,0.1,30.18,0.0,1904,0.64453125,LOST
3,3,256,0.89453125,16,29.85,0.22,29.64,0.0,1878,0.62890625,LOST
3,3,256,0.91796875,17,31.03,0.17,30.74,0.12,1942,0.62109375,RETURNED
3,3,256,0.9609375,18,30.22,0.1,30.12,0.0,1905,0.88671875,LOST
3,3,256,0.9453125,19,30.49,0.27,30.21,0.0,1902,0.88671875,LOST
3,3,256,0.94921875,20,30.44,0.18,30.27,0.0,1914,0.88671875,LOST
3,3,256,0.8984375,21,30.48,0.15,30.33,0.0,1903,0.61328125,LOST
3,3,256,0.8984375,22,30.34,0.17,30.17,0.0,1918,0.61328125,LOST
3,3,256,0.94921875,23,30.39,0.26,30.14,0.0,1899,0.91796875,LOST
3,3,256,0.94921875,24,30.85,0.18,30.41,0.25,1920,0.89453125,RETURNED
3,3,256,0.96875,25,31.08,0.23,30.86,0.0,1925,0.953125,LOST
3,3,256,0.9765625,26,30.41,0.27,30.13,0.0,1901,0.953125,LOST
3,3,256,0.96484375,27,30.7,0.14,30.57,0.0,1925,0.92578125,LOST
3,3,256,0.96484375,28,30.94,0.72,30.22,0.0,1907,0.9453125,LOST
3,3,256,0.953125,29,30.46,0.21,30.24,0.0,1900,0.9375,LOST
3,3,256,0.96484375,30,30.75,0.21,30.54,0.0,1931,0.93359375,LOST
3,3,256,0.96484375,31,30.59,0.15,30.44,0.0,1903,0.89453125,LOST
3,3,256,0.96875,32,30.46,0.16,30.3,0.0,1915,0.9453125,LOST
3,3,256,0.984375,33,30.34,0.13,30.21,0.0,1899,0.953125,LOST
3,3,256,0.98046875,34,30.78,0.54,30.24,0.0,1909,0.9453125,LOST
3,3,256,0.97265625,35,30.73,0.24,30.49,0.0,1915,0.953125,LOST
3,3,256,0.97265625,36,30.7,0.31,30.39,0.0,1925,0.95703125,LOST
3,3,256,0.96875,37,30.39,0.14,30.25,0.0,1912,0.9296875,LOST
3,3,256,0.98046875,38,30.75,0.38,30.37,0.0,1920,0.953125,LOST
3,3,256,0.96484375,39,30.51,0.31,30.2,0.0,1913,0.9296875,LOST
3,3,256,0.953125,40,31.59,0.86,30.74,0.0,1938,0.93359375,LOST
3,3,256,0.9765625,41,30.36,0.26,30.1,0.0,1904,0.92578125,LOST
3,3,256,0.984375,42,30.45,0.46,29.99,0.0,1893,0.953125,LOST
3,3,256,0.96875,43,31.33,0.55,30.5,0.27,1925,0.95703125,RETURNED
3,3,256,0.98046875,44,30.85,0.23,30.62,0.0,1931,0.95703125,LOST
3,3,256,0.9765625,45,30.64,0.42,30.13,0.08,1901,0.96484375,RETURNED
3,3,256,0.98046875,46,30.92,0.48,30.44,0.0,1923,0.96875,LOST
3,3,256,0.98046875,47,30.4,0.13,30.28,0.0,1914,0.97265625,LOST
3,3,256,0.984375,48,30.92,0.22,30.7,0.0,1934,0.96875,LOST
3,3,256,0.9765625,49,30.27,0.2,30.07,0.0,1899,0.921875,LOST
3,3,256,0.96484375,50,30.95,0.25,30.71,0.0,1926,0.95703125,LOST
3,3,256,0.9921875,51,30.5,0.14,30.36,0.0,1917,0.984375,LOST
3,3,256,0.98828125,52,30.61,0.22,30.39,0.0,1913,0.984375,LOST
3,3,256,0.98828125,53,30.73,0.12,30.61,0.0,1937,0.9765625,LOST
3,3,256,0.98828125,54,30.66,0.37,30.29,0.0,1906,0.9765625,LOST
3,3,256,0.9765625,55,30.77,0.7,30.07,0.0,1903,0.97265625,LOST
3,3,256,0.97265625,56,30.14,0.22,29.92,0.0,1883,0.9609375,LOST
3,3,256,0.98828125,57,30.6,0.27,30.33,0.0,1917,0.984375,LOST
3,3,256,0.97265625,58,30.82,0.2,30.62,0.0,1929,0.96484375,LOST
3,3,256,0.98828125,59,29.98,0.14,29.84,0.0,1884,0.96875,LOST
3,3,256,0.9765625,60,31.03,0.5,30.53,0.0,1912,0.953125,LOST
3,3,256,0.9921875,61,30.23,0.22,30.01,0.0,1900,0.984375,LOST
3,3,256,0.984375,62,31.32,0.79,30.52,0.0,1921,0.97265625,LOST
3,3,256,0.98046875,63,30.57,0.42,30.15,0.0,1906,0.97265625,LOST
3,3,256,0.9765625,64,30.7,0.28,30.42,0.0,1912,0.95703125,LOST
3,3,256,0.9921875,65,32.59,0.13,32.47,0.0,1932,0.97265625,LOST
3,3,256,0.98828125,66,33.49,0.17,33.14,0.17,1913,0.984375,RETURNED
3,3,256,0.9921875,67,32.86,0.37,32.48,0.0,1892,0.98828125,LOST
3,3,256,0.9921875,68,33.32,0.69,32.64,0.0,1896,0.9765625,LOST
3,3,256,0.99609375,69,33.62,0.27,33.36,0.0,1942,0.984375,LOST
3,3,256,0.96875,70,32.5,0.11,32.39,0.0,1906,0.95703125,LOST
3,3,256,0.9921875,71,32.84,0.11,32.73,0.0,1900,0.9609375,LOST
3,3,256,0.984375,72,32.75,0.18,32.57,0.0,1913,0.97265625,LOST
3,3,256,0.98046875,73,33.48,0.19,33.29,0.0,1926,0.97265625,LOST
3,3,256,0.9921875,74,32.53,0.23,32.29,0.0,1903,0.98828125,LOST
3,3,256,0.9765625,75,33.06,0.19,32.87,0.0,1892,0.9765625,LOST
4,5162.56,0.20
4,0,256,0.9765625,0,62.7,1.0,61.7,0.0,1908,0.94140625,LOST
4,0,256,0.98046875,1,62.26,0.18,62.08,0.0,1916,0.9453125,LOST
4,0,256,0.953125,2,62.83,0.17,62.66,0.0,1933,0.796875,LOST
4,0,256,0.90625,3,61.69,0.12,61.57,0.0,1896,0.62890625,LOST
4,0,256,0.97265625,4,62.62,0.23,62.39,0.0,1924,0.9296875,LOST
4,0,256,0.953125,5,62.29,0.35,61.94,0.0,1914,0.88671875,LOST
4,0,256,0.9609375,6,61.81,0.17,61.65,0.0,1895,0.9375,LOST
4,0,256,0.9609375,7,62.09,0.3,61.79,0.0,1904,0.89453125,LOST
4,0,256,0.94921875,8,61.93,0.38,61.54,0.0,1907,0.93359375,LOST
4,0,256,0.96484375,9,61.46,0.23,61.23,0.0,1900,0.9296875,LOST
4,0,256,0.984375,10,62.03,0.24,61.79,0.0,1925,0.953125,LOST
4,0,256,0.9609375,11,61.65,0.1,61.55,0.0,1915,0.8984375,LOST
4,0,256,0.98828125,12,61.72,0.1,61.62,0.0,1918,0.95703125,LOST
4,0,256,0.9765625,13,61.71,0.18,61.54,0.0,1912,0.9609375,LOST
4,0,256,0.9765625,14,61.69,0.13,61.56,0.0,1925,0.9609375,LOST
4,0,256,0.984375,15,60.69,0.11,60.58,0.0,1904,0.9765625,LOST
4,0,256,0.98046875,16,59.97,0.23,59.75,0.0,1878,0.95703125,LOST
4,0,256,0.96875,17,62.45,0.59,61.74,0.12,1942,0.9453125,RETURNED
4,0,256,0.9765625,18,61.22,0.31,60.9,0.0,1905,0.94140625,LOST
4,0,256,0.9765625,19,60.87,0.11,60.76,0.0,1902,0.95703125,LOST
4,0,256,0.98046875,20,61.2,0.12,61.08,0.0,1914,0.953125,LOST
4,0,256,0.9765625,21,61.18,0.5,60.68,0.0,1903,0.953125,LOST
4,0,256,0.96875,22,61.61,0.14,61.47,0.0,1918,0.94921875,LOST
4,0,256,0.98828125,23,60.49,0.11,60.38,0.0,1899,0.9765625,LOST
4,1,256,0.90625,0,64.03,0.2,63.83,0.0,1908,0.62109375,LOST
4,1,256,0.90625,1,64.13,0.12,64.01,0.0,1916,0.61328125,LOST
4,1,256,0.91796875,2,64.86,0.21,64.65,0.0,1933,0.61328125,LOST
4,1,256,0.91015625,3,63.95,0.11,63.85,0.0,1896,0.625,LOST
4,1,256,0.91015625,4,64.86,0.35,64.51,0.0,1924,0.61328125,LOST
4,1,256,0.89453125,5,63.88,0.2,63.68,0.0,1914,0.62890625,LOST
4,1,256,0.91015625,6,63.64,0.25,63.38,0.0,1895,0.61328125,LOST
4,1,256,0.90234375,7,63.78,0.11,63.66,0.0,1904,0.62109375,LOST
4,1,256,0.8984375,8,63.83,0.1,63.72,0.0,1907,0.63671875,LOST
4,1,256,0.9296875,9,63.62,0.1,63.52,0.0,1900,0.640625,LOST
4,1,256,0.9375,10,64.61,0.66,63.95,0.0,1925,0.80078125,LOST
4,1,256,0.9453125,11,63.9,0.28,63.62,0.0,1915,0.88671875,LOST
4,1,256,0.95703125,12,63.28,0.1,63.18,0.0,1918,0.90625,LOST
4,1,256,0.9765625,13,63.16,0.12,63.04,0.0,1912,0.95703125,LOST
4,1,256,0.97265625,14,63.42,0.14,63.28,0.0,1925,0.94140625,LOST
4,1,256,0.953125,15,62.7,0.13,62.56,0.0,1904,0.89453125,LOST
4,1,256,0.9609375,16,62.26,0.43,61.83,0.0,1878,0.9296875,LOST
4,1,256,0.93359375,17,64.09,0.14,63.87,0.08,1942,0.91796875,RETURNED
4,1,256,0.98046875,18,62.85,0.24,62.61,0.0,1905,0.953125,LOST
4,1,256,0.953125,19,63.33,0.53,62.8,0.0,1902,0.89453125,LOST
4,1,256,0.94921875,20,64.24,0.22,64.02,0.0,1914,0.8828125,LOST
4,1,256,0.96484375,21,63.71,0.23,63.48,0.0,1903,0.93359375,LOST
4,1,256,0.953125,22,64.45,0.6,63.85,0.0,1918,0.91796875,LOST
4,1,256,0.96875,23,63.38,0.14,63.24,0.0,1899,0.890625,LOST
4,1,256,0.9453125,24,64.48,0.59,63.31,0.58,1920,0.92578125,RETURNED
4,1,256,0.96875,25,64.82,0.23,64.6,0.0,1925,0.921875,LOST
4,1,256,0.97265625,26,63.41,0.17,63.23,0.0,1901,0.95703125,LOST
4,1,256,0.96875,27,63.55,0.13,63.42,0.0,1925,0.95703125,LOST
4,1,256,0.9609375,28,62.91,0.12,62.79,0.0,1907,0.93359375,LOST
4,1,256,0.94140625,29,62.62,0.15,62.47,0.0,1900,0.8203125,LOST
4,1,256,0.96875,30,64.08,0.17,63.91,0.0,1931,0.93359375,LOST
4,1,256,0.97265625,31,62.28,0.1,62.18,0.0,1903,0.9140625,LOST
4,1,256,0.90234375,32,62.64,0.43,62.22,0.0,1915,0.6328125,LOST
4,1,256,0.9765625,33,61.88,0.18,61.7,0.0,1899,0.94140625,LOST
4,1,256,0.98046875,34,62.25,0.39,61.86,0.0,1909,0.921875,LOST
4,1,256,0.9921875,35,62.87,1.01,61.86,0.0,1915,0.95703125,LOST
4,1,256,0.98046875,36,62.88,0.66,62.22,0.0,1925,0.95703125,LOST
4,1,256,0.95703125,37,62.06,0.11,61.95,0.0,1912,0.859375,LOST
4,1,256,0.9765625,38,62.44,0.26,62.19,0.0,1920,0.95703125,LOST
4,1,256,0.984375,39,62.35,0.22,62.12,0.0,1913,0.96484375,LOST
4,1,256,0.984375,40,62.86,0.19,62.67,0.0,1938,0.9609375,LOST
4,1,256,0.95703125,41,61.91,0.27,61.63,0.0,1904,0.94140625,LOST
4,1,256,0.96484375,42,61.66,0.23,61.42,0.0,1893,0.9140625,LOST
4,1,256,0.9765625,43,62.7,0.19,62.42,0.09,1925,0.94921875,RETURNED
4,1,256,0.9921875,44,63.9,1.09,62.81,0.0,1931,0.96484375,LOST
4,1,256,0.98828125,45,62.39,0.3,61.67,0.42,1901,0.97265625,RETURNED
4,1,256,0.98828125,46,62.49,0.1,62.39,0.0,1923,0.98828125,LOST
4,1,256,0.96875,47,62.43,0.21,62.21,0.0,1914,0.9609375,LOST
4,1,256,0.9921875,48,63.14,0.37,62.77,0.0,1934,0.9921875,LOST
4,2,256,0.96484375,0,33.74,0.13,33.61,0.0,1908,0.94140625,LOST
4,2,256,0.96484375,1,31.48,0.13,31.35,0.0,1916,0.94921875,LOST
4,2,256,0.96484375,2,32.06,0.52,31.54,0.0,1933,0.92578125,LOST
4,2,256,0.97265625,3,31.22,0.13,31.09,0.0,1896,0.95703125,LOST
4,2,256,0.98828125,4,31.56,0.22,31.33,0.0,1924,0.9609375,LOST
4,2,256,0.984375,5,31.51,0.17,31.35,0.0,1914,0.95703125,LOST
4,2,256,0.91015625,6,30.91,0.1,30.81,0.0,1895,0.6328125,LOST
4,2,256,0.9609375,7,31.3,0.12,31.19,0.0,1904,0.9296875,LOST
4,2,256,0.96484375,8,31.12,0.12,31.0,0.0,1907,0.95703125,LOST
4,2,256,0.96875,9,31.59,0.18,31.41,0.0,1900,0.9453125,LOST
4,2,256,0.92578125,10,31.54,0.29,31.25,0.0,1925,0.7890625,LOST
4,2,256,0.953125,11,31.24,0.14,31.1,0.0,1915,0.9296875,LOST
4,2,256,0.9765625,12,31.16,0.31,30.85,0.0,1918,0.9453125,LOST
4,2,256,0.9765625,13,30.96,0.11,30.85,0.0,1912,0.95703125,LOST
4,2,256,0.96484375,14,31.35,0.32,31.03,0.0,1925,0.9453125,LOST
4,2,256,0.9765625,15,30.89,0.15,30.74,0.0,1904,0.9453125,LOST
4,2,256,0.95703125,16,30.44,0.31,30.13,0.0,1878,0.91796875,LOST
4,2,256,0.95703125,17,32.23,0.27,31.24,0.72,1942,0.91796875,RETURNED
4,2,256,0.96484375,18,30.64,0.23,30.41,0.0,1905,0.9375,LOST
4,2,256,0.984375,19,30.67,0.12,30.55,0.0,1902,0.95703125,LOST
4,2,256,0.9765625,20,30.84,0.25,30.59,0.0,1914,0.94921875,LOST
4,2,256,0.9765625,21,30.57,0.15,30.42,0.0,1903,0.9609375,LOST
4,2,256,0.96875,22,30.8,0.1,30.7,0.0,1918,0.94921875,LOST
4,2,256,0.97265625,23,31.26,0.89,30.36,0.0,1899,0.91015625,LOST
4,2,256,0.96875,24,31.11,0.29,30.68,0.14,1920,0.9375,RETURNED
4,2,256,0.97265625,25,30.9,0.11,30.79,0.0,1925,0.92578125,LOST
4,2,256,0.98828125,26,31.03,0.55,30.48,0.0,1901,0.96875,LOST
4,2,256,0.97265625,27,31.03,0.21,30.82,0.0,1925,0.95703125,LOST
4,2,256,0.984375,28,30.74,0.12,30.62,0.0,1907,0.96875,LOST
4,2,256,0.98828125,29,30.62,0.29,30.33,0.0,1900,0.96484375,LOST
4,2,256,0.8984375,30,31.15,0.21,30.95,0.0,1931,0.6171875,LOST
4,2,256,0.9765625,31,30.54,0.12,30.42,0.0,1903,0.953125,LOST
4,2,256,0.98828125,32,30.82,0.22,30.6,0.0,1915,0.9765625,LOST
4,2,256,0.9765625,33,30.7,0.36,30.35,0.0,1899,0.95703125,LOST
4,2,256,0.99609375,34,30.73,0.16,30.57,0.0,1909,0.97265625,LOST
4,2,256,0.97265625,35,30.95,0.34,30.61,0.0,1915,0.953125,LOST
4,2,256,0.984375,36,31.01,0.17,30.85,0.0,1925,0.96875,LOST
4,2,256,0.9765625,37,31.23,0.61,30.61,0.0,1912,0.9609375,LOST
4,2,256,0.98828125,38,31.49,0.5,30.99,0.0,1920,0.9609375,LOST
4,2,256,0.9921875,39,30.87,0.21,30.65,0.0,1913,0.9765625,LOST
4,2,256,0.98046875,40,31.25,0.17,31.08,0.0,1938,0.9609375,LOST
4,2,256,0.98046875,41,30.64,0.18,30.46,0.0,1904,0.9609375,LOST
4,2,256,0.9921875,42,30.52,0.1,30.41,0.0,1893,0.98828125,LOST
4,2,256,0.98046875,43,31.15,0.23,30.76,0.15,1925,0.96484375,RETURNED
4,2,256,0.98828125,44,31.37,0.27,31.1,0.0,1931,0.98046875,LOST
4,2,256,0.98828125,45,31.17,0.58,30.47,0.12,1901,0.9765625,RETURNED
4,2,256,0.9921875,46,31.01,0.18,30.83,0.0,1923,0.984375,LOST
4,3,256,0.97265625,0,33.76,0.19,33.56,0.0,1908,0.94921875,LOST
4,3,256,0.98828125,1,31.71,0.37,31.34,0.0,1916,0.95703125,LOST
4,3,256,0.96875,2,31.9,0.37,31.53,0.0,1933,0.9375,LOST
4,3,256,0.9609375,3,31.35,0.25,31.1,0.0,1896,0.9375,LOST
4,3,256,0.98828125,4,31.45,0.12,31.33,0.0,1924,0.9296875,LOST
4,3,256,0.98046875,5,31.81,0.49,31.32,0.0,1914,0.94140625,LOST
4,3,256,0.9609375,6,31.31,0.5,30.81,0.0,1895,0.91796875,LOST
4,3,256,0.984375,7,31.86,0.64,31.21,0.0,1904,0.9453125,LOST
4,3,256,0.95703125,8,31.21,0.23,30.98,0.0,1907,0.94921875,LOST
4,3,256,0.9609375,9,33.59,2.17,31.42,0.0,1900,0.91015625,LOST
4,3,256,0.9765625,10,31.5,0.18,31.32,0.0,1925,0.91796875,LOST
4,3,256,0.9765625,11,31.25,0.14,31.1,0.0,1915,0.95703125,LOST
4,3,256,0.9765625,12,31.02,0.17,30.85,0.0,1918,0.95703125,LOST
4,3,256,0.97265625,13,31.13,0.24,30.88,0.0,1912,0.95703125,LOST
4,3,256,0.97265625,14,31.15,0.19,30.96,0.0,1925,0.9375,LOST
4,3,256,0.96484375,15,31.78,1.02,30.75,0.0,1904,0.9296875,LOST
4,3,256,0.984375,16,30.34,0.2,30.15,0.0,1878,0.9296875,LOST
4,3,256,0.9609375,17,31.38,0.11,31.18,0.08,1942,0.9296875,RETURNED
4,3,256,0.97265625,18,30.62,0.16,30.45,0.0,1905,0.95703125,LOST
4,3,256,0.98046875,19,30.66,0.24,30.42,0.0,1902,0.9453125,LOST
4,3,256,0.96484375,20,31.25,0.61,30.64,0.0,1914,0.93359375,LOST
4,3,256,0.98046875,21,31.09,0.7,30.39,0.0,1903,0.94921875,LOST
4,3,256,0.93359375,22,30.94,0.19,30.75,0.0,1918,0.703125,LOST
4,3,256,0.95703125,23,30.58,0.24,30.33,0.0,1899,0.9296875,LOST
4,3,256,0.9765625,24,31.03,0.3,30.66,0.07,1920,0.953125,RETURNED
4,3,256,0.984375,25,31.08,0.28,30.79,0.0,1925,0.96484375,LOST
4,3,256,0.9921875,26,30.68,0.19,30.49,0.0,1901,0.96875,LOST
4,3,256,0.94921875,27,31.03,0.2,30.82,0.0,1925,0.91796875,LOST
4,3,256,0.9765625,28,30.89,0.25,30.64,0.0,1907,0.9609375,LOST
4,3,256,0.98046875,29,30.62,0.23,30.39,0.0,1900,0.96875,LOST
4,3,256,0.9765625,30,31.18,0.22,30.96,0.0,1931,0.9453125,LOST
4,3,256,0.98046875,31,30.54,0.12,30.42,0.0,1903,0.94140625,LOST
4,3,256,0.98046875,32,30.81,0.27,30.54,0.0,1915,0.9453125,LOST
4,3,256,0.96484375,33,30.52,0.15,30.37,0.0,1899,0.9375,LOST
4,3,256,0.984375,34,31.4,0.83,30.57,0.0,1909,0.96875,LOST
4,3,256,0.98828125,35,31.03,0.4,30.63,0.0,1915,0.9453125,LOST
4,3,256,0.9921875,36,31.04,0.22,30.81,0.0,1925,0.97265625,LOST
4,3,256,0.98828125,37,31.23,0.62,30.61,0.0,1912,0.9765625,LOST
4,3,256,0.984375,38,31.49,0.49,30.99,0.0,1920,0.9765625,LOST
4,3,256,0.98828125,39,30.89,0.21,30.69,0.0,1913,0.9765625,LOST
4,3,256,0.984375,40,31.74,0.65,31.09,0.0,1938,0.9609375,LOST
4,3,256,0.984375,41,30.6,0.13,30.48,0.0,1904,0.96484375,LOST
4,3,256,0.97265625,42,30.75,0.35,30.4,0.0,1893,0.91796875,LOST
4,3,256,0.98828125,43,31.0,0.11,30.76,0.13,1925,0.96875,RETURNED
4,3,256,0.98828125,44,31.32,0.19,31.13,0.0,1931,0.98828125,LOST
4,3,256,0.98828125,45,30.79,0.13,30.47,0.19,1901,0.96875,RETURNED
4,3,256,1.0,46,1.18,0.44,0.74,0.0,45,0.98828125,LOST
0,1780.27,23.04
0,0,256,0.90625,0,36.09,0.15,35.94,0.0,1908,0.62890625,LOST
0,0,256,0.92578125,1,36.22,0.19,36.03,0.0,1916,0.60546875,LOST
0,0,256,0.90625,2,36.44,0.13,36.31,0.0,1933,0.625,LOST
0,0,256,0.921875,3,35.98,0.15,35.83,0.0,1896,0.6328125,LOST
0,0,256,0.90234375,4,36.41,0.15,36.26,0.0,1924,0.640625,LOST
0,0,256,0.8828125,5,36.37,0.26,36.11,0.0,1914,0.625,LOST
0,0,256,0.91796875,6,35.9,0.12,35.78,0.0,1895,0.61328125,LOST
0,0,256,0.8984375,7,36.02,0.11,35.91,0.0,1904,0.62109375,LOST
0,0,256,0.9140625,8,36.36,0.41,35.96,0.0,1907,0.609375,LOST
0,0,256,0.89453125,9,36.27,0.2,36.07,0.0,1900,0.6171875,LOST
0,0,256,0.91015625,10,36.47,0.14,36.32,0.0,1925,0.6328125,LOST
0,0,256,0.91015625,11,36.92,0.61,36.31,0.0,1915,0.6328125,LOST
0,0,256,0.91796875,12,36.29,0.16,36.14,0.0,1918,0.6171875,LOST
0,0,256,0.890625,13,36.27,0.22,36.04,0.0,1912,0.640625,LOST
0,0,256,0.91796875,14,36.69,0.51,36.18,0.0,1925,0.62890625,LOST
0,0,256,0.921875,15,36.03,0.14,35.89,0.0,1904,0.6171875,LOST
0,0,256,0.91015625,16,35.87,0.56,35.31,0.0,1878,0.62109375,LOST
0,0,256,0.890625,17,36.74,0.2,36.41,0.13,1942,0.61328125,RETURNED
0,0,256,0.96875,18,35.87,0.11,35.76,0.0,1905,0.90625,LOST
0,0,256,0.96875,19,36.04,0.17,35.88,0.0,1902,0.90234375,LOST
0,0,256,0.95703125,20,36.57,0.62,35.95,0.0,1914,0.875,LOST
0,0,256,0.94921875,21,35.92,0.23,35.69,0.0,1903,0.890625,LOST
0,0,256,0.8984375,22,36.37,0.38,35.99,0.0,1918,0.6171875,LOST
0,0,256,0.94921875,23,35.88,0.13,35.75,0.0,1899,0.8671875,LOST
0,0,256,0.95703125,24,36.52,0.2,36.18,0.13,1920,0.9296875,RETURNED
0,0,256,0.9765625,25,37.46,0.21,37.25,0.0,1925,0.94140625,LOST
0,0,256,0.98046875,26,37.11,0.16,36.95,0.0,1901,0.9453125,LOST
0,0,256,0.94921875,27,37.63,0.23,37.4,0.0,1925,0.8828125,LOST
0,0,256,0.96484375,28,37.82,0.64,37.19,0.0,1907,0.9453125,LOST
0,0,256,0.9765625,29,37.29,0.1,37.18,0.0,1900,0.9375,LOST
0,0,256,0.953125,30,37.74,0.14,37.6,0.0,1931,0.88671875,LOST
0,0,256,0.9609375,31,37.31,0.12,37.19,0.0,1903,0.93359375,LOST
0,0,256,0.984375,32,36.04,0.1,35.94,0.0,1915,0.9296875,LOST
0,0,256,0.96484375,33,35.81,0.16,35.66,0.0,1899,0.8984375,LOST
0,0,256,0.9609375,34,35.96,0.12,35.84,0.0,1909,0.9453125,LOST
0,0,256,0.96875,35,37.23,0.26,36.96,0.0,1915,0.92578125,LOST
0,0,256,0.96875,36,37.71,0.24,37.47,0.0,1925,0.921875,LOST
0,0,256,0.95703125,37,37.25,0.12,37.13,0.0,1912,0.921875,LOST
0,0,256,0.96484375,38,37.52,0.4,37.13,0.0,1920,0.921875,LOST
0,0,256,0.9296875,39,37.49,0.4,37.09,0.0,1913,0.640625,LOST
0,0,256,0.96875,40,37.63,0.11,37.52,0.0,1938,0.921875,LOST
0,0,256,0.9921875,41,36.99,0.2,36.79,0.0,1904,0.95703125,LOST
0,0,256,0.98828125,42,36.84,0.12,36.72,0.0,1893,0.98046875,LOST
0,0,256,0.97265625,43,37.53,0.1,37.34,0.09,1925,0.9375,RETURNED
0,0,256,0.9921875,44,37.73,0.11,37.62,0.0,1931,0.97265625,LOST
0,0,256,0.984375,45,37.19,0.12,36.99,0.08,1901,0.9765625,RETURNED
0,0,256,0.98046875,46,37.38,0.11,37.27,0.0,1923,0.98046875,LOST
0,1,256,0.8984375,0,35.24,0.63,34.61,0.0,1908,0.61328125,LOST
0,1,256,0.90234375,1,34.75,0.12,34.63,0.0,1916,0.625,LOST
0,1,256,0.90625,2,35.13,0.14,34.99,0.0,1933,0.6171875,LOST
0,1,256,0.8984375,3,34.48,0.11,34.38,0.0,1896,0.62890625,LOST
0,1,256,0.8984375,4,34.95,0.11,34.84,0.0,1924,0.62890625,LOST
0,1,256,0.91796875,5,34.87,0.14,34.73,0.0,1914,0.62109375,LOST
0,1,256,0.8984375,6,34.57,0.14,34.43,0.0,1895,0.609375,LOST
0,1,256,0.91015625,7,34.65,0.13,34.52,0.0,1904,0.62109375,LOST
0,1,256,0.8828125,8,35.14,0.56,34.58,0.0,1907,0.62890625,LOST
0,1,256,0.91015625,9,34.72,0.21,34.51,0.0,1900,0.625,LOST
0,1,256,0.90625,10,35.34,0.47,34.87,0.0,1925,0.625,LOST
0,1,256,0.9140625,11,34.78,0.14,34.64,0.0,1915,0.62890625,LOST
0,1,256,0.9140625,12,34.95,0.12,34.82,0.0,1918,0.6328125,LOST
0,1,256,0.9296875,13,34.69,0.18,34.51,0.0,1912,0.63671875,LOST
0,1,256,0.9140625,14,35.03,0.13,34.9,0.0,1925,0.609375,LOST
0,1,256,0.92578125,15,34.58,0.14,34.44,0.0,1904,0.6171875,LOST
0,1,256,0.9140625,16,34.13,0.13,34.0,0.0,1878,0.6171875,LOST
0,1,256,0.921875,17,35.54,0.33,35.09,0.12,1942,0.62109375,RETURNED
0,1,256,0.96484375,18,34.66,0.19,34.47,0.0,1905,0.875,LOST
0,1,256,0.96875,19,34.57,0.24,34.33,0.0,1902,0.921875,LOST
0,1,256,0.9609375,20,36.29,1.59,34.69,0.0,1914,0.890625,LOST
0,1,256,0.91015625,21,34.41,0.12,34.3,0.0,1903,0.61328125,LOST
0,1,256,0.90625,22,34.84,0.14,34.7,0.0,1918,0.625,LOST
0,1,256,0.95703125,23,34.45,0.19,34.26,0.0,1899,0.90625,LOST
0,1,256,0.92578125,24,35.23,0.11,34.86,0.26,1920,0.625,RETURNED
0,1,256,0.94921875,25,34.94,0.22,34.72,0.0,1925,0.921875,LOST
0,1,256,0.97265625,26,34.42,0.1,34.32,0.0,1901,0.91796875,LOST
0,1,256,0.95703125,27,35.37,0.61,34.76,0.0,1925,0.921875,LOST
0,1,256,0.9765625,28,35.22,0.72,34.5,0.0,1907,0.93359375,LOST
0,1,256,0.96484375,29,34.49,0.12,34.36,0.0,1900,0.8984375,LOST
0,1,256,0.9375,30,35.4,0.32,35.08,0.0,1931,0.61328125,LOST
0,1,256,0.9609375,31,34.5,0.15,34.35,0.0,1903,0.9296875,LOST
0,1,256,0.9609375,32,34.96,0.26,34.7,0.0,1915,0.890625,LOST
0,1,256,0.9609375,33,34.33,0.13,34.2,0.0,1899,0.94140625,LOST
0,1,256,0.96875,34,34.83,0.18,34.65,0.0,1909,0.93359375,LOST
0,1,256,0.9375,35,34.75,0.13,34.62,0.0,1915,0.8828125,LOST
0,1,256,0.97265625,36,35.23,0.21,35.02,0.0,1925,0.95703125,LOST
0,1,256,0.953125,37,34.72,0.11,34.6,0.0,1912,0.90234375,LOST
0,1,256,0.9765625,38,35.08,0.24,34.84,0.0,1920,0.921875,LOST
0,1,256,0.94921875,39,34.97,0.28,34.69,0.0,1913,0.9140625,LOST
0,1,256,0.98046875,40,35.31,0.2,35.11,0.0,1938,0.94921875,LOST
0,1,256,0.98046875,41,34.51,0.11,34.4,0.0,1904,0.94140625,LOST
0,1,256,0.96875,42,34.44,0.18,34.25,0.0,1893,0.95703125,LOST
0,1,256,0.98046875,43,35.02,0.13,34.75,0.15,1925,0.95703125,RETURNED
0,1,256,0.98828125,44,35.17,0.19,34.98,0.0,1931,0.97265625,LOST
0,1,256,0.984375,45,34.75,0.21,34.46,0.08,1901,0.97265625,RETURNED
0,1,256,0.97265625,46,35.16,0.23,34.93,0.0,1923,0.9921875,LOST
0,1,256,0.98828125,47,34.72,0.16,34.56,0.0,1914,0.9921875,LOST
0,1,256,0.94921875,48,35.39,0.33,35.06,0.0,1934,0.8984375,LOST
0,2,256,0.91796875,0,34.77,0.33,34.45,0.0,1908,0.63671875,LOST
0,2,256,0.92578125,1,34.8,0.17,34.63,0.0,1916,0.6171875,LOST
0,2,256,0.8828125,2,35.09,0.22,34.87,0.0,1933,0.62890625,LOST
0,2,256,0.89453125,3,34.57,0.21,34.36,0.0,1896,0.6171875,LOST
0,2,256,0.921875,4,34.9,0.14,34.76,0.0,1924,0.61328125,LOST
0,2,256,0.89453125,5,34.82,0.12,34.7,0.0,1914,0.6171875,LOST
0,2,256,0.9140625,6,34.53,0.18,34.36,0.0,1895,0.62109375,LOST
0,2,256,0.921875,7,34.83,0.13,34.7,0.0,1904,0.63671875,LOST
0,2,256,0.90234375,8,34.65,0.15,34.51,0.0,1907,0.625,LOST
0,2,256,0.90234375,9,34.77,0.23,34.53,0.0,1900,0.609375,LOST
0,2,256,0.91796875,10,34.93,0.09,34.84,0.0,1925,0.609375,LOST
0,2,256,0.91015625,11,35.29,0.53,34.76,0.0,1915,0.62109375,LOST
0,2,256,0.91015625,12,35.07,0.29,34.78,0.0,1918,0.6171875,LOST
0,2,256,0.8984375,13,34.56,0.1,34.46,0.0,1912,0.609375,LOST
0,2,256,0.8984375,14,34.98,0.32,34.66,0.0,1925,0.625,LOST
0,2,256,0.91015625,15,34.43,0.11,34.32,0.0,1904,0.609375,LOST
0,2,256,0.92578125,16,34.16,0.15,34.01,0.0,1878,0.6171875,LOST
0,2,256,0.921875,17,39.29,3.94,35.26,0.09,1942,0.62890625,RETURNED
0,2,256,0.953125,18,34.71,0.21,34.5,0.0,1905,0.921875,LOST
0,2,256,0.94140625,19,34.54,0.12,34.42,0.0,1902,0.859375,LOST
0,2,256,0.9609375,20,35.14,0.53,34.61,0.0,1914,0.90234375,LOST
0,2,256,0.94140625,21,34.57,0.12,34.45,0.0,1903,0.875,LOST
0,2,256,0.9609375,22,35.07,0.42,34.65,0.0,1918,0.9140625,LOST
0,2,256,0.953125,23,34.52,0.15,34.37,0.0,1899,0.90625,LOST
0,2,256,0.94140625,24,35.0,0.15,34.76,0.09,1920,0.890625,RETURNED
0,2,256,0.96875,25,34.99,0.14,34.85,0.0,1925,0.94140625,LOST
0,2,256,0.97265625,26,34.56,0.23,34.33,0.0,1901,0.94921875,LOST
0,2,256,0.953125,27,35.07,0.18,34.89,0.0,1925,0.93359375,LOST
0,2,256,0.96484375,28,34.79,0.28,34.51,0.0,1907,0.92578125,LOST
0,2,256,0.95703125,29,34.66,0.12,34.54,0.0,1900,0.92578125,LOST
0,2,256,0.9609375,30,35.19,0.21,34.98,0.0,1931,0.94140625,LOST
0,2,256,0.97265625,31,34.79,0.4,34.39,0.0,1903,0.91796875,LOST
0,2,256,0.94140625,32,34.74,0.15,34.59,0.0,1915,0.921875,LOST
0,2,256,0.953125,33,34.51,0.14,34.38,0.0,1899,0.90234375,LOST
0,2,256,0.984375,34,34.71,0.12,34.59,0.0,1909,0.93359375,LOST
0,2,256,0.97265625,35,34.88,0.17,34.71,0.0,1915,0.93359375,LOST
0,2,256,0.9609375,36,34.9,0.11,34.8,0.0,1925,0.93359375,LOST
0,2,256,0.96875,37,34.89,0.23,34.66,0.0,1912,0.94921875,LOST
0,2,256,0.9609375,38,34.72,0.11,34.61,0.0,1920,0.89453125,LOST
0,2,256,0.953125,39,34.66,0.12,34.54,0.0,1913,0.90625,LOST
0,2,256,0.97265625,40,34.94,0.11,34.83,0.0,1938,0.92578125,LOST
0,2,256,0.96484375,41,34.58,0.11,34.47,0.0,1904,0.92578125,LOST
0,2,256,0.96875,42,34.41,0.1,34.31,0.0,1893,0.9375,LOST
0,2,256,0.98046875,43,37.3,2.07,34.87,0.36,1925,0.9453125,RETURNED
0,2,256,0.97265625,44,35.15,0.16,34.99,0.0,1931,0.95703125,LOST
0,2,256,0.984375,45,34.67,0.09,34.2,0.38,1901,0.96484375,RETURNED
0,2,256,0.98046875,46,34.77,0.1,34.67,0.0,1923,0.98046875,LOST
0,2,256,0.984375,47,34.56,0.12,34.44,0.0,1914,0.984375,LOST
0,2,256,1.0,48,19.68,0.24,19.45,0.0,1073,0.9921875,LOST
0,3,256,0.92578125,0,34.28,0.14,34.14,0.0,1908,0.609375,LOST
0,3,256,0.90625,1,34.44,0.26,34.19,0.0,1916,0.625,LOST
0,3,256,0.90625,2,34.73,0.14,34.6,0.0,1933,0.6328125,LOST
0,3,256,0.91015625,3,34.32,0.1,34.22,0.0,1896,0.625,LOST
0,3,256,0.9140625,4,34.7,0.19,34.52,0.0,1924,0.625,LOST
0,3,256,0.89453125,5,34.71,0.13,34.58,0.0,1914,0.62109375,LOST
0,3,256,0.93359375,6,34.31,0.31,34.01,0.0,1895,0.61328125,LOST
0,3,256,0.92578125,7,34.36,0.12,34.25,0.0,1904,0.61328125,LOST
0,3,256,0.90625,8,34.21,0.17,34.05,0.0,1907,0.6328125,LOST
0,3,256,0.89453125,9,34.32,0.19,34.13,0.0,1900,0.6171875,LOST
0,3,256,0.8984375,10,34.56,0.3,34.26,0.0,1925,0.65234375,LOST
0,3,256,0.91015625,11,34.61,0.17,34.44,0.0,1915,0.64453125,LOST
0,3,256,0.91015625,12,34.59,0.17,34.42,0.0,1918,0.609375,LOST
0,3,256,0.90234375,13,34.5,0.12,34.38,0.0,1912,0.62109375,LOST
0,3,256,0.90234375,14,34.87,0.34,34.54,0.0,1925,0.6328125,LOST
0,3,256,0.8984375,15,34.49,0.17,34.33,0.0,1904,0.609375,LOST
0,3,256,0.89453125,16,33.74,0.19,33.55,0.0,1878,0.6171875,LOST
0,3,256,0.90625,17,35.46,0.48,34.89,0.1,1942,0.62890625,RETURNED
0,3,256,0.9765625,18,34.49,0.44,34.05,0.0,1905,0.90234375,LOST
0,3,256,0.96875,19,34.4,0.18,34.23,0.0,1902,0.89453125,LOST
0,3,256,0.96484375,20,34.28,0.11,34.17,0.0,1914,0.9140625,LOST
0,3,256,0.94921875,21,34.33,0.19,34.14,0.0,1903,0.91015625,LOST
0,3,256,0.94921875,22,34.87,0.4,34.47,0.0,1918,0.8984375,LOST
0,3,256,0.890625,23,33.88,0.11,33.77,0.0,1899,0.62109375,LOST
0,3,256,0.9453125,24,34.64,0.17,34.24,0.22,1920,0.890625,RETURNED
0,3,256,0.95703125,25,34.24,0.16,34.08,0.0,1925,0.92578125,LOST
0,3,256,0.97265625,26,34.45,0.4,34.04,0.0,1901,0.9296875,LOST
0,3,256,0.9609375,27,34.58,0.11,34.47,0.0,1925,0.94140625,LOST
0,3,256,0.953125,28,34.4,0.24,34.16,0.0,1907,0.94140625,LOST
0,3,256,0.9609375,29,34.34,0.3,34.04,0.0,1900,0.94140625,LOST
0,3,256,0.96484375,30,34.7,0.22,34.48,0.0,1931,0.93359375,LOST
0,3,256,0.9609375,31,34.33,0.14,34.19,0.0,1903,0.90234375,LOST
0,3,256,0.984375,32,34.21,0.1,34.11,0.0,1915,0.953125,LOST
0,3,256,0.9765625,33,34.01,0.13,33.89,0.0,1899,0.94921875,LOST
0,3,256,0.98046875,34,34.11,0.1,34.01,0.0,1909,0.92578125,LOST
0,3,256,0.93359375,35,34.37,0.11,34.26,0.0,1915,0.828125,LOST
0,3,256,0.95703125,36,34.65,0.15,34.5,0.0,1925,0.9296875,LOST
0,3,256,0.9609375,37,34.35,0.11,34.23,0.0,1912,0.92578125,LOST
0,3,256,0.984375,38,34.45,0.12,34.34,0.0,1920,0.95703125,LOST
0,3,256,0.9375,39,34.54,0.15,34.39,0.0,1913,0.8984375,LOST
0,3,256,0.9453125,40,34.74,0.17,34.58,0.0,1938,0.921875,LOST
0,3,256,0.9609375,41,34.17,0.19,33.98,0.0,1904,0.8828125,LOST
0,3,256,0.9609375,42,33.83,0.12,33.71,0.0,1893,0.9375,LOST
0,3,256,0.98046875,43,34.79,0.1,34.6,0.09,1925,0.94140625,RETURNED
0,3,256,0.97265625,44,34.73,0.16,34.57,0.0,1931,0.96484375,LOST
0,3,256,0.9921875,45,34.7,0.13,34.23,0.35,1901,0.98046875,RETURNED
0,3,256,0.9765625,46,34.91,0.48,34.43,0.0,1923,0.94140625,LOST
0,3,256,0.98828125,47,34.26,0.14,34.12,0.0,1914,0.9921875,LOST
0,3,256,0.99609375,48,34.6,0.16,34.43,0.0,1934,0.984375,LOST
0,3,256,0.98828125,49,34.16,0.26,33.9,0.0,1899,0.984375,LOST

