0,192.68,2.81
0,0,256,0.90234375,0,37.41,0.24,36.93,0.24,1908,0.6328125,RETURNED
0,0,256,0.9609375,1,37.39,0.12,37.14,0.13,1907,0.90625,RETURNED
0,0,256,0.953125,2,37.76,0.18,37.43,0.15,1909,0.94140625,RETURNED
0,0,256,0.98828125,3,37.35,0.17,37.04,0.14,1914,0.9609375,RETURNED
0,1,256,0.90625,0,36.88,0.21,36.54,0.14,1908,0.62109375,RETURNED
0,1,256,0.953125,1,36.96,0.19,36.67,0.1,1907,0.90625,RETURNED
0,1,256,0.9609375,2,35.71,0.17,35.41,0.13,1909,0.96484375,RETURNED
0,1,256,0.99609375,3,35.68,0.17,35.4,0.12,1914,0.96875,RETURNED
0,2,256,0.90625,0,36.1,0.18,35.8,0.12,1908,0.63671875,RETURNED
0,2,256,0.94140625,1,36.26,0.22,35.83,0.2,1907,0.90234375,RETURNED
0,2,256,0.98046875,2,36.52,0.24,35.95,0.34,1909,0.9609375,RETURNED
0,2,256,0.9921875,3,36.07,0.17,35.82,0.08,1914,0.9765625,RETURNED
0,3,256,0.9296875,0,35.59,0.17,35.32,0.11,1908,0.63671875,RETURNED
0,3,256,0.94140625,1,35.43,0.19,35.11,0.12,1907,0.86328125,RETURNED
0,3,256,0.98828125,2,35.56,0.16,35.21,0.19,1909,0.94140625,RETURNED
0,3,256,0.99609375,3,35.3,0.12,35.08,0.11,1914,0.98828125,RETURNED
0,4,256,0.91015625,0,36.25,0.16,35.97,0.12,1908,0.6171875,RETURNED
0,4,256,0.9453125,1,36.38,0.11,36.05,0.22,1907,0.9140625,RETURNED
0,4,256,0.9765625,2,36.42,0.16,36.15,0.11,1909,0.96484375,RETURNED
0,4,256,0.9921875,3,35.93,0.11,35.66,0.16,1914,0.9765625,RETURNED
0,5,256,0.9140625,0,35.39,0.13,35.18,0.08,1908,0.6171875,RETURNED
0,5,256,0.96875,1,35.57,0.17,35.31,0.09,1907,0.90625,RETURNED
0,5,256,0.953125,2,35.49,0.1,35.3,0.09,1909,0.93359375,RETURNED
0,5,256,0.9921875,3,35.54,0.11,35.32,0.11,1914,0.98828125,RETURNED
0,6,256,0.9140625,0,37.66,0.1,37.44,0.12,1908,0.6171875,RETURNED
0,6,256,0.9609375,1,37.88,0.27,37.46,0.14,1907,0.92578125,RETURNED
0,6,256,0.9765625,2,37.92,0.17,37.64,0.1,1909,0.9609375,RETURNED
0,6,256,0.9921875,3,37.54,0.15,37.28,0.11,1914,0.98828125,RETURNED
0,7,256,0.90234375,0,35.55,0.13,35.34,0.08,1908,0.62890625,RETURNED
0,7,256,0.96875,1,36.14,0.1,35.72,0.32,1907,0.9296875,RETURNED
0,7,256,0.98046875,2,35.95,0.17,35.51,0.27,1909,0.9609375,RETURNED
0,7,256,0.9921875,3,35.43,0.1,35.22,0.1,1914,0.98828125,RETURNED
0,8,256,0.91015625,0,33.32,0.3,32.89,0.13,1908,0.62109375,RETURNED
0,8,256,0.94921875,1,33.39,0.18,33.02,0.18,1907,0.90234375,RETURNED
0,8,256,0.96484375,2,33.07,0.18,32.77,0.12,1909,0.95703125,RETURNED
0,8,256,0.98046875,3,33.34,0.13,33.12,0.09,1914,0.9765625,RETURNED
0,8,256,0.98828125,4,31.28,0.62,30.57,0.09,1899,0.9921875,RETURNED
0,9,256,0.921875,0,33.02,0.18,32.62,0.22,1908,0.62109375,RETURNED
0,9,256,0.96484375,1,33.34,0.13,32.97,0.24,1907,0.921875,RETURNED
0,9,256,0.97265625,2,33.49,0.26,33.06,0.17,1909,0.9375,RETURNED
0,9,256,0.99609375,3,33.75,0.1,33.51,0.15,1914,0.98046875,RETURNED
0,9,256,0.98828125,4,31.48,0.2,31.05,0.22,1899,0.9921875,RETURNED
0,10,256,0.9140625,0,33.07,0.33,32.57,0.17,1908,0.62109375,RETURNED
0,10,256,0.9453125,1,33.54,0.21,32.95,0.38,1907,0.83984375,RETURNED
0,10,256,0.9609375,2,32.99,0.2,32.66,0.13,1909,0.94140625,RETURNED
0,10,256,0.98828125,3,33.28,0.11,33.06,0.11,1914,0.9765625,RETURNED
0,10,256,0.99609375,4,30.8,0.19,30.52,0.09,1899,0.9921875,RETURNED
0,11,256,0.89453125,0,33.32,0.25,32.65,0.42,1908,0.60546875,RETURNED
0,11,256,0.94140625,1,33.32,0.2,32.97,0.14,1907,0.91796875,RETURNED
0,11,256,0.953125,2,33.16,0.15,32.89,0.13,1909,0.94921875,RETURNED
0,11,256,0.98828125,3,33.71,0.1,33.5,0.11,1914,0.96484375,RETURNED
0,11,256,1.0,4,1.01,0.17,0.74,0.1,45,0.99609375,RETURNED
0,12,256,0.890625,0,32.81,0.32,32.38,0.11,1908,0.62890625,RETURNED
0,12,256,0.9453125,1,33.12,0.26,32.66,0.21,1907,0.921875,RETURNED
0,12,256,0.9765625,2,32.68,0.25,32.33,0.09,1909,0.93359375,RETURNED
0,12,256,0.98828125,3,33.02,0.12,32.79,0.11,1914,0.96484375,RETURNED
0,12,256,0.99609375,4,30.63,0.19,30.32,0.12,1899,0.98828125,RETURNED
0,13,256,0.9140625,0,32.96,0.12,32.48,0.36,1908,0.625,RETURNED
0,13,256,0.9453125,1,33.09,0.17,32.76,0.16,1907,0.88671875,RETURNED
0,13,256,0.98046875,2,32.71,0.11,32.5,0.09,1909,0.9375,RETURNED
0,13,256,0.9921875,3,33.27,0.18,33.02,0.07,1914,0.9765625,RETURNED
0,13,256,0.99609375,4,30.87,0.21,30.5,0.15,1899,0.9921875,RETURNED
0,14,256,0.921875,0,32.83,0.12,32.5,0.21,1908,0.6171875,RETURNED
0,14,256,0.9609375,1,33.02,0.19,32.75,0.08,1907,0.875,RETURNED
0,14,256,0.96875,2,32.87,0.14,32.55,0.18,1909,0.92578125,RETURNED
0,14,256,0.99609375,3,33.29,0.15,33.02,0.12,1914,0.98046875,RETURNED
0,14,256,0.984375,4,30.65,0.11,30.36,0.18,1899,0.98046875,RETURNED
0,15,256,0.90625,0,32.79,0.16,32.45,0.18,1908,0.61328125,RETURNED
0,15,256,0.9453125,1,33.04,0.19,32.75,0.1,1907,0.9140625,RETURNED
0,15,256,0.96484375,2,32.82,0.17,32.5,0.16,1909,0.9375,RETURNED
0,15,256,0.99609375,3,33.08,0.1,32.91,0.07,1914,0.98046875,RETURNED
0,15,256,0.98046875,4,30.84,0.12,30.48,0.24,1899,0.99609375,RETURNED
1,164.81,0.19
1,0,256,0.9296875,0,35.84,0.18,35.57,0.09,1908,0.609375,RETURNED
1,0,256,0.9140625,1,35.15,0.17,34.87,0.11,1907,0.88671875,RETURNED
1,0,256,0.98828125,2,33.5,0.19,33.23,0.08,1909,0.96484375,RETURNED
1,0,256,0.99609375,3,31.06,0.19,30.77,0.11,1914,0.96875,RETURNED
1,1,256,0.90234375,0,35.79,0.28,35.42,0.08,1908,0.6171875,RETURNED
1,1,256,0.953125,1,34.83,0.13,34.61,0.09,1907,0.90234375,RETURNED
1,1,256,0.96875,2,33.22,0.11,32.89,0.22,1909,0.9453125,RETURNED
1,1,256,0.99609375,3,30.95,0.18,30.65,0.13,1914,0.9921875,RETURNED
1,2,256,0.91015625,0,35.47,0.19,35.16,0.12,1908,0.62109375,RETURNED
1,2,256,0.96875,1,34.85,0.22,34.45,0.17,1907,0.90625,RETURNED
1,2,256,0.984375,2,33.28,0.2,32.95,0.13,1909,0.9609375,RETURNED
1,2,256,0.98828125,3,30.82,0.13,30.54,0.15,1914,0.98828125,RETURNED
1,3,256,0.90234375,0,36.09,0.33,35.55,0.21,1908,0.625,RETURNED
1,3,256,0.9453125,1,35.11,0.19,34.79,0.13,1907,0.91015625,RETURNED
1,3,256,0.984375,2,33.51,0.13,33.22,0.16,1909,0.9453125,RETURNED
1,3,256,0.98828125,3,31.07,0.2,30.73,0.15,1914,0.98828125,RETURNED
1,4,256,0.90625,0,35.77,0.22,35.45,0.1,1908,0.6171875,RETURNED
1,4,256,0.9453125,1,35.04,0.17,34.76,0.11,1907,0.90625,RETURNED
1,4,256,0.94921875,2,33.37,0.14,33.13,0.1,1909,0.9609375,RETURNED
1,4,256,0.98046875,3,31.19,0.13,30.78,0.29,1914,0.96875,RETURNED
1,5,256,0.90234375,0,35.48,0.16,35.18,0.14,1908,0.609375,RETURNED
1,5,256,0.94140625,1,34.82,0.22,34.53,0.07,1907,0.91796875,RETURNED
1,5,256,0.95703125,2,33.06,0.13,32.85,0.08,1909,0.9296875,RETURNED
1,5,256,1.0,3,2.12,0.12,1.92,0.08,119,0.98828125,RETURNED
1,6,256,0.91015625,0,36.4,0.57,35.63,0.2,1908,0.625,RETURNED
1,6,256,0.953125,1,35.09,0.17,34.77,0.15,1907,0.86328125,RETURNED
1,6,256,0.96484375,2,33.4,0.11,33.11,0.18,1909,0.9453125,RETURNED
1,6,256,0.9765625,3,31.04,0.17,30.61,0.26,1914,0.96484375,RETURNED
1,7,256,0.91015625,0,35.65,0.31,35.19,0.14,1908,0.62890625,RETURNED
1,7,256,0.94921875,1,35.07,0.25,34.53,0.29,1907,0.91015625,RETURNED
1,7,256,0.96484375,2,33.27,0.17,32.98,0.12,1909,0.9296875,RETURNED
1,7,256,0.9921875,3,30.69,0.11,30.5,0.08,1914,0.9765625,RETURNED
1,8,256,0.91015625,0,33.58,0.2,33.23,0.16,1908,0.625,RETURNED
1,8,256,0.953125,1,33.7,0.21,33.4,0.09,1907,0.890625,RETURNED
1,8,256,0.9921875,2,34.2,0.45,33.57,0.18,1909,0.953125,RETURNED
1,8,256,0.96484375,3,34.38,0.19,33.89,0.29,1914,0.94921875,RETURNED
1,9,256,0.90625,0,33.45,0.1,33.22,0.12,1908,0.6171875,RETURNED
1,9,256,0.9296875,1,34.15,0.1,33.58,0.47,1907,0.828125,RETURNED
1,9,256,0.96484375,2,33.73,0.15,33.45,0.13,1909,0.9453125,RETURNED
1,9,256,0.98828125,3,33.92,0.18,33.52,0.22,1914,0.96484375,RETURNED
1,10,256,0.90234375,0,33.25,0.13,32.99,0.12,1908,0.62109375,RETURNED
1,10,256,0.953125,1,33.89,0.12,33.62,0.15,1907,0.890625,RETURNED
1,10,256,0.9609375,2,34.03,0.2,33.73,0.11,1909,0.9453125,RETURNED
1,10,256,0.98828125,3,33.67,0.33,33.24,0.09,1914,0.97265625,RETURNED
1,11,256,0.9140625,0,33.67,0.17,33.28,0.22,1908,0.609375,RETURNED
1,11,256,0.953125,1,33.76,0.17,33.39,0.19,1907,0.89453125,RETURNED
1,11,256,0.98046875,2,33.95,0.12,33.66,0.17,1909,0.95703125,RETURNED
1,11,256,0.984375,3,33.72,0.12,33.4,0.2,1914,0.9765625,RETURNED
1,12,256,0.89453125,0,33.71,0.17,33.38,0.16,1908,0.64453125,RETURNED
1,12,256,0.93359375,1,34.19,0.17,33.8,0.21,1907,0.89453125,RETURNED
1,12,256,0.9609375,2,34.33,0.24,33.88,0.21,1909,0.9296875,RETURNED
1,12,256,0.98046875,3,34.25,0.17,33.97,0.1,1914,0.9609375,RETURNED
1,13,256,0.91015625,0,33.53,0.16,33.21,0.15,1908,0.609375,RETURNED
1,13,256,0.95703125,1,33.82,0.17,33.55,0.1,1907,0.8984375,RETURNED
1,13,256,0.98828125,2,33.75,0.22,33.39,0.13,1909,0.953125,RETURNED
1,13,256,0.98828125,3,33.89,0.24,33.44,0.21,1914,0.98828125,RETURNED
1,14,256,0.91015625,0,30.73,0.22,30.35,0.16,1908,0.62890625,RETURNED
1,14,256,0.9140625,1,30.69,0.17,30.4,0.13,1907,0.609375,RETURNED
1,14,256,0.94921875,2,30.8,0.12,30.38,0.29,1909,0.953125,RETURNED
1,14,256,0.96875,3,30.73,0.16,30.49,0.08,1914,0.94921875,RETURNED
1,15,256,0.89453125,0,30.44,0.16,30.21,0.07,1908,0.6171875,RETURNED
1,15,256,0.96484375,1,30.58,0.2,30.18,0.2,1907,0.8828125,RETURNED
1,15,256,0.953125,2,30.36,0.15,30.13,0.08,1909,0.91015625,RETURNED
1,15,256,0.98046875,3,30.66,0.27,30.28,0.1,1914,0.953125,RETURNED
2,217.08,0.17
2,0,256,0.8828125,0,36.26,0.14,35.96,0.17,1908,0.6171875,RETURNED
2,0,256,0.92578125,1,36.75,0.19,36.08,0.49,1907,0.80859375,RETURNED
2,0,256,0.9765625,2,35.89,0.11,35.65,0.13,1909,0.94921875,RETURNED
2,0,256,0.984375,3,36.83,0.19,36.55,0.09,1914,0.984375,RETURNED
2,0,256,0.98046875,4,35.15,0.17,34.79,0.19,1899,0.9921875,RETURNED
2,1,256,0.90625,0,35.74,0.19,35.28,0.27,1908,0.625,RETURNED
2,1,256,0.9609375,1,35.68,0.23,35.3,0.15,1907,0.86328125,RETURNED
2,1,256,0.96875,2,35.55,0.1,35.35,0.1,1909,0.9296875,RETURNED
2,1,256,0.98046875,3,36.0,0.13,35.76,0.1,1914,0.96875,RETURNED
2,1,256,1.0,4,7.52,0.12,7.23,0.18,394,0.98828125,RETURNED
2,2,256,0.92578125,0,36.28,0.19,35.84,0.26,1908,0.6171875,RETURNED
2,2,256,0.94140625,1,36.28,0.19,35.98,0.12,1907,0.859375,RETURNED
2,2,256,0.95703125,2,36.36,0.11,36.12,0.13,1909,0.94140625,RETURNED
2,2,256,0.96484375,3,36.8,0.18,36.42,0.2,1914,0.96875,RETURNED
2,2,256,0.99609375,4,35.18,0.15,34.93,0.1,1899,0.9765625,RETURNED
2,3,256,0.90625,0,35.94,0.11,35.68,0.15,1908,0.62109375,RETURNED
2,3,256,0.9609375,1,35.96,0.15,35.69,0.11,1907,0.8984375,RETURNED
2,3,256,0.96484375,2,35.75,0.12,35.5,0.12,1909,0.95703125,RETURNED
2,3,256,0.9921875,3,36.28,0.12,36.07,0.1,1914,0.98046875,RETURNED
2,3,256,0.98828125,4,34.9,0.19,34.58,0.13,1899,0.98828125,RETURNED
2,4,256,0.88671875,0,36.3,0.12,36.04,0.14,1908,0.61328125,RETURNED
2,4,256,0.953125,1,36.37,0.26,36.0,0.12,1907,0.92578125,RETURNED
2,4,256,0.95703125,2,36.07,0.18,35.81,0.08,1909,0.9453125,RETURNED
2,4,256,0.9765625,3,36.61,0.12,36.32,0.16,1914,0.953125,RETURNED
2,4,256,0.9921875,4,34.86,0.15,34.64,0.07,1899,0.984375,RETURNED
2,5,256,0.90234375,0,36.74,0.26,36.38,0.1,1908,0.6171875,RETURNED
2,5,256,0.97265625,1,36.46,0.16,36.17,0.13,1907,0.90625,RETURNED
2,5,256,0.98828125,2,36.3,0.2,36.03,0.08,1909,0.9609375,RETURNED
2,5,256,0.99609375,3,36.95,0.11,36.71,0.12,1914,0.98828125,RETURNED
2,5,256,0.984375,4,35.6,0.31,35.17,0.12,1899,0.9921875,RETURNED
2,6,256,0.90234375,0,37.81,0.12,37.51,0.18,1908,0.62890625,RETURNED
2,6,256,0.9609375,1,37.47,0.17,37.06,0.24,1907,0.92578125,RETURNED
2,6,256,0.9765625,2,37.38,0.21,37.05,0.12,1909,0.96875,RETURNED
2,6,256,0.98828125,3,37.84,0.14,37.6,0.1,1914,0.9765625,RETURNED
2,7,256,0.8984375,0,38.7,0.79,37.81,0.1,1908,0.625,RETURNED
2,7,256,0.95703125,1,37.73,0.15,37.44,0.15,1907,0.8671875,RETURNED
2,7,256,0.984375,2,37.55,0.24,37.2,0.1,1909,0.953125,RETURNED
2,7,256,0.98046875,3,38.19,0.12,37.93,0.14,1914,0.98046875,RETURNED
2,8,256,0.89453125,0,32.82,0.27,32.43,0.12,1908,0.609375,RETURNED
2,8,256,0.9609375,1,32.86,0.18,32.6,0.08,1907,0.8984375,RETURNED
2,8,256,0.96875,2,32.69,0.16,32.44,0.09,1909,0.9453125,RETURNED
2,8,256,0.984375,3,33.56,0.17,33.3,0.08,1914,0.9609375,RETURNED
2,8,256,0.98828125,4,32.5,0.18,32.23,0.09,1899,0.9765625,RETURNED
2,9,256,0.890625,0,33.84,0.54,32.57,0.73,1908,0.64453125,RETURNED
2,9,256,0.94921875,1,33.14,0.16,32.76,0.23,1907,0.91015625,RETURNED
2,9,256,0.98046875,2,33.0,0.14,32.72,0.13,1909,0.96484375,RETURNED
2,9,256,0.9921875,3,33.7,0.11,33.25,0.34,1914,0.98046875,RETURNED
2,9,256,0.984375,4,32.74,0.18,32.43,0.13,1899,0.98046875,RETURNED
2,10,256,0.91015625,0,32.9,0.12,32.67,0.12,1908,0.625,RETURNED
2,10,256,0.9453125,1,32.91,0.17,32.62,0.12,1907,0.91015625,RETURNED
2,10,256,0.9609375,2,32.79,0.13,32.53,0.13,1909,0.93359375,RETURNED
2,10,256,0.9765625,3,33.65,0.16,33.41,0.08,1914,0.97265625,RETURNED
2,10,256,0.98046875,4,32.55,0.17,32.23,0.14,1899,0.9765625,RETURNED
2,11,256,0.921875,0,33.43,0.39,32.88,0.16,1908,0.62109375,RETURNED
2,11,256,0.9296875,1,33.41,0.11,33.22,0.08,1907,0.8671875,RETURNED
2,11,256,0.9765625,2,33.37,0.16,33.13,0.08,1909,0.96875,RETURNED
2,11,256,0.9921875,3,33.94,0.17,33.64,0.13,1914,0.98046875,RETURNED
2,11,256,0.9921875,4,33.18,0.13,32.95,0.11,1899,0.9921875,RETURNED
2,12,256,0.90234375,0,33.03,0.25,32.69,0.09,1908,0.62109375,RETURNED
2,12,256,0.97265625,1,33.14,0.14,32.91,0.09,1907,0.91796875,RETURNED
2,12,256,0.9765625,2,33.09,0.14,32.87,0.09,1909,0.9609375,RETURNED
2,12,256,0.9921875,3,33.43,0.1,33.21,0.12,1914,0.96484375,RETURNED
2,12,256,0.9921875,4,32.83,0.26,32.34,0.23,1899,0.9921875,RETURNED
2,13,256,0.91015625,0,33.06,0.28,32.68,0.1,1908,0.61328125,RETURNED
2,13,256,0.96484375,1,33.09,0.18,32.79,0.12,1907,0.91015625,RETURNED
2,13,256,0.984375,2,32.9,0.26,32.55,0.09,1909,0.96484375,RETURNED
2,13,256,0.98828125,3,33.58,0.17,33.27,0.14,1914,0.97265625,RETURNED
2,13,256,0.9921875,4,59.93,0.18,32.31,27.44,1899,0.984375,RETURNED
2,14,256,0.91015625,0,32.79,0.17,32.44,0.18,1908,0.6328125,RETURNED
2,14,256,0.9609375,1,32.88,0.15,32.65,0.09,1907,0.92578125,RETURNED
2,14,256,0.9765625,2,32.88,0.21,32.55,0.12,1909,0.94921875,RETURNED
2,14,256,0.94921875,3,33.59,0.12,33.05,0.42,1914,0.96875,RETURNED
2,14,256,0.98046875,4,32.39,0.11,32.18,0.1,1899,0.9765625,RETURNED
2,15,256,0.91796875,0,33.05,0.18,32.71,0.15,1908,0.62109375,RETURNED
2,15,256,0.96875,1,33.03,0.11,32.7,0.21,1907,0.91796875,RETURNED
2,15,256,0.9765625,2,32.99,0.17,32.56,0.26,1909,0.9609375,RETURNED
2,15,256,0.984375,3,33.52,0.11,33.3,0.12,1914,0.984375,RETURNED
2,15,256,0.9921875,4,33.3,0.71,32.3,0.28,1899,0.98828125,RETURNED
3,207.62,0.17
3,0,256,0.921875,0,33.36,0.17,33.02,0.16,1908,0.63671875,RETURNED
3,0,256,0.9609375,1,32.85,0.11,32.63,0.12,1907,0.90234375,RETURNED
3,0,256,0.96484375,2,33.14,0.14,32.79,0.22,1909,0.94140625,RETURNED
3,0,256,0.984375,3,33.01,0.17,32.66,0.17,1914,0.9609375,RETURNED
3,0,256,0.9921875,4,32.54,0.18,32.25,0.12,1899,0.98046875,RETURNED
3,1,256,0.91015625,0,33.5,0.18,33.21,0.11,1908,0.640625,RETURNED
3,1,256,0.97265625,1,33.25,0.23,32.87,0.15,1907,0.90625,RETURNED
3,1,256,0.9609375,2,33.5,0.12,33.16,0.22,1909,0.95703125,RETURNED
3,1,256,0.9765625,3,33.42,0.17,33.12,0.12,1914,0.96484375,RETURNED
3,1,256,0.99609375,4,32.88,0.19,32.55,0.15,1899,0.984375,RETURNED
3,2,256,0.91015625,0,33.28,0.16,33.01,0.1,1908,0.62890625,RETURNED
3,2,256,0.9609375,1,32.75,0.18,32.48,0.09,1907,0.9140625,RETURNED
3,2,256,0.97265625,2,32.93,0.11,32.74,0.08,1909,0.9453125,RETURNED
3,2,256,0.97265625,3,32.88,0.19,32.56,0.13,1914,0.9609375,RETURNED
3,2,256,0.99609375,4,32.54,0.26,32.17,0.12,1899,0.9921875,RETURNED
3,3,256,0.88671875,0,33.37,0.13,33.15,0.09,1908,0.66796875,RETURNED
3,3,256,0.9609375,1,33.22,0.16,32.9,0.16,1907,0.91796875,RETURNED
3,3,256,0.98046875,2,33.35,0.15,33.0,0.19,1909,0.9609375,RETURNED
3,3,256,0.98046875,3,33.29,0.11,32.79,0.39,1914,0.96484375,RETURNED
3,3,256,0.9609375,4,32.9,0.12,32.49,0.29,1899,0.96875,RETURNED
3,4,256,0.91796875,0,33.14,0.1,32.96,0.08,1908,0.625,RETURNED
3,4,256,0.9453125,1,32.9,0.18,32.61,0.11,1907,0.8828125,RETURNED
3,4,256,0.96875,2,33.09,0.12,32.87,0.1,1909,0.9609375,RETURNED
3,4,256,0.98046875,3,33.08,0.18,32.71,0.19,1914,0.97265625,RETURNED
3,4,256,0.98046875,4,32.56,0.17,32.19,0.21,1899,0.96875,RETURNED
3,5,256,0.90625,0,33.53,0.16,33.23,0.14,1908,0.6484375,RETURNED
3,5,256,0.953125,1,32.97,0.24,32.64,0.08,1907,0.90625,RETURNED
3,5,256,0.96875,2,33.03,0.15,32.82,0.07,1909,0.96875,RETURNED
3,5,256,0.96875,3,32.86,0.11,32.62,0.13,1914,0.9609375,RETURNED
3,5,256,0.9921875,4,32.38,0.15,32.06,0.16,1899,0.984375,RETURNED
3,6,256,0.91015625,0,33.38,0.2,33.09,0.1,1908,0.62109375,RETURNED
3,6,256,0.96484375,1,32.72,0.1,32.53,0.08,1907,0.875,RETURNED
3,6,256,0.96875,2,33.32,0.17,32.86,0.29,1909,0.953125,RETURNED
3,6,256,0.98046875,3,33.02,0.21,32.68,0.13,1914,0.97265625,RETURNED
3,6,256,0.98828125,4,32.39,0.17,32.05,0.17,1899,0.98046875,RETURNED
3,7,256,0.89453125,0,33.12,0.17,32.83,0.12,1908,0.62890625,RETURNED
3,7,256,0.9453125,1,32.6,0.11,32.4,0.09,1907,0.84765625,RETURNED
3,7,256,0.94140625,2,33.49,0.17,32.69,0.63,1909,0.92578125,RETURNED
3,7,256,0.96875,3,32.78,0.1,32.55,0.14,1914,0.95703125,RETURNED
3,7,256,1.0,4,25.98,0.13,25.75,0.1,1495,0.9765625,RETURNED
3,8,256,0.90625,0,38.62,0.33,38.18,0.12,1908,0.625,RETURNED
3,8,256,0.9609375,1,37.68,0.11,37.48,0.09,1907,0.90625,RETURNED
3,8,256,0.9921875,2,38.69,0.17,38.4,0.13,1909,0.97265625,RETURNED
3,8,256,0.98828125,3,38.02,0.1,37.74,0.18,1914,0.98046875,RETURNED
3,8,256,0.98828125,4,37.48,0.17,37.2,0.11,1899,0.98828125,RETURNED
3,9,256,0.91015625,0,36.08,0.13,35.82,0.12,1908,0.625,RETURNED
3,9,256,0.95703125,1,35.1,0.12,34.9,0.08,1907,0.890625,RETURNED
3,9,256,0.984375,2,36.16,0.19,35.89,0.08,1909,0.97265625,RETURNED
3,9,256,0.9765625,3,35.76,0.13,35.55,0.09,1914,0.96875,RETURNED
3,9,256,0.99609375,4,35.36,0.19,35.05,0.12,1899,0.9921875,RETURNED
3,10,256,0.8984375,0,36.0,0.11,35.78,0.11,1908,0.609375,RETURNED
3,10,256,0.953125,1,35.17,0.15,34.82,0.19,1907,0.90625,RETURNED
3,10,256,0.98046875,2,36.17,0.11,35.87,0.19,1909,0.9609375,RETURNED
3,10,256,0.984375,3,35.75,0.2,35.46,0.09,1914,0.96875,RETURNED
3,10,256,0.99609375,4,36.09,0.5,35.23,0.36,1899,0.9921875,RETURNED
3,11,256,0.8984375,0,38.44,0.2,38.05,0.19,1908,0.62890625,RETURNED
3,11,256,0.93359375,1,37.89,0.32,37.32,0.25,1907,0.90234375,RETURNED
3,11,256,0.96875,2,38.56,0.11,38.29,0.16,1909,0.9609375,RETURNED
3,11,256,0.98046875,3,37.71,0.11,37.5,0.1,1914,0.97265625,RETURNED
3,11,256,0.98828125,4,37.55,0.45,36.97,0.13,1899,0.98828125,RETURNED
3,12,256,0.90625,0,36.5,0.26,36.15,0.09,1908,0.62890625,RETURNED
3,12,256,0.953125,1,35.47,0.14,35.26,0.07,1907,0.875,RETURNED
3,12,256,0.97265625,2,36.26,0.12,35.93,0.21,1909,0.94140625,RETURNED
3,12,256,0.98828125,3,35.93,0.24,35.61,0.08,1914,0.984375,RETURNED
3,12,256,1.0,4,28.21,0.17,27.77,0.27,1495,0.98828125,RETURNED
3,13,256,0.92578125,0,36.24,0.17,35.98,0.09,1908,0.62109375,RETURNED
3,13,256,0.9609375,1,35.67,0.2,35.36,0.11,1907,0.9140625,RETURNED
3,13,256,0.96875,2,36.46,0.14,36.17,0.14,1909,0.953125,RETURNED
3,13,256,0.9921875,3,36.33,0.17,36.06,0.11,1914,0.984375,RETURNED
3,13,256,0.99609375,4,35.78,0.36,35.25,0.17,1899,0.9921875,RETURNED
3,14,256,0.92578125,0,36.89,0.12,36.66,0.11,1908,0.62109375,RETURNED
3,14,256,0.97265625,1,35.76,0.16,35.5,0.11,1907,0.91796875,RETURNED
3,14,256,0.9765625,2,36.98,0.17,36.62,0.2,1909,0.95703125,RETURNED
3,14,256,0.98828125,3,36.47,0.1,36.19,0.19,1914,0.984375,RETURNED
3,14,256,0.99609375,4,35.65,0.13,35.4,0.12,1899,0.98046875,RETURNED
3,15,256,0.90625,0,36.2,0.26,35.84,0.09,1908,0.61328125,RETURNED
3,15,256,0.9609375,1,35.46,0.19,35.1,0.16,1907,0.90625,RETURNED
3,15,256,0.96875,2,36.33,0.3,35.89,0.14,1909,0.95703125,RETURNED
3,15,256,0.98828125,3,36.02,0.15,35.62,0.25,1914,0.98046875,RETURNED
3,15,256,0.99609375,4,35.24,0.17,35.0,0.08,1899,0.984375,RETURNED
4,159.71,0.18
4,0,256,0.89453125,0,33.05,0.1,32.77,0.18,1908,0.63671875,RETURNED
4,0,256,0.94921875,1,33.4,0.26,33.0,0.14,1907,0.91015625,RETURNED
4,0,256,0.96484375,2,32.99,0.15,32.72,0.12,1909,0.94140625,RETURNED
4,0,256,0.98828125,3,33.59,0.1,33.36,0.13,1914,0.984375,RETURNED
4,1,256,0.9296875,0,33.2,0.32,32.76,0.12,1908,0.62890625,RETURNED
4,1,256,0.93359375,1,33.34,0.17,33.08,0.08,1907,0.89453125,RETURNED
4,1,256,0.9765625,2,32.81,0.17,32.55,0.09,1909,0.94140625,RETURNED
4,1,256,1.0,3,29.84,0.17,29.55,0.12,1705,0.984375,RETURNED
4,2,256,0.921875,0,32.97,0.18,32.66,0.13,1908,0.64453125,RETURNED
4,2,256,0.97265625,1,33.29,0.11,32.97,0.22,1907,0.9296875,RETURNED
4,2,256,0.984375,2,33.13,0.13,32.6,0.4,1909,0.97265625,RETURNED
4,2,256,0.984375,3,33.23,0.11,33.0,0.11,1914,0.97265625,RETURNED
4,3,256,0.91015625,0,32.97,0.17,32.67,0.13,1908,0.62109375,RETURNED
4,3,256,0.92578125,1,33.47,0.18,33.13,0.15,1907,0.87890625,RETURNED
4,3,256,0.98046875,2,33.06,0.23,32.73,0.11,1909,0.96875,RETURNED
4,3,256,0.984375,3,33.6,0.16,33.33,0.1,1914,0.9609375,RETURNED
4,4,256,0.9296875,0,32.92,0.25,32.57,0.1,1908,0.62890625,RETURNED
4,4,256,0.9453125,1,33.32,0.21,32.97,0.13,1907,0.88671875,RETURNED
4,4,256,0.98046875,2,32.99,0.1,32.82,0.07,1909,0.95703125,RETURNED
4,4,256,0.984375,3,33.7,0.4,33.08,0.22,1914,0.9765625,RETURNED
4,5,256,0.90234375,0,33.02,0.2,32.73,0.1,1908,0.62890625,RETURNED
4,5,256,0.95703125,1,33.27,0.15,33.03,0.08,1907,0.90625,RETURNED
4,5,256,0.984375,2,32.9,0.09,32.67,0.13,1909,0.97265625,RETURNED
4,5,256,0.96484375,3,33.29,0.18,33.05,0.07,1914,0.984375,RETURNED
4,6,256,0.88671875,0,32.96,0.17,32.61,0.18,1908,0.625,RETURNED
4,6,256,0.953125,1,33.29,0.15,32.99,0.15,1907,0.8984375,RETURNED
4,6,256,0.984375,2,33.22,0.1,32.62,0.51,1909,0.95703125,RETURNED
4,6,256,0.98828125,3,33.42,0.35,33.0,0.07,1914,0.9765625,RETURNED
4,7,256,0.90625,0,32.81,0.18,32.56,0.07,1908,0.625,RETURNED
4,7,256,0.97265625,1,33.36,0.26,32.99,0.11,1907,0.91796875,RETURNED
4,7,256,0.984375,2,33.19,0.42,32.65,0.12,1909,0.97265625,RETURNED
4,7,256,0.984375,3,33.28,0.11,33.02,0.15,1914,0.984375,RETURNED
4,8,256,0.89453125,0,32.88,0.16,32.59,0.13,1908,0.62109375,RETURNED
4,8,256,0.9375,1,33.14,0.41,32.63,0.09,1907,0.859375,RETURNED
4,8,256,0.9765625,2,32.9,0.27,32.51,0.12,1909,0.953125,RETURNED
4,8,256,0.9921875,3,32.21,0.12,31.93,0.16,1914,0.98046875,RETURNED
4,9,256,0.91796875,0,33.02,0.09,32.79,0.14,1908,0.625,RETURNED
4,9,256,0.97265625,1,33.65,0.56,32.97,0.11,1907,0.9140625,RETURNED
4,9,256,0.98046875,2,32.9,0.13,32.64,0.13,1909,0.953125,RETURNED
4,9,256,0.984375,3,32.96,0.55,32.34,0.08,1914,0.9765625,RETURNED
4,10,256,0.90625,0,32.85,0.17,32.56,0.13,1908,0.61328125,RETURNED
4,10,256,0.95703125,1,33.44,0.33,33.02,0.09,1907,0.89453125,RETURNED
4,10,256,0.953125,2,33.07,0.17,32.43,0.47,1909,0.890625,RETURNED
4,10,256,0.97265625,3,32.3,0.1,32.07,0.13,1914,0.9609375,RETURNED
4,11,256,0.90234375,0,32.99,0.16,32.57,0.25,1908,0.62109375,RETURNED
4,11,256,0.953125,1,32.98,0.14,32.7,0.14,1907,0.90625,RETURNED
4,11,256,0.96484375,2,32.71,0.12,32.5,0.09,1909,0.921875,RETURNED
4,11,256,0.98828125,3,32.98,0.94,31.98,0.07,1914,0.984375,RETURNED
4,12,256,0.875,0,33.13,0.18,32.85,0.1,1908,0.63671875,RETURNED
4,12,256,0.93359375,1,33.38,0.31,32.94,0.14,1907,0.89453125,RETURNED
4,12,256,0.984375,2,33.05,0.22,32.59,0.24,1909,0.93359375,RETURNED
4,12,256,0.984375,3,32.28,0.1,32.07,0.12,1914,0.98046875,RETURNED
4,13,256,0.8984375,0,32.76,0.12,32.57,0.08,1908,0.60546875,RETURNED
4,13,256,0.95703125,1,33.1,0.11,32.85,0.15,1907,0.90625,RETURNED
4,13,256,0.9765625,2,32.94,0.37,32.42,0.15,1909,0.95703125,RETURNED
4,13,256,0.96484375,3,32.19,0.1,32.0,0.09,1914,0.94921875,RETURNED
4,14,256,0.921875,0,33.3,0.24,32.51,0.55,1908,0.6328125,RETURNED
4,14,256,0.9453125,1,33.02,0.18,32.77,0.07,1907,0.86328125,RETURNED
4,14,256,0.96484375,2,32.99,0.32,32.55,0.13,1909,0.89453125,RETURNED
4,14,256,0.9765625,3,32.22,0.16,31.98,0.08,1914,0.96875,RETURNED
4,15,256,0.89453125,0,33.63,0.24,33.3,0.09,1908,0.6171875,RETURNED
4,15,256,0.9375,1,33.81,0.15,33.53,0.13,1907,0.89453125,RETURNED
4,15,256,0.94921875,2,34.04,0.12,33.32,0.59,1909,0.94140625,RETURNED
4,15,256,1.0,3,14.79,0.1,14.69,0.0,809,0.984375,LOST
5,186.15,0.17
5,0,256,0.9140625,0,33.74,0.17,33.45,0.13,1908,0.62109375,RETURNED
5,0,256,0.9453125,1,33.0,0.2,32.72,0.08,1907,0.9296875,RETURNED
5,0,256,0.9375,2,34.96,0.52,33.33,1.1,1909,0.953125,RETURNED
5,0,256,0.99609375,3,33.57,0.17,33.24,0.16,1914,0.9921875,RETURNED
5,0,256,0.99609375,4,32.84,0.19,32.57,0.07,1899,0.99609375,RETURNED
5,1,256,0.921875,0,33.51,0.19,33.23,0.08,1908,0.6328125,RETURNED
5,1,256,0.96484375,1,32.98,0.17,32.69,0.12,1907,0.921875,RETURNED
5,1,256,0.9765625,2,33.43,0.14,33.21,0.08,1909,0.9609375,RETURNED
5,1,256,0.98828125,3,32.84,0.14,32.6,0.1,1914,0.98046875,RETURNED
5,1,256,0.99609375,4,32.63,0.23,32.29,0.12,1899,0.984375,RETURNED
5,2,256,0.90625,0,33.66,0.2,33.3,0.16,1908,0.63671875,RETURNED
5,2,256,0.96484375,1,33.17,0.19,32.79,0.19,1907,0.90625,RETURNED
5,2,256,0.9921875,2,33.55,0.21,33.22,0.12,1909,0.9453125,RETURNED
5,2,256,0.9765625,3,33.67,0.22,33.09,0.36,1914,0.96875,RETURNED
5,2,256,0.98828125,4,32.76,0.14,32.5,0.12,1899,0.98828125,RETURNED
5,3,256,0.8984375,0,33.38,0.14,33.1,0.14,1908,0.62109375,RETURNED
5,3,256,0.94921875,1,32.82,0.15,32.5,0.17,1907,0.921875,RETURNED
5,3,256,0.96484375,2,33.14,0.12,32.88,0.14,1909,0.95703125,RETURNED
5,3,256,0.9765625,3,32.9,0.14,32.6,0.16,1914,0.96484375,RETURNED
5,3,256,0.9921875,4,32.57,0.18,32.27,0.12,1899,0.9765625,RETURNED
5,4,256,0.921875,0,33.53,0.12,33.09,0.32,1908,0.62890625,RETURNED
5,4,256,0.95703125,1,33.23,0.29,32.7,0.23,1907,0.91015625,RETURNED
5,4,256,0.96875,2,33.43,0.31,33.04,0.08,1909,0.9453125,RETURNED
5,4,256,0.9765625,3,33.12,0.2,32.84,0.08,1914,0.97265625,RETURNED
5,4,256,0.99609375,4,32.48,0.1,32.29,0.08,1899,0.98828125,RETURNED
5,5,256,0.92578125,0,33.34,0.15,33.11,0.08,1908,0.625,RETURNED
5,5,256,0.9453125,1,33.03,0.26,32.68,0.08,1907,0.92578125,RETURNED
5,5,256,0.9609375,2,33.18,0.12,32.93,0.14,1909,0.953125,RETURNED
5,5,256,0.97265625,3,33.05,0.29,32.53,0.23,1914,0.96484375,RETURNED
5,5,256,0.98828125,4,32.46,0.23,32.15,0.07,1899,0.98828125,RETURNED
5,6,256,0.90625,0,33.24,0.2,32.96,0.08,1908,0.625,RETURNED
5,6,256,0.953125,1,33.1,0.15,32.55,0.4,1907,0.9140625,RETURNED
5,6,256,0.96875,2,33.18,0.11,32.99,0.08,1909,0.9453125,RETURNED
5,6,256,0.97265625,3,33.16,0.16,32.63,0.37,1914,0.9609375,RETURNED
5,6,256,1.0,4,25.75,1.78,23.82,0.15,1385,0.9921875,RETURNED
5,7,256,0.9140625,0,33.3,0.18,33.02,0.09,1908,0.62109375,RETURNED
5,7,256,0.94921875,1,32.86,0.14,32.55,0.17,1907,0.86328125,RETURNED
5,7,256,0.98046875,2,33.19,0.22,32.87,0.1,1909,0.94140625,RETURNED
5,7,256,0.9921875,3,32.75,0.1,32.58,0.07,1914,0.98046875,RETURNED
5,7,256,0.98046875,4,33.38,0.26,32.26,0.87,1899,0.96484375,RETURNED
5,8,256,0.890625,0,33.47,0.11,33.22,0.13,1908,0.640625,RETURNED
5,8,256,0.9453125,1,33.93,0.56,33.23,0.15,1907,0.890625,RETURNED
5,8,256,0.9765625,2,34.15,0.39,33.6,0.17,1909,0.9453125,RETURNED
5,8,256,0.98046875,3,33.97,0.21,33.58,0.18,1914,0.96484375,RETURNED
5,8,256,0.99609375,4,33.16,0.16,32.9,0.09,1899,0.99609375,RETURNED
5,9,256,0.8984375,0,32.95,0.13,32.69,0.13,1908,0.61328125,RETURNED
5,9,256,0.93359375,1,32.69,0.24,32.36,0.08,1907,0.8671875,RETURNED
5,9,256,0.96875,2,33.41,0.33,32.94,0.13,1909,0.921875,RETURNED
5,9,256,0.984375,3,32.94,0.14,32.66,0.14,1914,0.95703125,RETURNED
5,9,256,0.984375,4,33.09,0.15,32.68,0.26,1899,0.9765625,RETURNED
5,10,256,0.8984375,0,33.49,0.32,33.03,0.14,1908,0.62890625,RETURNED
5,10,256,0.95703125,1,32.8,0.14,32.57,0.09,1907,0.875,RETURNED
5,10,256,0.96484375,2,33.42,0.11,33.06,0.25,1909,0.9453125,RETURNED
5,10,256,0.98046875,3,33.06,0.17,32.77,0.13,1914,0.96484375,RETURNED
5,10,256,0.98828125,4,33.34,0.39,32.82,0.13,1899,0.9921875,RETURNED
5,11,256,0.89453125,0,32.93,0.23,32.58,0.12,1908,0.62890625,RETURNED
5,11,256,0.97265625,1,32.7,0.17,32.38,0.14,1907,0.890625,RETURNED
5,11,256,0.9765625,2,33.41,0.18,33.13,0.1,1909,0.96484375,RETURNED
5,11,256,0.98046875,3,32.85,0.18,32.59,0.08,1914,0.96484375,RETURNED
5,11,256,0.98046875,4,32.85,0.09,32.6,0.16,1899,0.984375,RETURNED
5,12,256,0.921875,0,32.93,0.18,32.68,0.08,1908,0.62109375,RETURNED
5,12,256,0.9453125,1,32.72,0.17,32.4,0.15,1907,0.875,RETURNED
5,12,256,0.96875,2,33.56,0.17,32.79,0.6,1909,0.91796875,RETURNED
5,12,256,0.9765625,3,33.16,0.23,32.61,0.33,1914,0.96484375,RETURNED
5,12,256,0.99609375,4,32.95,0.15,32.65,0.15,1899,0.98828125,RETURNED
5,13,256,0.9296875,0,33.49,0.47,32.89,0.13,1908,0.6171875,RETURNED
5,13,256,0.94921875,1,32.91,0.21,32.55,0.15,1907,0.91796875,RETURNED
5,13,256,0.95703125,2,33.19,0.17,32.91,0.11,1909,0.94921875,RETURNED
5,13,256,0.96875,3,32.89,0.17,32.59,0.14,1914,0.953125,RETURNED
5,13,256,0.99609375,4,32.75,0.12,32.52,0.12,1899,0.9921875,RETURNED
5,14,256,0.8984375,0,33.22,0.16,32.88,0.17,1908,0.6171875,RETURNED
5,14,256,0.96484375,1,32.65,0.14,32.37,0.14,1907,0.91796875,RETURNED
5,14,256,0.9609375,2,33.33,0.17,32.98,0.18,1909,0.91796875,RETURNED
5,14,256,0.98828125,3,33.36,0.55,32.69,0.12,1914,0.9765625,RETURNED
5,14,256,0.9921875,4,33.01,0.18,32.76,0.07,1899,0.9765625,RETURNED
5,15,256,0.91796875,0,33.11,0.2,32.8,0.12,1908,0.62890625,RETURNED
5,15,256,0.9609375,1,33.04,0.31,32.62,0.11,1907,0.90625,RETURNED
5,15,256,0.97265625,2,33.67,0.12,33.25,0.3,1909,0.94921875,RETURNED
5,15,256,0.98828125,3,33.28,0.27,32.87,0.14,1914,0.98046875,RETURNED
5,15,256,0.9921875,4,33.18,0.23,32.87,0.09,1899,0.98828125,RETURNED
6,202.82,0.21
6,0,256,0.8984375,0,36.66,0.12,36.42,0.13,1908,0.62890625,RETURNED
6,0,256,0.9609375,1,34.15,0.17,33.66,0.32,1907,0.8828125,RETURNED
6,0,256,0.9765625,2,33.61,0.2,33.22,0.19,1909,0.94921875,RETURNED
6,0,256,0.9921875,3,33.63,0.11,33.41,0.11,1914,0.96484375,RETURNED
6,0,256,0.98046875,4,32.45,0.24,32.04,0.17,1899,0.98046875,RETURNED
6,1,256,0.91015625,0,36.64,0.16,36.37,0.11,1908,0.61328125,RETURNED
6,1,256,0.93359375,1,34.24,0.16,33.93,0.14,1907,0.87890625,RETURNED
6,1,256,0.98046875,2,33.68,0.2,33.29,0.19,1909,0.9609375,RETURNED
6,1,256,0.98828125,3,33.85,0.13,33.63,0.1,1914,0.9765625,RETURNED
6,1,256,1.0,4,19.73,0.12,19.47,0.14,1110,0.98828125,RETURNED
6,2,256,0.8984375,0,37.21,0.24,36.33,0.64,1908,0.62109375,RETURNED
6,2,256,0.953125,1,34.32,0.24,33.97,0.11,1907,0.875,RETURNED
6,2,256,0.96484375,2,33.83,0.23,33.45,0.15,1909,0.94140625,RETURNED
6,2,256,0.984375,3,33.74,0.1,33.53,0.12,1914,0.98046875,RETURNED
6,2,256,1.0,4,19.72,0.12,19.46,0.13,1110,0.98828125,RETURNED
6,3,256,0.8984375,0,37.08,0.23,36.7,0.15,1908,0.6171875,RETURNED
6,3,256,0.953125,1,34.43,0.44,33.88,0.11,1907,0.92578125,RETURNED
6,3,256,0.96484375,2,33.67,0.1,33.49,0.08,1909,0.953125,RETURNED
6,3,256,0.98046875,3,33.98,0.16,33.73,0.09,1914,0.97265625,RETURNED
6,3,256,0.98828125,4,32.87,0.38,32.33,0.15,1899,0.97265625,RETURNED
6,4,256,0.90625,0,37.11,0.23,36.6,0.29,1908,0.6328125,RETURNED
6,4,256,0.96484375,1,34.33,0.17,33.96,0.21,1907,0.90625,RETURNED
6,4,256,0.96875,2,33.84,0.45,33.26,0.13,1909,0.92578125,RETURNED
6,4,256,0.984375,3,34.26,0.17,34.01,0.08,1914,0.97265625,RETURNED
6,4,256,0.9921875,4,32.5,0.11,32.25,0.15,1899,0.984375,RETURNED
6,5,256,0.921875,0,36.69,0.18,36.32,0.19,1908,0.62890625,RETURNED
6,5,256,0.97265625,1,34.09,0.16,33.79,0.14,1907,0.91796875,RETURNED
6,5,256,0.96484375,2,34.37,1.06,33.23,0.08,1909,0.9609375,RETURNED
6,5,256,0.98046875,3,34.54,0.17,33.69,0.68,1914,0.97265625,RETURNED
6,5,256,0.9921875,4,32.34,0.17,32.06,0.11,1899,0.984375,RETURNED
6,6,256,0.91015625,0,33.05,0.27,32.65,0.13,1908,0.6171875,RETURNED
6,6,256,0.9453125,1,33.12,0.17,32.76,0.18,1907,0.90625,RETURNED
6,6,256,0.96875,2,32.84,0.2,32.48,0.16,1909,0.89453125,RETURNED
6,6,256,0.97265625,3,32.82,0.16,32.57,0.09,1914,0.953125,RETURNED
6,6,256,0.9921875,4,32.4,0.12,32.2,0.07,1899,0.98046875,RETURNED
6,7,256,0.890625,0,33.16,0.16,32.86,0.14,1908,0.62109375,RETURNED
6,7,256,0.94921875,1,33.42,0.18,33.1,0.13,1907,0.890625,RETURNED
6,7,256,0.97265625,2,32.84,0.14,32.59,0.12,1909,0.94921875,RETURNED
6,7,256,0.98046875,3,33.2,0.16,32.89,0.15,1914,0.96484375,RETURNED
6,7,256,0.984375,4,32.66,0.12,32.46,0.09,1899,0.9765625,RETURNED
6,8,256,0.8828125,0,33.25,0.22,32.84,0.19,1908,0.62890625,RETURNED
6,8,256,0.94140625,1,33.41,0.18,33.03,0.2,1907,0.890625,RETURNED
6,8,256,0.9765625,2,32.95,0.11,32.72,0.12,1909,0.94921875,RETURNED
6,8,256,0.98828125,3,33.25,0.17,32.95,0.13,1914,0.9765625,RETURNED
6,8,256,0.98828125,4,32.7,0.11,32.42,0.17,1899,0.98046875,RETURNED
6,9,256,0.89453125,0,33.17,0.18,32.9,0.09,1908,0.6171875,RETURNED
6,9,256,0.953125,1,33.38,0.1,33.12,0.16,1907,0.90625,RETURNED
6,9,256,0.9765625,2,32.97,0.18,32.67,0.12,1909,0.94921875,RETURNED
6,9,256,0.98828125,3,33.47,0.22,33.14,0.11,1914,0.9765625,RETURNED
6,9,256,0.9921875,4,32.87,0.15,32.64,0.07,1899,0.98828125,RETURNED
6,10,256,0.9140625,0,33.0,0.15,32.71,0.14,1908,0.6328125,RETURNED
6,10,256,0.94140625,1,33.42,0.19,33.1,0.12,1907,0.85546875,RETURNED
6,10,256,0.9609375,2,32.79,0.16,32.48,0.15,1909,0.90625,RETURNED
6,10,256,0.96875,3,33.19,0.16,32.76,0.28,1914,0.953125,RETURNED
6,10,256,0.9921875,4,32.61,0.15,32.32,0.14,1899,0.98046875,RETURNED
6,11,256,0.91015625,0,33.08,0.24,32.62,0.22,1908,0.625,RETURNED
6,11,256,0.94921875,1,33.25,0.2,32.91,0.14,1907,0.8671875,RETURNED
6,11,256,0.96875,2,32.82,0.2,32.37,0.25,1909,0.92578125,RETURNED
6,11,256,0.98046875,3,32.97,0.13,32.66,0.19,1914,0.96875,RETURNED
6,11,256,0.9921875,4,32.5,0.16,32.21,0.13,1899,0.98046875,RETURNED
6,12,256,0.90234375,0,33.12,0.12,32.71,0.28,1908,0.62890625,RETURNED
6,12,256,0.95703125,1,33.22,0.1,32.92,0.21,1907,0.87109375,RETURNED
6,12,256,0.98828125,2,32.84,0.1,32.5,0.23,1909,0.94921875,RETURNED
6,12,256,0.984375,3,33.04,0.13,32.78,0.12,1914,0.94921875,RETURNED
6,12,256,0.9921875,4,32.69,0.12,32.35,0.22,1899,0.984375,RETURNED
6,13,256,0.9140625,0,30.58,0.22,30.21,0.15,1908,0.6171875,RETURNED
6,13,256,0.91796875,1,30.29,0.1,30.07,0.12,1907,0.76171875,RETURNED
6,13,256,0.95703125,2,30.48,0.1,30.31,0.07,1909,0.8984375,RETURNED
6,13,256,0.9609375,3,30.45,0.1,30.25,0.1,1914,0.9609375,RETURNED
6,13,256,0.984375,4,30.5,0.11,30.09,0.31,1899,0.9765625,RETURNED
6,13,256,0.98828125,5,30.54,0.12,30.22,0.2,1914,0.98828125,RETURNED
6,14,256,0.8828125,0,30.51,0.12,30.33,0.07,1908,0.62109375,RETURNED
6,14,256,0.90625,1,30.56,0.26,30.14,0.16,1907,0.609375,RETURNED
6,14,256,0.9609375,2,30.71,0.22,30.37,0.12,1909,0.90625,RETURNED
6,14,256,0.97265625,3,30.52,0.15,30.28,0.08,1914,0.9453125,RETURNED
6,14,256,0.9765625,4,30.54,0.21,30.09,0.23,1899,0.9765625,RETURNED
6,14,256,0.98828125,5,30.73,0.31,30.29,0.14,1914,0.984375,RETURNED
6,15,256,0.890625,0,30.74,0.14,30.5,0.09,1908,0.62890625,RETURNED
6,15,256,0.9453125,1,30.66,0.17,30.37,0.13,1907,0.91015625,RETURNED
6,15,256,0.94140625,2,31.1,0.11,30.6,0.39,1909,0.890625,RETURNED
6,15,256,0.98046875,3,30.93,0.25,30.53,0.16,1914,0.96875,RETURNED
6,15,256,0.9921875,4,30.87,0.13,30.28,0.46,1899,0.98046875,RETURNED
6,15,256,0.9921875,5,30.71,0.12,30.47,0.11,1914,0.98828125,RETURNED
7,176.78,0.31
7,0,256,0.91015625,0,30.68,0.18,30.42,0.09,1908,0.62890625,RETURNED
7,0,256,0.96484375,1,30.79,0.09,30.61,0.08,1907,0.875,RETURNED
7,0,256,0.9609375,2,30.85,0.34,30.32,0.19,1909,0.953125,RETURNED
7,0,256,0.984375,3,34.11,0.25,33.74,0.12,1914,0.9765625,RETURNED
7,0,256,0.9921875,4,30.56,0.18,30.21,0.17,1899,0.98828125,RETURNED
7,1,256,0.92578125,0,30.84,0.12,30.62,0.11,1908,0.6328125,RETURNED
7,1,256,0.9375,1,31.07,0.18,30.78,0.11,1907,0.88671875,RETURNED
7,1,256,0.9765625,2,30.86,0.22,30.5,0.13,1909,0.95703125,RETURNED
7,1,256,0.97265625,3,34.07,0.14,33.86,0.07,1914,0.95703125,RETURNED
7,1,256,0.98046875,4,30.95,0.35,30.37,0.22,1899,0.98828125,RETURNED
7,2,256,0.87890625,0,30.97,0.13,30.7,0.14,1908,0.609375,RETURNED
7,2,256,0.94921875,1,31.18,0.15,30.94,0.09,1907,0.91015625,RETURNED
7,2,256,0.9765625,2,30.77,0.12,30.54,0.11,1909,0.9453125,RETURNED
7,2,256,0.984375,3,34.27,0.23,33.93,0.11,1914,0.9765625,RETURNED
7,2,256,0.984375,4,30.72,0.17,30.45,0.1,1899,0.97265625,RETURNED
7,3,256,0.92578125,0,30.95,0.14,30.71,0.1,1908,0.609375,RETURNED
7,3,256,0.96484375,1,31.35,0.16,31.08,0.11,1907,0.92578125,RETURNED
7,3,256,0.98828125,2,30.99,0.18,30.69,0.11,1909,0.96484375,RETURNED
7,3,256,0.98828125,3,34.4,0.18,33.99,0.23,1914,0.9765625,RETURNED
7,3,256,0.98828125,4,31.04,0.17,30.58,0.3,1899,0.984375,RETURNED
7,4,256,0.890625,0,30.83,0.11,30.64,0.08,1908,0.6171875,RETURNED
7,4,256,0.9609375,1,31.1,0.11,30.91,0.08,1907,0.921875,RETURNED
7,4,256,0.9765625,2,31.05,0.26,30.6,0.2,1909,0.95703125,RETURNED
7,4,256,0.98828125,3,35.01,0.11,33.9,1.01,1914,0.9765625,RETURNED
7,4,256,1.0,4,24.08,0.18,23.74,0.16,1481,0.98828125,RETURNED
7,5,256,0.9140625,0,61.6,0.16,61.35,0.09,1908,0.6328125,RETURNED
7,5,256,0.94921875,1,64.45,0.13,64.23,0.09,1907,0.90625,RETURNED
7,5,256,0.97265625,2,32.6,0.15,32.21,0.24,1909,0.95703125,RETURNED
7,6,256,0.9140625,0,61.7,0.21,61.38,0.11,1908,0.640625,RETURNED
7,6,256,0.953125,1,64.53,0.39,64.03,0.11,1907,0.9140625,RETURNED
7,7,256,0.89453125,0,61.8,0.1,61.61,0.09,1908,0.6171875,RETURNED
7,7,256,0.98046875,1,61.87,0.33,61.44,0.1,1907,0.96484375,RETURNED
7,8,256,0.9140625,0,31.06,0.18,30.71,0.17,1908,0.6328125,RETURNED
7,8,256,0.984375,1,31.22,0.16,30.97,0.09,1907,0.91796875,RETURNED
7,8,256,0.984375,2,30.96,0.12,30.74,0.1,1909,0.9609375,RETURNED
7,8,256,0.98828125,3,31.16,0.11,30.98,0.08,1914,0.9765625,RETURNED
7,9,256,0.9140625,0,30.67,0.15,30.43,0.09,1908,0.625,RETURNED
7,9,256,0.94921875,1,31.24,0.22,30.88,0.15,1907,0.91015625,RETURNED
7,9,256,0.9921875,2,30.66,0.11,30.44,0.12,1909,0.9765625,RETURNED
7,9,256,1.0,3,30.15,0.16,29.99,0.0,1870,0.9921875,LOST
7,10,256,0.921875,0,31.45,0.16,31.22,0.07,1908,0.62109375,RETURNED
7,10,256,0.9765625,1,32.58,0.46,31.48,0.64,1907,0.9140625,RETURNED
7,10,256,0.97265625,2,31.41,0.11,31.22,0.08,1909,0.9375,RETURNED
7,10,256,0.98828125,3,31.82,0.11,31.63,0.07,1914,0.98828125,RETURNED
7,11,256,0.92578125,0,30.71,0.11,30.49,0.11,1908,0.62109375,RETURNED
7,11,256,0.96484375,1,30.97,0.11,30.78,0.08,1907,0.87890625,RETURNED
7,11,256,0.96484375,2,30.83,0.24,30.48,0.11,1909,0.9296875,RETURNED
7,11,256,0.98828125,3,31.08,0.14,30.8,0.14,1914,0.984375,RETURNED
7,12,256,0.90625,0,30.9,0.15,30.61,0.14,1908,0.62890625,RETURNED
7,12,256,0.95703125,1,31.32,0.27,30.94,0.11,1907,0.91015625,RETURNED
7,12,256,0.98046875,2,30.88,0.19,30.61,0.08,1909,0.94921875,RETURNED
7,12,256,0.98828125,3,31.23,0.19,30.87,0.17,1914,0.98828125,RETURNED
7,13,256,0.89453125,0,30.82,0.18,30.5,0.14,1908,0.609375,RETURNED
7,13,256,0.97265625,1,31.18,0.16,30.83,0.19,1907,0.91796875,RETURNED
7,13,256,0.98828125,2,30.86,0.25,30.47,0.14,1909,0.96484375,RETURNED
7,13,256,0.96484375,3,31.0,0.15,30.74,0.11,1914,0.9609375,RETURNED
7,14,256,0.92578125,0,61.57,0.12,61.37,0.08,1908,0.62109375,RETURNED
7,14,256,0.96484375,1,61.18,0.15,60.9,0.13,1907,0.96484375,RETURNED
7,14,256,0.98828125,2,30.79,0.19,30.45,0.15,1909,0.9765625,RETURNED
7,15,256,0.9140625,0,30.24,0.11,30.03,0.09,1908,0.61328125,RETURNED
7,15,256,0.95703125,1,40.41,0.11,30.17,10.13,1907,0.87109375,RETURNED
7,15,256,0.98828125,2,30.38,0.2,30.07,0.11,1909,0.96484375,RETURNED
7,15,256,0.99609375,3,30.44,0.17,30.14,0.13,1914,0.98046875,RETURNED
8,156.50,0.78
8,0,256,0.91015625,0,32.84,0.11,32.61,0.13,1908,0.625,RETURNED
8,0,256,0.95703125,1,33.08,0.1,32.79,0.19,1907,0.875,RETURNED
8,0,256,0.984375,2,32.72,0.12,32.49,0.11,1909,0.94921875,RETURNED
8,0,256,0.98828125,3,31.25,0.12,31.01,0.11,1914,0.984375,RETURNED
8,1,256,0.91015625,0,32.8,0.11,32.55,0.13,1908,0.62890625,RETURNED
8,1,256,0.953125,1,33.02,0.18,32.72,0.13,1907,0.90625,RETURNED
8,1,256,0.984375,2,32.72,0.11,32.53,0.08,1909,0.953125,RETURNED
8,1,256,0.9921875,3,31.59,0.43,31.03,0.12,1914,0.984375,RETURNED
8,2,256,0.91796875,0,32.82,0.21,32.48,0.13,1908,0.64453125,RETURNED
8,2,256,0.95703125,1,33.07,0.18,32.79,0.1,1907,0.91015625,RETURNED
8,2,256,0.96875,2,32.83,0.27,32.45,0.12,1909,0.95703125,RETURNED
8,2,256,0.9921875,3,31.32,0.18,31.04,0.1,1914,0.984375,RETURNED
8,3,256,0.92578125,0,32.73,0.12,32.49,0.12,1908,0.609375,RETURNED
8,3,256,0.96484375,1,33.33,0.26,32.85,0.22,1907,0.92578125,RETURNED
8,3,256,0.98046875,2,32.62,0.09,32.44,0.09,1909,0.953125,RETURNED
8,3,256,0.984375,3,31.18,0.16,30.93,0.09,1914,0.984375,RETURNED
8,4,256,0.8984375,0,33.0,0.24,32.62,0.14,1908,0.609375,RETURNED
8,4,256,0.95703125,1,33.06,0.13,32.81,0.12,1907,0.91015625,RETURNED
8,4,256,0.99609375,2,32.9,0.16,32.66,0.07,1909,0.9609375,RETURNED
8,4,256,0.9921875,3,31.38,0.13,31.14,0.12,1914,0.99609375,RETURNED
8,5,256,0.92578125,0,32.76,0.2,32.4,0.16,1908,0.6328125,RETURNED
8,5,256,0.94921875,1,32.87,0.26,32.49,0.13,1907,0.90234375,RETURNED
8,5,256,0.96875,2,32.48,0.16,32.18,0.14,1909,0.94921875,RETURNED
8,5,256,0.98046875,3,31.43,0.59,30.76,0.08,1914,0.96875,RETURNED
8,6,256,0.8984375,0,33.26,0.35,32.82,0.09,1908,0.62890625,RETURNED
8,6,256,0.95703125,1,33.42,0.2,33.11,0.12,1907,0.9140625,RETURNED
8,6,256,0.98046875,2,33.33,0.24,33.0,0.09,1909,0.96484375,RETURNED
8,6,256,0.98828125,3,31.4,0.28,30.94,0.17,1914,0.984375,RETURNED
8,7,256,0.90625,0,32.76,0.13,32.52,0.12,1908,0.62109375,RETURNED
8,7,256,0.96484375,1,33.07,0.18,32.69,0.21,1907,0.92578125,RETURNED
8,7,256,0.96875,2,32.73,0.11,32.49,0.12,1909,0.9453125,RETURNED
8,7,256,1.0,3,4.69,0.38,4.02,0.28,225,0.99609375,RETURNED
8,8,256,0.90625,0,32.85,0.14,32.6,0.11,1908,0.63671875,RETURNED
8,8,256,0.94921875,1,32.98,0.12,32.77,0.09,1907,0.90625,RETURNED
8,8,256,0.95703125,2,32.82,0.17,32.51,0.14,1909,0.93359375,RETURNED
8,8,256,0.99609375,3,33.33,0.16,32.88,0.29,1914,0.96875,RETURNED
8,9,256,0.9140625,0,33.07,0.12,32.86,0.08,1908,0.62109375,RETURNED
8,9,256,0.96484375,1,33.01,0.1,32.78,0.13,1907,0.91015625,RETURNED
8,9,256,0.96875,2,32.78,0.16,32.46,0.16,1909,0.92578125,RETURNED
8,9,256,0.98046875,3,33.23,0.2,32.96,0.07,1914,0.9609375,RETURNED
8,10,256,0.91796875,0,65.38,0.1,65.19,0.09,1908,0.62109375,RETURNED
8,10,256,0.94921875,1,65.58,0.24,65.0,0.34,1907,0.94140625,RETURNED
8,11,256,0.91015625,0,33.05,0.14,32.76,0.14,1908,0.62890625,RETURNED
8,11,256,0.953125,1,33.27,0.23,32.93,0.12,1907,0.87890625,RETURNED
8,11,256,0.97265625,2,32.87,0.12,32.62,0.13,1909,0.9375,RETURNED
8,11,256,0.98046875,3,33.24,0.12,33.04,0.08,1914,0.9609375,RETURNED
8,12,256,0.90625,0,32.98,0.3,32.57,0.11,1908,0.625,RETURNED
8,12,256,0.9609375,1,33.82,0.85,32.85,0.13,1907,0.91015625,RETURNED
8,12,256,0.98828125,2,32.82,0.24,32.49,0.09,1909,0.9609375,RETURNED
8,12,256,0.984375,3,33.09,0.16,32.82,0.11,1914,0.96875,RETURNED
8,13,256,0.91796875,0,65.38,0.15,65.1,0.13,1908,0.6171875,RETURNED
8,13,256,0.96875,1,63.73,0.1,63.39,0.25,1907,0.9609375,RETURNED
8,14,256,0.89453125,0,30.63,0.36,30.09,0.18,1908,0.63671875,RETURNED
8,14,256,0.94140625,1,30.37,0.12,30.11,0.14,1907,0.87890625,RETURNED
8,14,256,0.9609375,2,30.43,0.24,30.07,0.11,1909,0.91015625,RETURNED
8,14,256,0.96875,3,30.42,0.14,30.2,0.08,1914,0.953125,RETURNED
8,15,256,0.9140625,0,30.62,0.2,30.31,0.12,1908,0.62109375,RETURNED
8,15,256,0.94140625,1,30.54,0.22,30.22,0.09,1907,0.78515625,RETURNED
8,15,256,0.96875,2,30.76,0.31,30.31,0.14,1909,0.9140625,RETURNED
8,15,256,0.9921875,3,30.71,0.23,30.37,0.1,1914,0.96875,RETURNED
9,202.26,0.24
9,0,256,0.91796875,0,92.21,0.1,91.95,0.16,1908,0.6328125,RETURNED
9,0,256,0.99609375,1,91.33,0.09,91.11,0.13,1907,0.984375,RETURNED
9,1,256,0.91796875,0,31.26,0.36,30.73,0.16,1908,0.6328125,RETURNED
9,1,256,0.9609375,1,30.74,0.21,30.39,0.14,1907,0.91796875,RETURNED
9,1,256,0.95703125,2,30.91,0.15,30.56,0.2,1909,0.90234375,RETURNED
9,1,256,0.9921875,3,30.8,0.15,30.52,0.13,1914,0.984375,RETURNED
9,2,256,0.90234375,0,30.79,0.11,30.6,0.09,1908,0.625,RETURNED
9,2,256,0.93359375,1,30.91,0.46,30.35,0.1,1907,0.86328125,RETURNED
9,2,256,0.984375,2,30.73,0.18,30.47,0.08,1909,0.9453125,RETURNED
9,2,256,0.9765625,3,30.74,0.17,30.42,0.15,1914,0.96484375,RETURNED
9,3,256,0.91015625,0,31.07,0.25,30.71,0.11,1908,0.6171875,RETURNED
9,3,256,0.9453125,1,30.62,0.12,30.37,0.13,1907,0.875,RETURNED
9,3,256,0.96875,2,30.78,0.11,30.58,0.09,1909,0.94140625,RETURNED
9,3,256,0.984375,3,30.86,0.11,30.55,0.19,1914,0.9765625,RETURNED
9,4,256,0.8984375,0,92.07,0.11,91.83,0.13,1908,0.6328125,RETURNED
9,4,256,0.9609375,1,91.04,0.19,90.74,0.1,1907,0.9375,RETURNED
9,5,256,0.90234375,0,31.08,0.2,30.76,0.12,1908,0.62109375,RETURNED
9,5,256,0.9453125,1,30.64,0.17,30.37,0.1,1907,0.83203125,RETURNED
9,5,256,0.96484375,2,30.73,0.16,30.49,0.08,1909,0.92578125,RETURNED
9,5,256,0.98828125,3,30.6,0.14,30.37,0.09,1914,0.984375,RETURNED
9,6,256,0.8984375,0,91.8,0.16,91.52,0.11,1908,0.625,RETURNED
9,6,256,0.9765625,1,88.62,0.19,88.35,0.08,1907,0.953125,RETURNED
9,7,256,0.91796875,0,33.45,0.12,33.26,0.08,1908,0.625,RETURNED
9,7,256,0.9453125,1,33.65,0.45,33.04,0.16,1907,0.91015625,RETURNED
9,7,256,0.96484375,2,33.43,0.11,33.21,0.11,1909,0.9296875,RETURNED
9,7,256,0.984375,3,32.78,0.2,32.5,0.08,1914,0.9765625,RETURNED
9,8,256,0.890625,0,32.94,0.12,32.69,0.12,1908,0.62109375,RETURNED
9,8,256,0.953125,1,32.63,0.2,32.32,0.12,1907,0.91015625,RETURNED
9,8,256,0.98046875,2,33.38,0.31,32.83,0.24,1909,0.94921875,RETURNED
9,8,256,0.984375,3,32.62,0.55,31.99,0.09,1914,0.984375,RETURNED
9,9,256,0.91796875,0,33.22,0.11,32.84,0.27,1908,0.640625,RETURNED
9,9,256,0.96875,1,32.88,0.45,32.3,0.13,1907,0.90234375,RETURNED
9,9,256,0.984375,2,33.11,0.24,32.66,0.22,1909,0.95703125,RETURNED
9,9,256,0.9921875,3,32.31,0.16,32.04,0.11,1914,0.96875,RETURNED
9,10,256,0.91015625,0,33.28,0.34,32.79,0.14,1908,0.6171875,RETURNED
9,10,256,0.98046875,1,32.65,0.12,32.42,0.11,1907,0.92578125,RETURNED
9,10,256,0.97265625,2,33.11,0.23,32.8,0.08,1909,0.94921875,RETURNED
9,10,256,0.98046875,3,32.44,0.16,32.16,0.13,1914,0.96875,RETURNED
9,11,256,0.9140625,0,32.97,0.15,32.75,0.08,1908,0.62890625,RETURNED
9,11,256,0.94921875,1,33.11,0.55,32.44,0.13,1907,0.91015625,RETURNED
9,11,256,0.9921875,2,33.94,0.12,32.84,0.97,1909,0.9765625,RETURNED
9,11,256,0.9765625,3,32.48,0.16,32.15,0.17,1914,0.97265625,RETURNED
9,12,256,0.89453125,0,33.08,0.18,32.78,0.11,1908,0.6328125,RETURNED
9,12,256,0.9453125,1,32.65,0.22,32.35,0.08,1907,0.90234375,RETURNED
9,12,256,0.96484375,2,32.91,0.16,32.68,0.08,1909,0.9453125,RETURNED
9,12,256,0.96875,3,32.39,0.17,31.97,0.25,1914,0.95703125,RETURNED
9,13,256,0.8984375,0,33.37,0.24,32.91,0.22,1908,0.62890625,RETURNED
9,13,256,0.93359375,1,32.88,0.13,32.53,0.22,1907,0.90234375,RETURNED
9,13,256,0.9765625,2,33.64,0.26,32.96,0.42,1909,0.95703125,RETURNED
9,13,256,1.0,3,21.63,0.27,21.28,0.09,1244,0.9921875,RETURNED
9,14,256,0.90234375,0,32.98,0.12,32.78,0.08,1908,0.625,RETURNED
9,14,256,0.94921875,1,32.7,0.14,32.4,0.16,1907,0.8671875,RETURNED
9,14,256,0.96875,2,33.62,0.23,32.69,0.7,1909,0.9296875,RETURNED
9,14,256,0.9921875,3,32.2,0.11,32.01,0.08,1914,0.98046875,RETURNED
9,15,256,0.8984375,0,45.61,0.27,30.16,15.17,1908,0.609375,RETURNED
9,15,256,0.9453125,1,30.22,0.15,29.95,0.12,1907,0.89453125,RETURNED
9,15,256,0.9765625,2,30.3,0.21,29.98,0.11,1909,0.96875,RETURNED
9,15,256,0.98828125,3,30.57,0.15,30.11,0.31,1914,0.9921875,RETURNED
10,160.61,0.18
10,0,256,0.90625,0,32.97,0.22,32.63,0.12,1908,0.6171875,RETURNED
10,0,256,0.953125,1,33.28,0.27,32.88,0.13,1907,0.91796875,RETURNED
10,0,256,0.9609375,2,32.94,0.19,32.69,0.07,1909,0.9453125,RETURNED
10,0,256,0.984375,3,33.52,0.17,33.08,0.27,1914,0.98046875,RETURNED
10,1,256,0.92578125,0,32.99,0.22,32.65,0.12,1908,0.61328125,RETURNED
10,1,256,0.953125,1,32.98,0.19,32.65,0.14,1907,0.91796875,RETURNED
10,1,256,0.9453125,2,33.03,0.22,32.67,0.14,1909,0.87890625,RETURNED
10,1,256,0.98828125,3,33.28,0.1,32.98,0.2,1914,0.97265625,RETURNED
10,2,256,0.92578125,0,33.37,0.37,32.89,0.12,1908,0.63671875,RETURNED
10,2,256,0.96484375,1,33.06,0.19,32.78,0.08,1907,0.92578125,RETURNED
10,2,256,0.98046875,2,33.17,0.23,32.66,0.28,1909,0.9609375,RETURNED
10,2,256,0.98046875,3,33.36,0.19,33.03,0.14,1914,0.9765625,RETURNED
10,3,256,0.9140625,0,33.17,0.15,32.87,0.16,1908,0.625,RETURNED
10,3,256,0.9609375,1,33.27,0.22,32.93,0.11,1907,0.91796875,RETURNED
10,3,256,0.98046875,2,33.12,0.18,32.83,0.11,1909,0.9609375,RETURNED
10,3,256,0.98046875,3,33.37,0.15,33.12,0.09,1914,0.9609375,RETURNED
10,4,256,0.921875,0,33.08,0.15,32.85,0.09,1908,0.6171875,RETURNED
10,4,256,0.9609375,1,33.14,0.15,32.87,0.12,1907,0.92578125,RETURNED
10,4,256,0.9765625,2,33.14,0.23,32.83,0.08,1909,0.953125,RETURNED
10,4,256,1.0,3,31.59,0.11,31.39,0.09,1797,0.98046875,RETURNED
10,5,256,0.89453125,0,33.14,0.18,32.42,0.54,1908,0.62109375,RETURNED
10,5,256,0.94140625,1,32.87,0.13,32.59,0.15,1907,0.921875,RETURNED
10,5,256,0.96484375,2,33.19,0.43,32.64,0.12,1909,0.95703125,RETURNED
10,5,256,0.99609375,3,33.23,0.17,32.83,0.23,1914,0.9921875,RETURNED
10,6,256,0.91015625,0,33.56,0.09,33.29,0.18,1908,0.609375,RETURNED
10,6,256,0.95703125,1,33.53,0.16,33.28,0.09,1907,0.921875,RETURNED
10,6,256,0.9765625,2,33.76,0.17,33.49,0.1,1909,0.953125,RETURNED
10,6,256,0.98046875,3,34.11,0.29,33.72,0.1,1914,0.9765625,RETURNED
10,7,256,0.93359375,0,32.92,0.21,32.64,0.07,1908,0.625,RETURNED
10,7,256,0.96484375,1,33.16,0.25,32.72,0.18,1907,0.83984375,RETURNED
10,7,256,0.9921875,2,32.93,0.15,32.54,0.24,1909,0.9453125,RETURNED
10,7,256,0.98828125,3,33.06,0.11,32.88,0.07,1914,0.9765625,RETURNED
10,8,256,0.8984375,0,33.25,0.23,32.91,0.12,1908,0.62890625,RETURNED
10,8,256,0.9609375,1,33.09,0.22,32.67,0.2,1907,0.90234375,RETURNED
10,8,256,0.96875,2,33.14,0.19,32.55,0.4,1909,0.9609375,RETURNED
10,8,256,0.98828125,3,33.85,0.59,33.16,0.11,1914,0.98828125,RETURNED
10,9,256,0.90625,0,33.87,0.33,33.46,0.08,1908,0.63671875,RETURNED
10,9,256,0.953125,1,34.49,0.62,33.58,0.29,1907,0.89453125,RETURNED
10,9,256,0.97265625,2,34.44,0.19,34.04,0.2,1909,0.94921875,RETURNED
10,9,256,0.9921875,3,33.41,0.13,33.2,0.08,1914,0.98828125,RETURNED
10,10,256,0.90234375,0,32.97,0.12,32.73,0.12,1908,0.609375,RETURNED
10,10,256,0.9609375,1,33.02,0.25,32.68,0.08,1907,0.921875,RETURNED
10,10,256,0.98828125,2,32.82,0.27,32.46,0.1,1909,0.9609375,RETURNED
10,10,256,0.9921875,3,33.44,0.25,33.0,0.18,1914,0.98046875,RETURNED
10,11,256,0.90625,0,32.91,0.1,32.7,0.11,1908,0.625,RETURNED
10,11,256,0.94140625,1,32.95,0.21,32.66,0.08,1907,0.91015625,RETURNED
10,11,256,0.98828125,2,32.81,0.12,32.58,0.11,1909,0.9609375,RETURNED
10,11,256,0.9921875,3,33.28,0.12,33.05,0.11,1914,0.984375,RETURNED
10,12,256,0.90234375,0,33.06,0.12,32.73,0.22,1908,0.61328125,RETURNED
10,12,256,0.9453125,1,33.14,0.17,32.9,0.08,1907,0.92578125,RETURNED
10,12,256,0.9765625,2,32.93,0.27,32.57,0.1,1909,0.95703125,RETURNED
10,12,256,0.984375,3,33.13,0.12,32.93,0.09,1914,0.984375,RETURNED
10,13,256,0.921875,0,33.03,0.11,32.8,0.13,1908,0.625,RETURNED
10,13,256,0.9453125,1,33.29,0.09,33.08,0.12,1907,0.8828125,RETURNED
10,13,256,0.9765625,2,33.1,0.12,32.63,0.35,1909,0.953125,RETURNED
10,13,256,0.98828125,3,33.27,0.11,33.07,0.1,1914,0.98046875,RETURNED
10,14,256,0.8984375,0,33.63,0.32,33.18,0.13,1908,0.61328125,RETURNED
10,14,256,0.94140625,1,33.11,0.14,32.89,0.08,1907,0.8984375,RETURNED
10,14,256,0.98828125,2,32.97,0.19,32.7,0.08,1909,0.953125,RETURNED
10,14,256,0.98828125,3,33.32,0.15,33.08,0.1,1914,0.98828125,RETURNED
10,15,256,0.91015625,0,33.17,0.2,32.76,0.21,1908,0.6171875,RETURNED
10,15,256,0.953125,1,33.14,0.1,32.96,0.08,1907,0.90234375,RETURNED
10,15,256,0.98046875,2,32.85,0.22,32.52,0.11,1909,0.93359375,RETURNED
10,15,256,0.98046875,3,33.06,0.14,32.85,0.07,1914,0.97265625,RETURNED
