0,229.87,2.01
0,0,256,0.90625,0,33.73,0.21,33.3,0.21,1908,0.625,RETURNED
0,0,256,0.94140625,1,33.18,0.23,32.8,0.15,1907,0.921875,RETURNED
0,0,256,0.98046875,2,33.31,0.15,33.07,0.09,1909,0.9609375,RETURNED
0,0,256,0.9765625,3,33.71,0.24,33.21,0.26,1914,0.97265625,RETURNED
0,0,256,0.9921875,4,33.56,0.34,33.01,0.2,1899,0.98828125,RETURNED
0,0,256,0.98046875,5,35.39,1.28,33.06,1.04,1914,0.98828125,RETURNED
0,1,256,0.91015625,0,33.09,0.12,32.85,0.12,1908,0.6328125,RETURNED
0,1,256,0.98046875,1,32.89,0.13,32.66,0.11,1907,0.9375,RETURNED
0,1,256,0.98046875,2,33.14,0.19,32.85,0.11,1909,0.95703125,RETURNED
0,1,256,0.984375,3,33.35,0.16,33.03,0.16,1914,0.984375,RETURNED
0,1,256,0.9921875,4,32.85,0.1,32.64,0.11,1899,0.98046875,RETURNED
0,1,256,0.99609375,5,33.41,0.34,32.84,0.23,1914,0.99609375,RETURNED
0,2,256,0.9375,0,33.17,0.19,32.79,0.19,1908,0.6171875,RETURNED
0,2,256,0.953125,1,32.71,0.18,32.29,0.23,1907,0.90234375,RETURNED
0,2,256,0.9765625,2,33.24,0.16,32.81,0.26,1909,0.96484375,RETURNED
0,2,256,0.98046875,3,32.85,0.09,32.68,0.07,1914,0.98046875,RETURNED
0,2,256,0.98828125,4,32.73,0.18,32.44,0.11,1899,0.984375,RETURNED
0,2,256,0.99609375,5,33.51,0.59,32.69,0.23,1914,0.9921875,RETURNED
0,3,256,0.90625,0,33.42,0.32,32.99,0.12,1908,0.640625,RETURNED
0,3,256,0.96484375,1,32.82,0.11,32.53,0.17,1907,0.91015625,RETURNED
0,3,256,0.984375,2,33.21,0.13,32.93,0.15,1909,0.98046875,RETURNED
0,3,256,0.98828125,3,33.18,0.16,32.94,0.08,1914,0.984375,RETURNED
0,3,256,0.9921875,4,33.17,0.28,32.68,0.21,1899,0.98828125,RETURNED
0,3,256,0.99609375,5,33.16,0.16,32.9,0.1,1914,0.9921875,RETURNED
0,4,256,0.921875,0,33.66,0.34,33.03,0.29,1908,0.62109375,RETURNED
0,4,256,0.94921875,1,33.13,0.19,32.76,0.18,1907,0.90234375,RETURNED
0,4,256,0.984375,2,33.2,0.21,32.87,0.12,1909,0.96484375,RETURNED
0,4,256,0.984375,3,33.51,0.3,33.11,0.11,1914,0.984375,RETURNED
0,4,256,0.9921875,4,32.73,0.11,32.45,0.16,1899,0.98828125,RETURNED
0,4,256,0.99609375,5,33.36,0.16,33.03,0.17,1914,0.98828125,RETURNED
0,5,256,0.90234375,0,33.49,0.35,32.99,0.15,1908,0.625,RETURNED
0,5,256,0.95703125,1,32.68,0.13,32.45,0.09,1907,0.92578125,RETURNED
0,5,256,0.9765625,2,33.0,0.12,32.75,0.13,1909,0.953125,RETURNED
0,5,256,0.98046875,3,33.21,0.15,32.87,0.19,1914,0.9765625,RETURNED
0,5,256,0.98828125,4,32.7,0.1,32.49,0.11,1899,0.98828125,RETURNED
0,5,256,0.99609375,5,33.19,0.22,32.68,0.29,1914,0.9921875,RETURNED
0,6,256,0.91015625,0,33.26,0.29,32.86,0.11,1908,0.62890625,RETURNED
0,6,256,0.9609375,1,32.98,0.43,32.47,0.09,1907,0.90625,RETURNED
0,6,256,0.97265625,2,33.0,0.12,32.8,0.08,1909,0.95703125,RETURNED
0,6,256,0.98828125,3,33.46,0.16,32.8,0.51,1914,0.984375,RETURNED
0,6,256,0.9921875,4,33.06,0.26,32.55,0.25,1899,0.98828125,RETURNED
0,6,256,0.99609375,5,33.18,0.31,32.68,0.19,1914,0.99609375,RETURNED
0,7,256,0.90234375,0,33.33,0.16,33.06,0.1,1908,0.6328125,RETURNED
0,7,256,0.96875,1,33.26,0.17,32.97,0.12,1907,0.9140625,RETURNED
0,7,256,0.984375,2,33.0,0.2,32.71,0.09,1909,0.96875,RETURNED
0,7,256,0.9765625,3,33.45,0.2,33.15,0.11,1914,0.984375,RETURNED
0,7,256,0.984375,4,33.04,0.19,32.73,0.12,1899,0.98828125,RETURNED
0,7,256,0.9921875,5,33.87,0.18,33.08,0.6,1914,0.98828125,RETURNED
0,8,256,0.90234375,0,33.19,0.14,32.95,0.1,1908,0.640625,RETURNED
0,8,256,0.96875,1,34.03,0.19,32.71,1.14,1907,0.8984375,RETURNED
0,8,256,0.98046875,2,33.38,0.2,33.06,0.12,1909,0.93359375,RETURNED
0,8,256,0.98828125,3,33.33,0.28,32.88,0.17,1914,0.98046875,RETURNED
0,8,256,0.9921875,4,33.12,0.47,32.51,0.13,1899,0.98828125,RETURNED
0,8,256,0.98828125,5,33.48,0.11,32.61,0.77,1914,0.984375,RETURNED
0,9,256,0.90234375,0,32.95,0.13,32.65,0.18,1908,0.6171875,RETURNED
0,9,256,0.94921875,1,32.69,0.11,32.47,0.12,1907,0.87890625,RETURNED
0,9,256,0.95703125,2,33.25,0.26,32.91,0.08,1909,0.9296875,RETURNED
0,9,256,0.96875,3,32.82,0.2,32.46,0.15,1914,0.96484375,RETURNED
0,9,256,0.984375,4,32.98,0.22,32.63,0.13,1899,0.984375,RETURNED
0,9,256,0.984375,5,32.64,0.1,32.38,0.16,1914,0.984375,RETURNED
0,10,256,0.93359375,0,33.63,0.47,32.87,0.29,1908,0.62109375,RETURNED
0,10,256,0.9609375,1,32.95,0.23,32.6,0.12,1907,0.90234375,RETURNED
0,10,256,0.97265625,2,33.04,0.16,32.77,0.11,1909,0.9453125,RETURNED
0,10,256,0.984375,3,32.79,0.11,32.52,0.16,1914,0.96484375,RETURNED
0,10,256,0.98828125,4,32.66,0.09,32.45,0.11,1899,0.984375,RETURNED
0,10,256,0.99609375,5,32.98,0.37,32.49,0.12,1914,0.98828125,RETURNED
0,11,256,0.89453125,0,33.23,0.12,33.0,0.11,1908,0.63671875,RETURNED
0,11,256,0.96484375,1,32.98,0.25,32.61,0.12,1907,0.91015625,RETURNED
0,11,256,0.98046875,2,33.24,0.14,32.98,0.12,1909,0.9453125,RETURNED
0,11,256,0.98828125,3,32.93,0.14,32.67,0.12,1914,0.984375,RETURNED
0,11,256,0.984375,4,32.88,0.24,32.46,0.18,1899,0.98828125,RETURNED
0,11,256,1.0,5,28.17,0.27,27.74,0.16,1632,0.9921875,RETURNED
0,12,256,0.9140625,0,33.21,0.37,32.72,0.12,1908,0.6328125,RETURNED
0,12,256,0.9296875,1,32.9,0.16,32.53,0.21,1907,0.8828125,RETURNED
0,12,256,0.98828125,2,33.45,0.32,32.99,0.15,1909,0.96484375,RETURNED
0,12,256,0.98828125,3,32.83,0.14,32.6,0.09,1914,0.98046875,RETURNED
0,12,256,0.9921875,4,32.95,0.23,32.55,0.17,1899,0.984375,RETURNED
0,12,256,0.99609375,5,32.82,0.13,32.44,0.25,1914,0.99609375,RETURNED
0,13,256,0.9140625,0,33.12,0.19,32.82,0.11,1908,0.62109375,RETURNED
0,13,256,0.9453125,1,32.86,0.2,32.54,0.12,1907,0.87890625,RETURNED
0,13,256,0.984375,2,33.34,0.26,32.95,0.13,1909,0.94921875,RETURNED
0,13,256,0.98828125,3,33.04,0.24,32.73,0.07,1914,0.98046875,RETURNED
0,13,256,0.99609375,4,33.1,0.28,32.68,0.14,1899,0.9921875,RETURNED
0,13,256,0.99609375,5,33.03,0.2,32.76,0.08,1914,0.98828125,RETURNED
0,14,256,0.90234375,0,33.26,0.17,32.87,0.23,1908,0.62109375,RETURNED
0,14,256,0.9453125,1,32.98,0.12,32.72,0.14,1907,0.87890625,RETURNED
0,14,256,0.9765625,2,33.28,0.12,33.03,0.12,1909,0.93359375,RETURNED
0,14,256,0.98828125,3,32.99,0.2,32.7,0.08,1914,0.98046875,RETURNED
0,14,256,0.9921875,4,37.09,4.01,32.92,0.16,1899,0.984375,RETURNED
0,14,256,0.9921875,5,32.8,0.2,32.5,0.09,1914,0.98828125,RETURNED
0,15,256,0.87890625,0,33.0,0.17,32.73,0.1,1908,0.63671875,RETURNED
0,15,256,0.96484375,1,33.86,0.2,32.52,1.14,1907,0.91015625,RETURNED
0,15,256,0.984375,2,33.17,0.21,32.82,0.15,1909,0.96484375,RETURNED
0,15,256,0.98828125,3,32.85,0.11,32.62,0.12,1914,0.98828125,RETURNED
0,15,256,0.98828125,4,32.92,0.16,32.57,0.19,1899,0.98046875,RETURNED
0,15,256,0.9921875,5,33.09,0.44,32.46,0.2,1914,0.9921875,RETURNED
1,195.36,0.20
1,0,256,0.9296875,0,34.59,0.35,33.91,0.33,1908,0.625,RETURNED
1,0,256,0.95703125,1,33.89,0.12,33.48,0.29,1907,0.92578125,RETURNED
1,0,256,0.96875,2,33.96,0.34,33.49,0.14,1909,0.9140625,RETURNED
1,0,256,0.98046875,3,33.69,0.19,33.37,0.13,1914,0.96484375,RETURNED
1,0,256,0.98046875,4,32.86,0.19,32.55,0.11,1899,0.9765625,RETURNED
1,1,256,0.90234375,0,34.63,0.26,34.22,0.15,1908,0.6171875,RETURNED
1,1,256,0.953125,1,33.92,0.12,33.64,0.17,1907,0.92578125,RETURNED
1,1,256,0.98046875,2,34.2,0.18,33.91,0.11,1909,0.94921875,RETURNED
1,1,256,0.9921875,3,33.86,0.13,33.64,0.08,1914,0.98046875,RETURNED
1,1,256,1.0,4,16.35,0.16,16.19,0.0,905,0.9921875,LOST
1,2,256,0.88671875,0,34.36,0.21,33.98,0.18,1908,0.6171875,RETURNED
1,2,256,0.96484375,1,33.91,0.18,33.56,0.17,1907,0.890625,RETURNED
1,2,256,0.97265625,2,34.02,0.29,33.57,0.17,1909,0.953125,RETURNED
1,2,256,0.984375,3,33.8,0.18,33.37,0.24,1914,0.96875,RETURNED
1,2,256,0.9921875,4,32.66,0.23,32.27,0.16,1899,0.9921875,RETURNED
1,3,256,0.89453125,0,34.73,0.1,34.5,0.13,1908,0.61328125,RETURNED
1,3,256,0.953125,1,33.82,0.12,33.6,0.1,1907,0.92578125,RETURNED
1,3,256,0.97265625,2,34.53,0.2,33.96,0.37,1909,0.96484375,RETURNED
1,3,256,0.98046875,3,34.19,0.13,33.93,0.14,1914,0.97265625,RETURNED
1,3,256,1.0,4,16.67,0.2,16.48,0.0,905,0.9921875,LOST
1,4,256,0.8984375,0,34.68,0.22,34.3,0.16,1908,0.6171875,RETURNED
1,4,256,0.94140625,1,34.32,0.17,33.48,0.67,1907,0.88671875,RETURNED
1,4,256,0.98046875,2,33.81,0.22,33.52,0.08,1909,0.95703125,RETURNED
1,4,256,0.98828125,3,33.66,0.13,33.42,0.11,1914,0.98046875,RETURNED
1,4,256,0.98828125,4,32.68,0.13,32.39,0.16,1899,0.9921875,RETURNED
1,5,256,0.9296875,0,34.62,0.19,34.33,0.1,1908,0.609375,RETURNED
1,5,256,0.96484375,1,34.23,0.28,33.84,0.11,1907,0.93359375,RETURNED
1,5,256,0.97265625,2,33.87,0.12,33.49,0.27,1909,0.953125,RETURNED
1,5,256,0.9921875,3,33.89,0.18,33.61,0.1,1914,0.984375,RETURNED
1,5,256,0.98828125,4,32.79,0.13,32.56,0.1,1899,0.98046875,RETURNED
1,6,256,0.8984375,0,33.6,0.23,33.11,0.26,1908,0.62109375,RETURNED
1,6,256,0.94921875,1,33.22,0.48,32.61,0.13,1907,0.93359375,RETURNED
1,6,256,0.984375,2,33.33,0.26,32.98,0.09,1909,0.9609375,RETURNED
1,6,256,0.9921875,3,33.32,0.12,33.12,0.07,1914,0.984375,RETURNED
1,6,256,0.99609375,4,33.35,0.11,33.16,0.08,1899,0.98828125,RETURNED
1,7,256,0.90625,0,33.71,0.42,33.17,0.13,1908,0.62109375,RETURNED
1,7,256,0.96875,1,32.69,0.16,32.32,0.2,1907,0.93359375,RETURNED
1,7,256,0.984375,2,33.03,0.18,32.67,0.17,1909,0.9609375,RETURNED
1,7,256,0.9921875,3,32.99,0.22,32.68,0.09,1914,0.984375,RETURNED
1,7,256,0.99609375,4,32.85,0.14,32.59,0.13,1899,0.9921875,RETURNED
1,8,256,0.9140625,0,33.31,0.2,32.95,0.16,1908,0.6171875,RETURNED
1,8,256,0.953125,1,32.94,0.26,32.44,0.24,1907,0.8984375,RETURNED
1,8,256,0.97265625,2,33.19,0.18,32.81,0.2,1909,0.953125,RETURNED
1,8,256,0.9921875,3,33.21,0.31,32.76,0.13,1914,0.984375,RETURNED
1,8,256,0.99609375,4,33.1,0.29,32.73,0.08,1899,0.9921875,RETURNED
1,9,256,0.8828125,0,33.34,0.17,33.04,0.13,1908,0.62890625,RETURNED
1,9,256,0.9609375,1,32.68,0.12,32.45,0.11,1907,0.9296875,RETURNED
1,9,256,0.953125,2,33.23,0.22,32.9,0.11,1909,0.9296875,RETURNED
1,9,256,0.9765625,3,32.95,0.12,32.75,0.08,1914,0.96875,RETURNED
1,9,256,0.9921875,4,32.93,0.14,32.64,0.14,1899,0.984375,RETURNED
1,10,256,0.93359375,0,33.48,0.13,33.17,0.18,1908,0.64453125,RETURNED
1,10,256,0.9453125,1,32.88,0.31,32.46,0.12,1907,0.90234375,RETURNED
1,10,256,0.98046875,2,33.38,0.12,32.81,0.45,1909,0.94921875,RETURNED
1,10,256,0.9921875,3,32.86,0.11,32.66,0.09,1914,0.98046875,RETURNED
1,10,256,0.98828125,4,32.91,0.18,32.6,0.13,1899,0.984375,RETURNED
1,11,256,0.91015625,0,33.28,0.3,32.85,0.13,1908,0.62109375,RETURNED
1,11,256,0.9609375,1,33.0,0.35,32.53,0.11,1907,0.90625,RETURNED
1,11,256,0.98046875,2,33.0,0.16,32.67,0.17,1909,0.9609375,RETURNED
1,11,256,0.9921875,3,33.02,0.15,32.67,0.2,1914,0.984375,RETURNED
1,11,256,0.9921875,4,33.04,0.27,32.58,0.19,1899,0.9921875,RETURNED
1,12,256,0.921875,0,33.23,0.12,33.01,0.1,1908,0.625,RETURNED
1,12,256,0.96484375,1,32.69,0.11,32.46,0.12,1907,0.87890625,RETURNED
1,12,256,0.96875,2,33.19,0.19,32.8,0.2,1909,0.9375,RETURNED
1,12,256,0.984375,3,32.99,0.17,32.68,0.14,1914,0.97265625,RETURNED
1,12,256,0.9921875,4,32.87,0.11,32.67,0.09,1899,0.98046875,RETURNED
1,13,256,0.8984375,0,30.27,0.1,30.06,0.12,1908,0.6171875,RETURNED
1,13,256,0.9375,1,30.32,0.2,29.97,0.14,1907,0.89453125,RETURNED
1,13,256,0.97265625,2,30.42,0.24,30.1,0.08,1909,0.9375,RETURNED
1,13,256,0.98046875,3,40.43,0.19,30.13,10.11,1914,0.95703125,RETURNED
1,13,256,0.9921875,4,30.07,0.18,29.81,0.09,1899,0.98828125,RETURNED
1,14,256,0.9296875,0,30.6,0.3,30.17,0.13,1908,0.6171875,RETURNED
1,14,256,0.9375,1,30.83,0.61,30.1,0.12,1907,0.87890625,RETURNED
1,14,256,0.95703125,2,30.65,0.33,30.2,0.12,1909,0.9296875,RETURNED
1,14,256,0.98046875,3,55.6,0.17,30.16,25.27,1914,0.9609375,RETURNED
1,14,256,0.9921875,4,30.39,0.24,29.97,0.19,1899,0.9921875,RETURNED
1,15,256,0.90625,0,30.58,0.2,30.26,0.12,1908,0.61328125,RETURNED
1,15,256,0.94921875,1,31.12,0.17,30.2,0.74,1907,0.90234375,RETURNED
1,15,256,0.97265625,2,30.91,0.35,30.3,0.25,1909,0.94140625,RETURNED
1,15,256,0.984375,3,50.59,0.1,30.29,20.19,1914,0.9609375,RETURNED
1,15,256,0.99609375,4,30.48,0.17,30.16,0.15,1899,0.9921875,RETURNED
2,204.84,0.18
2,0,256,0.89453125,0,31.24,0.18,30.98,0.08,1908,0.62109375,RETURNED
2,0,256,0.94921875,1,30.84,0.14,30.59,0.11,1907,0.81640625,RETURNED
2,0,256,0.98046875,2,30.96,0.13,30.72,0.12,1909,0.953125,RETURNED
2,0,256,0.98046875,3,31.07,0.24,30.68,0.14,1914,0.9765625,RETURNED
2,0,256,0.9921875,4,30.88,0.16,30.52,0.2,1899,0.98046875,RETURNED
2,0,256,0.98828125,5,30.88,0.11,30.67,0.09,1914,0.98046875,RETURNED
2,1,256,0.91015625,0,61.71,0.4,61.14,0.17,1908,0.609375,RETURNED
2,1,256,0.94921875,1,61.46,0.17,61.2,0.09,1907,0.89453125,RETURNED
2,1,256,0.98046875,2,61.66,0.17,61.38,0.11,1909,0.95703125,RETURNED
2,2,256,0.921875,0,60.37,0.11,60.06,0.2,1908,0.62890625,RETURNED
2,2,256,0.94140625,1,60.95,0.1,60.75,0.11,1907,0.9140625,RETURNED
2,2,256,0.9765625,2,61.2,0.44,60.64,0.13,1909,0.9765625,RETURNED
2,3,256,0.91796875,0,31.04,0.12,30.82,0.1,1908,0.62109375,RETURNED
2,3,256,0.9140625,1,30.78,0.12,30.54,0.11,1907,0.62890625,RETURNED
2,3,256,0.9453125,2,31.15,0.26,30.67,0.21,1909,0.93359375,RETURNED
2,3,256,0.9765625,3,30.79,0.11,30.58,0.1,1914,0.97265625,RETURNED
2,3,256,0.98828125,4,30.69,0.16,30.43,0.11,1899,0.98046875,RETURNED
2,3,256,0.9921875,5,30.84,0.19,30.55,0.1,1914,0.98828125,RETURNED
2,4,256,0.92578125,0,31.06,0.15,30.8,0.11,1908,0.625,RETURNED
2,4,256,0.9609375,1,30.64,0.19,30.33,0.12,1907,0.92578125,RETURNED
2,4,256,0.9609375,2,30.86,0.1,30.56,0.19,1909,0.90625,RETURNED
2,4,256,0.97265625,3,30.76,0.17,30.47,0.12,1914,0.96484375,RETURNED
2,4,256,0.98828125,4,30.77,0.35,30.31,0.12,1899,0.98046875,RETURNED
2,4,256,0.9921875,5,30.7,0.13,30.43,0.14,1914,0.98828125,RETURNED
2,5,256,0.89453125,0,61.47,0.16,61.15,0.16,1908,0.62109375,RETURNED
2,5,256,0.97265625,1,61.46,0.16,61.17,0.14,1907,0.95703125,RETURNED
2,5,256,0.984375,2,59.81,0.14,59.55,0.12,1909,0.95703125,RETURNED
2,6,256,0.9140625,0,31.14,0.41,30.59,0.14,1908,0.6328125,RETURNED
2,6,256,0.9609375,1,30.74,0.17,30.38,0.19,1907,0.875,RETURNED
2,6,256,0.9765625,2,30.76,0.13,30.51,0.13,1909,0.93359375,RETURNED
2,6,256,0.984375,3,30.7,0.11,30.49,0.1,1914,0.9765625,RETURNED
2,6,256,0.984375,4,30.63,0.15,30.34,0.14,1899,0.96875,RETURNED
2,6,256,0.99609375,5,30.7,0.1,30.47,0.13,1914,0.9921875,RETURNED
2,7,256,0.91796875,0,61.63,0.11,61.42,0.1,1908,0.6328125,RETURNED
2,7,256,0.96875,1,61.38,0.12,61.06,0.2,1907,0.9140625,RETURNED
2,7,256,0.9921875,2,58.3,0.11,58.1,0.08,1909,0.9765625,RETURNED
2,8,256,0.92578125,0,33.55,0.2,33.17,0.18,1908,0.62890625,RETURNED
2,8,256,0.95703125,1,33.34,0.28,32.69,0.38,1907,0.91796875,RETURNED
2,8,256,0.98046875,2,32.97,0.23,32.58,0.17,1909,0.9609375,RETURNED
2,8,256,0.9765625,3,33.47,0.17,33.21,0.09,1914,0.9609375,RETURNED
2,8,256,0.99609375,4,31.74,0.17,31.45,0.12,1899,0.97265625,RETURNED
2,9,256,0.9296875,0,33.45,0.16,32.91,0.38,1908,0.640625,RETURNED
2,9,256,0.9453125,1,32.74,0.25,32.41,0.09,1907,0.90625,RETURNED
2,9,256,0.96484375,2,32.79,0.19,32.51,0.09,1909,0.94140625,RETURNED
2,9,256,0.98046875,3,33.28,0.17,32.96,0.16,1914,0.9765625,RETURNED
2,9,256,0.97265625,4,31.58,0.26,31.21,0.1,1899,0.98046875,RETURNED
2,10,256,0.89453125,0,33.72,0.28,33.25,0.18,1908,0.6171875,RETURNED
2,10,256,0.96484375,1,33.19,0.2,32.92,0.08,1907,0.92578125,RETURNED
2,10,256,0.9609375,2,32.95,0.12,32.74,0.09,1909,0.9296875,RETURNED
2,10,256,0.98828125,3,33.83,0.32,33.35,0.16,1914,0.96484375,RETURNED
2,10,256,0.99609375,4,32.07,0.12,31.67,0.28,1899,0.9921875,RETURNED
2,11,256,0.90234375,0,33.36,0.15,33.02,0.19,1908,0.625,RETURNED
2,11,256,0.9765625,1,33.0,0.19,32.7,0.11,1907,0.91015625,RETURNED
2,11,256,0.96484375,2,32.99,0.13,32.66,0.2,1909,0.91015625,RETURNED
2,11,256,0.9921875,3,33.3,0.17,33.0,0.13,1914,0.9765625,RETURNED
2,11,256,0.984375,4,31.69,0.21,31.39,0.09,1899,0.9765625,RETURNED
2,12,256,0.921875,0,33.27,0.19,32.98,0.09,1908,0.63671875,RETURNED
2,12,256,0.94921875,1,33.34,0.28,32.94,0.12,1907,0.890625,RETURNED
2,12,256,0.95703125,2,33.26,0.13,32.99,0.14,1909,0.9375,RETURNED
2,12,256,0.98828125,3,33.61,0.19,33.34,0.08,1914,0.98046875,RETURNED
2,12,256,0.984375,4,32.09,0.21,31.76,0.12,1899,0.984375,RETURNED
2,13,256,0.91015625,0,33.78,0.15,33.53,0.1,1908,0.6171875,RETURNED
2,13,256,0.94921875,1,33.92,0.58,33.19,0.15,1907,0.90625,RETURNED
2,13,256,0.96875,2,33.43,0.23,33.13,0.07,1909,0.9375,RETURNED
2,13,256,0.98828125,3,33.92,0.17,33.66,0.09,1914,0.98046875,RETURNED
2,13,256,1.0,4,15.21,0.16,14.95,0.1,861,0.98828125,RETURNED
2,14,256,0.8984375,0,33.35,0.17,33.06,0.13,1908,0.62890625,RETURNED
2,14,256,0.96484375,1,32.92,0.16,32.6,0.15,1907,0.91796875,RETURNED
2,14,256,0.984375,2,33.22,0.27,32.81,0.14,1909,0.95703125,RETURNED
2,14,256,0.9921875,3,33.44,0.21,33.15,0.07,1914,0.984375,RETURNED
2,14,256,0.98828125,4,31.97,0.2,31.65,0.12,1899,0.9921875,RETURNED
2,15,256,0.8984375,0,33.58,0.11,33.34,0.13,1908,0.6171875,RETURNED
2,15,256,0.96484375,1,33.15,0.19,32.87,0.09,1907,0.89453125,RETURNED
2,15,256,0.9765625,2,33.16,0.18,32.86,0.12,1909,0.93359375,RETURNED
2,15,256,0.984375,3,33.82,0.28,33.44,0.1,1914,0.96484375,RETURNED
2,15,256,1.0,4,20.05,0.11,19.8,0.14,1154,0.98828125,RETURNED
3,190.11,0.26
3,0,256,0.9140625,0,33.1,0.17,32.65,0.28,1908,0.625,RETURNED
3,0,256,0.95703125,1,33.33,0.27,32.95,0.12,1907,0.8984375,RETURNED
3,0,256,0.9765625,2,33.18,0.12,32.93,0.12,1909,0.95703125,RETURNED
3,0,256,0.984375,3,33.26,0.25,32.91,0.1,1914,0.98828125,RETURNED
3,0,256,0.9921875,4,31.13,0.43,30.6,0.11,1899,0.9921875,RETURNED
3,1,256,0.921875,0,32.83,0.18,32.56,0.09,1908,0.62109375,RETURNED
3,1,256,0.96484375,1,33.37,0.38,32.82,0.17,1907,0.8984375,RETURNED
3,1,256,0.9765625,2,33.08,0.22,32.64,0.22,1909,0.9453125,RETURNED
3,1,256,0.98828125,3,33.09,0.13,32.75,0.22,1914,0.9765625,RETURNED
3,1,256,0.99609375,4,30.72,0.17,30.46,0.09,1899,0.9921875,RETURNED
3,2,256,0.921875,0,32.95,0.15,32.63,0.17,1908,0.62890625,RETURNED
3,2,256,0.97265625,1,33.36,0.2,33.02,0.14,1907,0.90625,RETURNED
3,2,256,0.98046875,2,33.34,0.34,32.78,0.22,1909,0.96484375,RETURNED
3,2,256,0.984375,3,33.07,0.25,32.71,0.11,1914,0.96484375,RETURNED
3,2,256,0.9921875,4,30.78,0.13,30.51,0.14,1899,0.9921875,RETURNED
3,3,256,0.90625,0,32.98,0.19,32.66,0.13,1908,0.6328125,RETURNED
3,3,256,0.93359375,1,32.97,0.19,32.7,0.08,1907,0.875,RETURNED
3,3,256,0.98828125,2,33.32,0.36,32.84,0.12,1909,0.96875,RETURNED
3,3,256,0.9921875,3,32.93,0.21,32.59,0.13,1914,0.98828125,RETURNED
3,3,256,0.9921875,4,30.92,0.15,30.54,0.22,1899,0.984375,RETURNED
3,4,256,0.89453125,0,32.93,0.18,32.61,0.15,1908,0.625,RETURNED
3,4,256,0.96875,1,33.03,0.2,32.75,0.08,1907,0.890625,RETURNED
3,4,256,0.94140625,2,32.87,0.14,32.55,0.18,1909,0.89453125,RETURNED
3,4,256,0.98828125,3,33.0,0.16,32.66,0.19,1914,0.96875,RETURNED
3,4,256,1.0,4,17.6,0.15,17.07,0.38,1067,0.98828125,RETURNED
3,5,256,0.90625,0,32.87,0.18,32.57,0.12,1908,0.61328125,RETURNED
3,5,256,0.96875,1,33.09,0.22,32.75,0.11,1907,0.921875,RETURNED
3,5,256,0.98828125,2,33.19,0.21,32.87,0.11,1909,0.96484375,RETURNED
3,5,256,0.9765625,3,33.04,0.17,32.68,0.19,1914,0.953125,RETURNED
3,5,256,1.0,4,1.49,0.13,1.23,0.13,77,0.9921875,RETURNED
3,6,256,0.8984375,0,32.88,0.17,32.57,0.14,1908,0.6328125,RETURNED
3,6,256,0.95703125,1,33.49,0.13,32.71,0.65,1907,0.91796875,RETURNED
3,6,256,0.98828125,2,32.91,0.22,32.62,0.07,1909,0.97265625,RETURNED
3,6,256,0.9921875,3,32.86,0.11,32.65,0.1,1914,0.98828125,RETURNED
3,6,256,0.96484375,4,30.57,0.11,30.38,0.08,1899,0.9921875,RETURNED
3,7,256,0.91796875,0,32.83,0.18,32.55,0.1,1908,0.6328125,RETURNED
3,7,256,0.94921875,1,33.21,0.18,32.95,0.08,1907,0.91015625,RETURNED
3,7,256,0.98828125,2,33.04,0.2,32.73,0.11,1909,0.97265625,RETURNED
3,7,256,0.9921875,3,33.33,0.41,32.62,0.29,1914,0.98828125,RETURNED
3,7,256,0.98828125,4,30.75,0.18,30.46,0.11,1899,0.98828125,RETURNED
3,8,256,0.90625,0,33.73,0.13,33.45,0.14,1908,0.609375,RETURNED
3,8,256,0.9609375,1,34.34,0.11,34.12,0.1,1907,0.90625,RETURNED
3,8,256,0.98828125,2,33.79,0.12,33.55,0.12,1909,0.96484375,RETURNED
3,8,256,0.98828125,3,34.27,0.17,33.91,0.19,1914,0.98046875,RETURNED
3,9,256,0.90234375,0,33.97,0.24,33.62,0.11,1908,0.62109375,RETURNED
3,9,256,0.96875,1,34.07,0.12,33.87,0.08,1907,0.9296875,RETURNED
3,9,256,0.98046875,2,34.03,0.21,33.7,0.12,1909,0.95703125,RETURNED
3,9,256,0.99609375,3,33.63,0.11,33.42,0.1,1914,0.984375,RETURNED
3,10,256,0.90625,0,33.58,0.17,33.26,0.15,1908,0.61328125,RETURNED
3,10,256,0.94140625,1,34.02,0.19,33.67,0.16,1907,0.8203125,RETURNED
3,10,256,0.96484375,2,33.71,0.19,33.39,0.12,1909,0.9453125,RETURNED
3,10,256,0.98828125,3,33.74,0.2,33.23,0.3,1914,0.98828125,RETURNED
3,10,256,0.9921875,4,30.55,0.21,30.15,0.19,1899,0.9921875,RETURNED
3,11,256,0.90234375,0,33.52,0.13,33.22,0.17,1908,0.62109375,RETURNED
3,11,256,0.953125,1,34.4,0.17,34.04,0.19,1907,0.87890625,RETURNED
3,11,256,0.98828125,2,34.03,0.26,33.55,0.22,1909,0.96875,RETURNED
3,11,256,0.98828125,3,34.45,0.81,33.45,0.19,1914,0.98046875,RETURNED
3,12,256,0.91796875,0,34.03,0.14,33.78,0.11,1908,0.62109375,RETURNED
3,12,256,0.96875,1,34.29,0.12,33.91,0.26,1907,0.89453125,RETURNED
3,12,256,0.98046875,2,33.5,0.11,33.3,0.09,1909,0.96484375,RETURNED
3,12,256,0.984375,3,33.74,0.18,33.44,0.12,1914,0.98828125,RETURNED
3,13,256,0.9296875,0,33.87,0.13,33.63,0.11,1908,0.62890625,RETURNED
3,13,256,0.9609375,1,34.64,0.17,34.36,0.12,1907,0.90234375,RETURNED
3,13,256,0.984375,2,34.05,0.2,33.65,0.19,1909,0.96875,RETURNED
3,13,256,0.984375,3,34.12,0.17,33.79,0.16,1914,0.984375,RETURNED
3,14,256,0.90234375,0,50.5,0.19,30.18,20.13,1908,0.61328125,RETURNED
3,14,256,0.9609375,1,30.34,0.2,30.04,0.09,1907,0.86328125,RETURNED
3,14,256,0.96875,2,30.65,0.42,30.14,0.09,1909,0.953125,RETURNED
3,14,256,0.98828125,3,34.1,0.19,33.77,0.14,1914,0.98828125,RETURNED
3,15,256,0.890625,0,50.61,0.21,30.22,20.18,1908,0.625,RETURNED
3,15,256,0.95703125,1,30.56,0.36,30.09,0.11,1907,0.91796875,RETURNED
3,15,256,0.98828125,2,30.46,0.11,30.24,0.1,1909,0.95703125,RETURNED
3,15,256,0.984375,3,30.89,0.18,30.56,0.16,1914,0.98828125,RETURNED
4,189.27,0.18
4,0,256,0.90234375,0,32.97,0.16,32.7,0.1,1908,0.62109375,RETURNED
4,0,256,0.96484375,1,33.58,0.18,33.14,0.27,1907,0.90625,RETURNED
4,0,256,0.9765625,2,33.6,0.43,33.02,0.15,1909,0.96484375,RETURNED
4,0,256,0.984375,3,33.73,0.14,33.09,0.5,1914,0.9765625,RETURNED
4,0,256,0.99609375,4,33.59,0.16,33.32,0.11,1899,0.984375,RETURNED
4,1,256,0.8984375,0,33.01,0.49,32.43,0.09,1908,0.6171875,RETURNED
4,1,256,0.93359375,1,33.46,0.19,32.97,0.31,1907,0.8984375,RETURNED
4,1,256,0.96875,2,33.06,0.2,32.74,0.12,1909,0.9296875,RETURNED
4,1,256,0.98046875,3,33.19,0.12,32.81,0.27,1914,0.96484375,RETURNED
4,1,256,0.99609375,4,33.13,0.13,32.81,0.18,1899,0.98828125,RETURNED
4,2,256,0.890625,0,33.18,0.4,32.45,0.33,1908,0.6171875,RETURNED
4,2,256,0.9296875,1,33.05,0.12,32.86,0.07,1907,0.890625,RETURNED
4,2,256,0.984375,2,33.1,0.17,32.77,0.16,1909,0.93359375,RETURNED
4,2,256,0.9921875,3,33.34,0.37,32.85,0.12,1914,0.984375,RETURNED
4,2,256,0.98046875,4,32.91,0.14,32.6,0.17,1899,0.98046875,RETURNED
4,3,256,0.9140625,0,32.61,0.11,32.41,0.09,1908,0.61328125,RETURNED
4,3,256,0.9609375,1,33.21,0.15,32.87,0.19,1907,0.9140625,RETURNED
4,3,256,0.95703125,2,33.39,0.57,32.71,0.12,1909,0.875,RETURNED
4,3,256,0.98046875,3,33.27,0.19,32.82,0.25,1914,0.96484375,RETURNED
4,3,256,0.9921875,4,33.34,0.69,32.5,0.15,1899,0.9765625,RETURNED
4,4,256,0.91015625,0,33.08,0.19,32.71,0.18,1908,0.62109375,RETURNED
4,4,256,0.96875,1,33.24,0.17,32.98,0.08,1907,0.91015625,RETURNED
4,4,256,0.9609375,2,33.42,0.31,32.97,0.13,1909,0.921875,RETURNED
4,4,256,0.984375,3,33.39,0.3,32.98,0.12,1914,0.96484375,RETURNED
4,4,256,0.9921875,4,33.09,0.12,32.81,0.15,1899,0.98828125,RETURNED
4,5,256,0.91015625,0,32.82,0.13,32.53,0.16,1908,0.625,RETURNED
4,5,256,0.953125,1,33.4,0.31,32.99,0.1,1907,0.890625,RETURNED
4,5,256,0.9609375,2,33.0,0.1,32.83,0.08,1909,0.91015625,RETURNED
4,5,256,0.9765625,3,33.28,0.34,32.86,0.08,1914,0.9765625,RETURNED
4,5,256,0.97265625,4,32.97,0.12,32.73,0.12,1899,0.98046875,RETURNED
4,6,256,0.89453125,0,32.8,0.12,32.53,0.15,1908,0.61328125,RETURNED
4,6,256,0.94140625,1,33.52,0.26,33.12,0.14,1907,0.88671875,RETURNED
4,6,256,0.9765625,2,33.13,0.1,32.88,0.15,1909,0.94140625,RETURNED
4,6,256,0.984375,3,33.29,0.12,32.89,0.27,1914,0.97265625,RETURNED
4,6,256,0.99609375,4,33.23,0.23,32.78,0.22,1899,0.9921875,RETURNED
4,7,256,0.921875,0,32.84,0.2,32.26,0.38,1908,0.61328125,RETURNED
4,7,256,0.96484375,1,33.57,0.23,33.06,0.28,1907,0.8984375,RETURNED
4,7,256,0.9609375,2,33.29,0.12,32.66,0.51,1909,0.9375,RETURNED
4,7,256,0.9921875,3,33.36,0.35,32.82,0.19,1914,0.984375,RETURNED
4,7,256,0.99609375,4,33.0,0.24,32.63,0.14,1899,0.9921875,RETURNED
4,8,256,0.90625,0,33.2,0.17,32.93,0.09,1908,0.6328125,RETURNED
4,8,256,0.96875,1,33.07,0.45,32.53,0.09,1907,0.91796875,RETURNED
4,8,256,0.9765625,2,33.07,0.16,32.6,0.31,1909,0.9609375,RETURNED
4,8,256,0.9921875,3,33.77,0.89,32.56,0.32,1914,0.98828125,RETURNED
4,8,256,0.98046875,4,30.63,0.34,30.22,0.08,1899,0.99609375,RETURNED
4,9,256,0.91015625,0,34.22,0.1,33.1,1.01,1908,0.6328125,RETURNED
4,9,256,0.94921875,1,32.98,0.2,32.66,0.12,1907,0.90234375,RETURNED
4,9,256,0.98046875,2,32.99,0.18,32.69,0.12,1909,0.96484375,RETURNED
4,9,256,0.9921875,3,63.32,0.24,32.61,30.47,1914,0.98828125,RETURNED
4,10,256,0.90625,0,33.6,0.19,33.16,0.26,1908,0.625,RETURNED
4,10,256,0.94921875,1,33.44,0.75,32.57,0.13,1907,0.8828125,RETURNED
4,10,256,0.98046875,2,33.03,0.24,32.64,0.15,1909,0.9453125,RETURNED
4,10,256,0.99609375,3,32.99,0.19,32.69,0.11,1914,0.98828125,RETURNED
4,10,256,0.9921875,4,30.94,0.44,30.42,0.07,1899,0.9921875,RETURNED
4,11,256,0.90234375,0,33.32,0.1,33.09,0.13,1908,0.6171875,RETURNED
4,11,256,0.96484375,1,33.67,0.23,32.69,0.75,1907,0.92578125,RETURNED
4,11,256,0.97265625,2,33.17,0.21,32.76,0.21,1909,0.9453125,RETURNED
4,11,256,0.98046875,3,32.96,0.12,32.73,0.11,1914,0.9765625,RETURNED
4,11,256,1.0,4,1.21,0.23,0.98,0.0,61,0.9921875,LOST
4,12,256,0.8828125,0,33.98,0.22,33.08,0.68,1908,0.6328125,RETURNED
4,12,256,0.96875,1,32.73,0.13,32.42,0.18,1907,0.91015625,RETURNED
4,12,256,0.9765625,2,32.9,0.19,32.55,0.16,1909,0.9609375,RETURNED
4,12,256,0.9765625,3,32.8,0.11,32.47,0.22,1914,0.96875,RETURNED
4,12,256,0.9921875,4,30.53,0.2,30.23,0.11,1899,0.984375,RETURNED
4,13,256,0.92578125,0,33.46,0.19,32.85,0.43,1908,0.61328125,RETURNED
4,13,256,0.96484375,1,32.86,0.32,32.43,0.11,1907,0.92578125,RETURNED
4,13,256,0.97265625,2,33.82,0.52,32.88,0.42,1909,0.953125,RETURNED
4,13,256,0.97265625,3,32.93,0.2,32.65,0.08,1914,0.96875,RETURNED
4,14,256,0.91796875,0,33.36,0.17,32.89,0.3,1908,0.60546875,RETURNED
4,14,256,0.96484375,1,32.9,0.21,32.42,0.28,1907,0.90625,RETURNED
4,14,256,0.98828125,2,33.14,0.28,32.73,0.13,1909,0.95703125,RETURNED
4,14,256,0.98828125,3,32.83,0.14,32.51,0.17,1914,0.9765625,RETURNED
4,14,256,0.9921875,4,30.52,0.17,30.23,0.12,1899,0.98828125,RETURNED
4,15,256,0.90625,0,33.42,0.17,32.94,0.31,1908,0.6171875,RETURNED
4,15,256,0.9609375,1,33.25,0.4,32.56,0.29,1907,0.9140625,RETURNED
4,15,256,0.98828125,2,33.01,0.11,32.63,0.27,1909,0.94921875,RETURNED
4,15,256,0.9921875,3,32.91,0.13,32.66,0.12,1914,0.984375,RETURNED
4,15,256,0.99609375,4,30.67,0.22,30.36,0.08,1899,0.98046875,RETURNED
5,248.15,0.19
5,0,256,0.921875,0,32.68,0.22,32.28,0.17,1908,0.6171875,RETURNED
5,0,256,0.9609375,1,33.13,0.27,32.53,0.33,1907,0.921875,RETURNED
5,0,256,0.97265625,2,32.74,0.11,32.52,0.11,1909,0.953125,RETURNED
5,0,256,0.984375,3,33.17,0.44,32.64,0.09,1914,0.97265625,RETURNED
5,1,256,0.90234375,0,32.59,0.14,32.33,0.12,1908,0.6171875,RETURNED
5,1,256,0.93359375,1,33.24,0.23,32.65,0.37,1907,0.86328125,RETURNED
5,1,256,0.9765625,2,32.98,0.37,32.54,0.07,1909,0.95703125,RETURNED
5,1,256,0.98828125,3,33.21,0.41,32.72,0.08,1914,0.9765625,RETURNED
5,2,256,0.91015625,0,32.59,0.22,32.29,0.09,1908,0.62890625,RETURNED
5,2,256,0.9453125,1,33.17,0.11,32.89,0.17,1907,0.91015625,RETURNED
5,2,256,0.98046875,2,32.78,0.12,32.51,0.15,1909,0.9609375,RETURNED
5,2,256,0.98828125,3,33.1,0.12,32.85,0.13,1914,0.9765625,RETURNED
5,3,256,0.91796875,0,33.08,0.16,32.69,0.23,1908,0.6328125,RETURNED
5,3,256,0.9375,1,33.02,0.17,32.76,0.09,1907,0.890625,RETURNED
5,3,256,0.984375,2,33.31,0.23,32.91,0.17,1909,0.95703125,RETURNED
5,3,256,0.99609375,3,33.27,0.12,32.99,0.16,1914,0.98828125,RETURNED
5,4,256,0.8984375,0,32.98,0.18,32.67,0.13,1908,0.64453125,RETURNED
5,4,256,0.953125,1,33.63,0.16,32.81,0.66,1907,0.91796875,RETURNED
5,4,256,0.9765625,2,33.23,0.18,32.92,0.13,1909,0.95703125,RETURNED
5,4,256,0.984375,3,32.82,0.16,32.51,0.15,1914,0.98046875,RETURNED
5,5,256,0.9296875,0,32.53,0.11,32.33,0.09,1908,0.62109375,RETURNED
5,5,256,0.94921875,1,32.91,0.1,32.67,0.13,1907,0.87890625,RETURNED
5,5,256,0.9609375,2,33.36,0.19,32.83,0.34,1909,0.94921875,RETURNED
5,5,256,0.98828125,3,32.97,0.15,32.72,0.11,1914,0.98828125,RETURNED
5,6,256,0.90234375,0,32.77,0.13,32.52,0.12,1908,0.61328125,RETURNED
5,6,256,0.97265625,1,33.33,0.17,33.03,0.12,1907,0.921875,RETURNED
5,6,256,0.9921875,2,33.44,0.16,33.14,0.14,1909,0.9609375,RETURNED
5,6,256,0.99609375,3,33.2,0.18,32.93,0.09,1914,0.9921875,RETURNED
5,7,256,0.921875,0,31.02,0.33,30.58,0.12,1908,0.6328125,RETURNED
5,7,256,0.953125,1,31.09,0.24,30.72,0.13,1907,0.88671875,RETURNED
5,7,256,0.9765625,2,30.9,0.23,30.58,0.1,1909,0.9375,RETURNED
5,7,256,0.99609375,3,31.68,0.16,31.07,0.44,1914,0.98828125,RETURNED
5,7,256,1.0,4,7.48,0.41,6.98,0.09,436,0.99609375,RETURNED
5,8,256,0.90625,0,30.69,0.16,30.42,0.11,1908,0.63671875,RETURNED
5,8,256,0.95703125,1,30.93,0.24,30.58,0.11,1907,0.90625,RETURNED
5,8,256,0.9609375,2,31.62,0.78,30.4,0.44,1909,0.9296875,RETURNED
5,8,256,0.98828125,3,31.97,0.3,30.84,0.84,1914,0.97265625,RETURNED
5,8,256,0.984375,4,30.36,0.16,30.06,0.13,1899,0.9765625,RETURNED
5,9,256,0.91015625,0,30.82,0.17,30.45,0.2,1908,0.62890625,RETURNED
5,9,256,0.96484375,1,31.43,0.19,30.62,0.63,1907,0.921875,RETURNED
5,9,256,0.97265625,2,30.81,0.18,30.47,0.16,1909,0.953125,RETURNED
5,9,256,0.9921875,3,31.8,0.57,30.97,0.27,1914,0.984375,RETURNED
5,9,256,0.99609375,4,30.87,0.14,30.12,0.61,1899,0.99609375,RETURNED
5,10,256,0.9375,0,31.08,0.29,30.69,0.1,1908,0.62890625,RETURNED
5,10,256,0.93359375,1,31.44,0.55,30.79,0.11,1907,0.890625,RETURNED
5,10,256,0.97265625,2,31.12,0.25,30.67,0.2,1909,0.953125,RETURNED
5,10,256,0.984375,3,31.46,0.24,31.13,0.09,1914,0.9765625,RETURNED
5,10,256,1.0,4,1.8,0.31,1.22,0.26,77,0.9921875,RETURNED
5,11,256,0.91015625,0,30.86,0.24,30.51,0.12,1908,0.62109375,RETURNED
5,11,256,0.9609375,1,31.05,0.29,30.65,0.12,1907,0.89453125,RETURNED
5,11,256,0.953125,2,30.73,0.12,30.48,0.13,1909,0.9453125,RETURNED
5,11,256,0.99609375,3,31.48,0.32,30.87,0.29,1914,0.98828125,RETURNED
5,11,256,0.98828125,4,31.02,0.73,30.18,0.12,1899,0.984375,RETURNED
5,12,256,0.92578125,0,61.14,0.19,60.28,0.67,1908,0.61328125,RETURNED
5,12,256,0.95703125,1,61.51,0.18,61.22,0.12,1907,0.9453125,RETURNED
5,12,256,0.98828125,2,58.0,0.18,57.67,0.15,1909,0.9765625,RETURNED
5,13,256,0.921875,0,30.71,0.11,30.52,0.08,1908,0.62890625,RETURNED
5,13,256,0.9453125,1,31.0,0.26,30.62,0.12,1907,0.890625,RETURNED
5,13,256,0.98828125,2,30.77,0.12,30.52,0.14,1909,0.95703125,RETURNED
5,13,256,0.97265625,3,31.39,0.27,30.99,0.13,1914,0.96875,RETURNED
5,13,256,0.9921875,4,30.74,0.21,30.21,0.32,1899,0.9765625,RETURNED
5,14,256,0.9296875,0,59.47,0.17,58.53,0.76,1908,0.6171875,RETURNED
5,14,256,0.9609375,1,60.79,0.2,60.49,0.1,1907,0.91796875,RETURNED
5,14,256,0.9921875,2,60.78,0.17,60.46,0.14,1909,0.9921875,RETURNED
5,15,256,0.89453125,0,31.22,0.31,30.55,0.36,1908,0.62109375,RETURNED
5,15,256,0.953125,1,31.15,0.19,30.88,0.08,1907,0.8515625,RETURNED
5,15,256,0.9609375,2,31.72,0.51,30.65,0.56,1909,0.9296875,RETURNED
5,15,256,0.97265625,3,31.15,0.27,30.79,0.08,1914,0.953125,RETURNED
5,15,256,0.9921875,4,30.89,0.2,30.61,0.08,1899,0.9921875,RETURNED
6,210.28,0.25
6,0,256,0.90625,0,33.2,0.18,32.91,0.11,1908,0.62109375,RETURNED
6,0,256,0.96875,1,33.02,0.16,32.72,0.15,1907,0.921875,RETURNED
6,0,256,0.9765625,2,33.21,0.17,32.89,0.15,1909,0.96484375,RETURNED
6,0,256,0.98046875,3,32.92,0.17,32.66,0.09,1914,0.98046875,RETURNED
6,0,256,0.99609375,4,33.23,0.15,32.96,0.13,1899,0.9921875,RETURNED
6,1,256,0.91015625,0,33.75,0.21,33.39,0.15,1908,0.6171875,RETURNED
6,1,256,0.92578125,1,33.54,0.2,33.04,0.3,1907,0.86328125,RETURNED
6,1,256,0.96875,2,36.62,2.85,33.65,0.12,1909,0.9609375,RETURNED
6,1,256,0.9765625,3,33.7,0.17,33.34,0.2,1914,0.97265625,RETURNED
6,1,256,0.98828125,4,33.41,0.26,32.91,0.24,1899,0.98046875,RETURNED
6,2,256,0.921875,0,33.65,0.14,33.3,0.21,1908,0.609375,RETURNED
6,2,256,0.94921875,1,33.54,0.33,33.1,0.11,1907,0.91015625,RETURNED
6,2,256,0.96875,2,33.33,0.11,33.13,0.1,1909,0.9375,RETURNED
6,2,256,0.98046875,3,33.36,0.12,33.08,0.16,1914,0.98046875,RETURNED
6,2,256,0.9921875,4,34.91,1.91,32.91,0.09,1899,0.98828125,RETURNED
6,3,256,0.91015625,0,33.1,0.11,32.79,0.19,1908,0.6171875,RETURNED
6,3,256,0.94921875,1,32.92,0.18,32.6,0.14,1907,0.87109375,RETURNED
6,3,256,0.96484375,2,33.04,0.13,32.78,0.13,1909,0.94140625,RETURNED
6,3,256,0.98828125,3,32.86,0.13,32.61,0.11,1914,0.95703125,RETURNED
6,3,256,0.99609375,4,32.91,0.18,32.61,0.11,1899,0.98828125,RETURNED
6,4,256,0.9140625,0,33.16,0.16,32.85,0.15,1908,0.6171875,RETURNED
6,4,256,0.94140625,1,32.86,0.12,32.59,0.15,1907,0.91796875,RETURNED
6,4,256,0.9765625,2,33.39,0.47,32.81,0.11,1909,0.92578125,RETURNED
6,4,256,0.99609375,3,32.88,0.19,32.63,0.07,1914,0.984375,RETURNED
6,4,256,0.98828125,4,32.84,0.22,32.47,0.14,1899,0.97265625,RETURNED
6,5,256,0.921875,0,33.24,0.14,32.97,0.14,1908,0.62109375,RETURNED
6,5,256,0.9453125,1,33.05,0.15,32.74,0.16,1907,0.86328125,RETURNED
6,5,256,0.97265625,2,33.14,0.2,32.86,0.08,1909,0.94140625,RETURNED
6,5,256,0.9921875,3,32.85,0.17,32.54,0.13,1914,0.9765625,RETURNED
6,5,256,0.99609375,4,33.1,0.16,32.82,0.11,1899,0.98828125,RETURNED
6,6,256,0.91796875,0,33.11,0.1,32.88,0.13,1908,0.609375,RETURNED
6,6,256,0.953125,1,33.01,0.12,32.66,0.22,1907,0.890625,RETURNED
6,6,256,0.98046875,2,33.21,0.13,33.0,0.08,1909,0.9296875,RETURNED
6,6,256,0.9765625,3,32.86,0.17,32.59,0.11,1914,0.9765625,RETURNED
6,6,256,0.984375,4,33.3,0.61,32.56,0.13,1899,0.98046875,RETURNED
6,7,256,0.90625,0,33.49,0.22,32.92,0.35,1908,0.609375,RETURNED
6,7,256,0.9453125,1,32.99,0.2,32.71,0.09,1907,0.89453125,RETURNED
6,7,256,0.984375,2,33.11,0.18,32.86,0.07,1909,0.953125,RETURNED
6,7,256,0.984375,3,33.06,0.27,32.67,0.12,1914,0.9765625,RETURNED
6,7,256,0.9921875,4,33.41,0.11,32.5,0.81,1899,0.98828125,RETURNED
6,8,256,0.8984375,0,33.16,0.26,32.69,0.2,1908,0.62109375,RETURNED
6,8,256,0.95703125,1,34.08,0.42,33.0,0.66,1907,0.89453125,RETURNED
6,8,256,0.98046875,2,33.14,0.21,32.84,0.09,1909,0.95703125,RETURNED
6,8,256,0.98828125,3,33.14,0.32,32.75,0.07,1914,0.98046875,RETURNED
6,8,256,0.9921875,4,31.58,0.95,30.54,0.08,1899,0.9921875,RETURNED
6,9,256,0.89453125,0,33.05,0.13,32.81,0.11,1908,0.609375,RETURNED
6,9,256,0.93359375,1,33.44,0.2,33.12,0.11,1907,0.89453125,RETURNED
6,9,256,0.97265625,2,33.1,0.12,32.86,0.12,1909,0.953125,RETURNED
6,9,256,0.984375,3,33.23,0.15,32.78,0.3,1914,0.96875,RETURNED
6,9,256,0.99609375,4,30.87,0.14,30.65,0.09,1899,0.9921875,RETURNED
6,10,256,0.89453125,0,33.3,0.15,32.9,0.25,1908,0.6171875,RETURNED
6,10,256,0.9609375,1,33.32,0.16,33.07,0.09,1907,0.921875,RETURNED
6,10,256,0.96875,2,33.36,0.37,32.91,0.09,1909,0.94921875,RETURNED
6,10,256,0.98828125,3,33.18,0.13,32.88,0.17,1914,0.984375,RETURNED
6,10,256,0.99609375,4,31.28,0.44,30.67,0.16,1899,0.99609375,RETURNED
6,11,256,0.91796875,0,33.1,0.14,32.88,0.08,1908,0.6171875,RETURNED
6,11,256,0.96875,1,33.73,0.41,33.23,0.09,1907,0.91015625,RETURNED
6,11,256,0.97265625,2,33.62,0.12,33.37,0.13,1909,0.94140625,RETURNED
6,11,256,0.98828125,3,33.48,0.38,32.97,0.13,1914,0.984375,RETURNED
6,11,256,0.99609375,4,31.2,0.21,30.88,0.12,1899,0.98828125,RETURNED
6,12,256,0.91015625,0,33.22,0.2,32.86,0.17,1908,0.640625,RETURNED
6,12,256,0.93359375,1,33.26,0.14,32.96,0.16,1907,0.88671875,RETURNED
6,12,256,0.984375,2,33.4,0.13,32.87,0.4,1909,0.94140625,RETURNED
6,12,256,0.9921875,3,33.25,0.15,32.95,0.14,1914,0.9765625,RETURNED
6,12,256,0.99609375,4,30.93,0.19,30.63,0.11,1899,0.98828125,RETURNED
6,13,256,0.9140625,0,33.09,0.18,32.8,0.1,1908,0.62109375,RETURNED
6,13,256,0.93359375,1,33.47,0.18,33.13,0.16,1907,0.89453125,RETURNED
6,13,256,0.97265625,2,33.38,0.19,32.89,0.29,1909,0.953125,RETURNED
6,13,256,0.984375,3,33.33,0.48,32.74,0.12,1914,0.9765625,RETURNED
6,13,256,0.98828125,4,52.31,0.26,30.67,21.38,1899,0.9765625,RETURNED
6,14,256,0.9140625,0,33.49,0.24,33.08,0.16,1908,0.625,RETURNED
6,14,256,0.9453125,1,33.66,0.26,33.32,0.08,1907,0.8828125,RETURNED
6,14,256,0.98046875,2,33.34,0.17,33.03,0.14,1909,0.953125,RETURNED
6,14,256,0.984375,3,33.16,0.16,32.84,0.16,1914,0.98046875,RETURNED
6,14,256,1.0,4,4.04,0.19,3.61,0.24,216,0.99609375,RETURNED
6,15,256,0.90625,0,33.44,0.12,33.03,0.29,1908,0.62109375,RETURNED
6,15,256,0.95703125,1,34.23,0.54,33.57,0.12,1907,0.90625,RETURNED
6,15,256,0.9765625,2,33.82,0.22,33.38,0.21,1909,0.95703125,RETURNED
6,15,256,0.98828125,3,33.44,0.12,33.22,0.1,1914,0.98046875,RETURNED
6,15,256,0.98046875,4,31.35,0.2,30.89,0.25,1899,0.98828125,RETURNED
7,219.47,0.26
7,0,256,0.94140625,0,32.93,0.19,32.56,0.18,1908,0.64453125,RETURNED
7,0,256,0.9765625,1,33.25,0.23,32.57,0.44,1907,0.94140625,RETURNED
7,0,256,0.984375,2,33.11,0.41,32.55,0.15,1909,0.9765625,RETURNED
7,0,256,0.984375,3,32.79,0.14,32.52,0.13,1914,0.9765625,RETURNED
7,0,256,0.9921875,4,33.07,0.27,32.64,0.16,1899,0.984375,RETURNED
7,1,256,0.8984375,0,33.09,0.16,32.83,0.09,1908,0.6171875,RETURNED
7,1,256,0.97265625,1,33.09,0.19,32.79,0.12,1907,0.9375,RETURNED
7,1,256,0.96875,2,33.11,0.16,32.87,0.09,1909,0.9765625,RETURNED
7,1,256,0.98828125,3,33.26,0.13,32.64,0.5,1914,0.984375,RETURNED
7,1,256,0.9921875,4,33.06,0.11,32.83,0.12,1899,0.98046875,RETURNED
7,2,256,0.91015625,0,33.32,0.27,32.84,0.2,1908,0.60546875,RETURNED
7,2,256,0.94921875,1,33.3,0.17,33.03,0.09,1907,0.88671875,RETURNED
7,2,256,0.953125,2,33.4,0.17,33.15,0.08,1909,0.92578125,RETURNED
7,2,256,0.9765625,3,33.63,0.24,32.8,0.59,1914,0.96484375,RETURNED
7,2,256,0.99609375,4,33.4,0.19,33.11,0.1,1899,0.98828125,RETURNED
7,3,256,0.90625,0,32.89,0.13,32.65,0.12,1908,0.62890625,RETURNED
7,3,256,0.95703125,1,33.22,0.21,32.62,0.39,1907,0.9140625,RETURNED
7,3,256,0.97265625,2,33.09,0.18,32.76,0.16,1909,0.95703125,RETURNED
7,3,256,0.98046875,3,33.12,0.11,32.52,0.49,1914,0.97265625,RETURNED
7,3,256,0.9921875,4,32.97,0.14,32.69,0.14,1899,0.984375,RETURNED
7,4,256,0.8984375,0,33.51,0.72,32.51,0.28,1908,0.6328125,RETURNED
7,4,256,0.96484375,1,33.09,0.32,32.55,0.21,1907,0.8984375,RETURNED
7,4,256,0.984375,2,33.01,0.13,32.59,0.29,1909,0.97265625,RETURNED
7,4,256,0.98046875,3,32.58,0.13,32.34,0.11,1914,0.9765625,RETURNED
7,4,256,0.9921875,4,33.11,0.2,32.82,0.09,1899,0.984375,RETURNED
7,5,256,0.91015625,0,33.47,0.57,32.78,0.12,1908,0.62109375,RETURNED
7,5,256,0.9296875,1,32.7,0.17,32.42,0.1,1907,0.875,RETURNED
7,5,256,0.98046875,2,32.93,0.16,32.68,0.09,1909,0.98046875,RETURNED
7,5,256,0.984375,3,32.57,0.13,32.34,0.11,1914,0.98046875,RETURNED
7,5,256,0.9921875,4,32.82,0.18,32.52,0.12,1899,0.984375,RETURNED
7,6,256,0.8984375,0,32.86,0.11,32.57,0.18,1908,0.6171875,RETURNED
7,6,256,0.9765625,1,32.95,0.2,32.59,0.16,1907,0.94140625,RETURNED
7,6,256,0.97265625,2,32.99,0.17,32.66,0.16,1909,0.9453125,RETURNED
7,6,256,0.97265625,3,32.82,0.17,32.49,0.16,1914,0.97265625,RETURNED
7,6,256,0.99609375,4,32.93,0.16,32.64,0.13,1899,0.984375,RETURNED
7,7,256,0.9140625,0,32.36,0.23,32.02,0.11,1908,0.63671875,RETURNED
7,7,256,0.93359375,1,32.14,0.16,31.71,0.27,1907,0.86328125,RETURNED
7,7,256,0.9765625,2,32.56,0.12,32.31,0.13,1909,0.91796875,RETURNED
7,7,256,0.9765625,3,32.01,0.18,31.76,0.07,1914,0.9609375,RETURNED
7,7,256,0.9921875,4,32.21,0.4,31.68,0.13,1899,0.9765625,RETURNED
7,8,256,0.91796875,0,35.65,0.27,35.01,0.37,1908,0.62890625,RETURNED
7,8,256,0.94921875,1,35.11,0.21,34.78,0.13,1907,0.89453125,RETURNED
7,8,256,0.98046875,2,35.43,0.17,35.16,0.1,1909,0.9765625,RETURNED
7,8,256,0.98046875,3,35.34,0.15,34.99,0.2,1914,0.97265625,RETURNED
7,9,256,0.92578125,0,35.21,0.11,35.02,0.08,1908,0.625,RETURNED
7,9,256,0.95703125,1,34.76,0.12,34.54,0.1,1907,0.8515625,RETURNED
7,9,256,0.96484375,2,35.46,0.17,35.12,0.17,1909,0.953125,RETURNED
7,9,256,0.9765625,3,35.12,0.13,34.82,0.17,1914,0.95703125,RETURNED
7,9,256,0.9921875,4,34.96,0.16,34.7,0.09,1899,0.984375,RETURNED
7,10,256,0.90234375,0,35.3,0.27,34.95,0.08,1908,0.62109375,RETURNED
7,10,256,0.953125,1,35.06,0.16,34.5,0.41,1907,0.91015625,RETURNED
7,10,256,0.9765625,2,35.23,0.19,34.9,0.14,1909,0.95703125,RETURNED
7,10,256,0.984375,3,34.97,0.18,34.65,0.14,1914,0.9765625,RETURNED
7,10,256,0.99609375,4,34.93,0.19,34.59,0.14,1899,0.98828125,RETURNED
7,11,256,0.90625,0,34.85,0.25,34.52,0.08,1908,0.625,RETURNED
7,11,256,0.95703125,1,34.52,0.14,34.29,0.09,1907,0.92578125,RETURNED
7,11,256,0.984375,2,35.02,0.14,34.76,0.12,1909,0.9765625,RETURNED
7,11,256,0.98828125,3,35.05,0.16,34.53,0.36,1914,0.984375,RETURNED
7,11,256,0.9921875,4,34.49,0.11,34.31,0.08,1899,0.98828125,RETURNED
7,12,256,0.921875,0,35.19,0.11,34.87,0.21,1908,0.6171875,RETURNED
7,12,256,0.9453125,1,34.68,0.1,34.49,0.09,1907,0.90625,RETURNED
7,12,256,0.984375,2,35.11,0.13,34.88,0.1,1909,0.96875,RETURNED
7,12,256,0.98828125,3,35.37,0.11,34.54,0.73,1914,0.984375,RETURNED
7,12,256,1.0,4,1.04,0.18,0.55,0.32,30,1.0,RETURNED
7,13,256,0.92578125,0,35.19,0.15,34.89,0.15,1908,0.61328125,RETURNED
7,13,256,0.96875,1,34.81,0.17,34.56,0.08,1907,0.921875,RETURNED
7,13,256,0.96875,2,35.2,0.16,34.9,0.14,1909,0.9453125,RETURNED
7,13,256,0.98828125,3,34.89,0.17,34.61,0.11,1914,0.984375,RETURNED
7,13,256,0.99609375,4,34.69,0.11,34.35,0.23,1899,0.98828125,RETURNED
7,14,256,0.91796875,0,31.06,0.61,30.11,0.34,1908,0.625,RETURNED
7,14,256,0.9453125,1,30.3,0.13,30.07,0.11,1907,0.85546875,RETURNED
7,14,256,0.96484375,2,30.45,0.2,30.13,0.12,1909,0.8984375,RETURNED
7,14,256,0.984375,3,45.7,0.15,30.44,15.11,1914,0.97265625,RETURNED
7,14,256,1.0,4,10.32,0.55,9.67,0.1,610,0.984375,RETURNED
7,15,256,0.91796875,0,30.33,0.17,30.09,0.07,1908,0.609375,RETURNED
7,15,256,0.90234375,1,30.29,0.11,30.01,0.16,1907,0.61328125,RETURNED
7,15,256,0.953125,2,30.3,0.13,30.04,0.13,1909,0.91796875,RETURNED
7,15,256,0.984375,3,40.62,0.11,30.39,10.13,1914,0.95703125,RETURNED
7,15,256,0.9921875,4,30.25,0.11,30.02,0.12,1899,0.984375,RETURNED
8,227.30,0.24
8,0,256,0.9140625,0,58.76,0.21,58.47,0.09,1908,0.62109375,RETURNED
8,0,256,0.9453125,1,60.89,0.11,60.62,0.15,1907,0.8984375,RETURNED
8,0,256,0.984375,2,61.59,0.21,61.22,0.16,1909,0.953125,RETURNED
8,1,256,0.890625,0,58.58,0.13,58.31,0.14,1908,0.62109375,RETURNED
8,1,256,0.953125,1,60.91,0.28,60.29,0.34,1907,0.91015625,RETURNED
8,1,256,0.9765625,2,61.28,0.12,61.02,0.15,1909,0.9609375,RETURNED
8,2,256,0.9140625,0,61.4,0.16,60.92,0.31,1908,0.61328125,RETURNED
8,2,256,0.9609375,1,61.44,0.23,60.95,0.26,1907,0.94921875,RETURNED
8,2,256,0.984375,2,56.26,0.26,55.88,0.12,1909,0.9609375,RETURNED
8,3,256,0.89453125,0,31.07,0.22,30.71,0.15,1908,0.609375,RETURNED
8,3,256,0.94921875,1,31.11,0.31,30.59,0.21,1907,0.90625,RETURNED
8,3,256,0.953125,2,31.21,0.16,30.75,0.31,1909,0.91796875,RETURNED
8,3,256,0.98046875,3,31.0,0.25,30.63,0.11,1914,0.9765625,RETURNED
8,3,256,0.98828125,4,30.74,0.13,30.49,0.12,1899,0.97265625,RETURNED
8,3,256,0.99609375,5,30.96,0.1,30.71,0.15,1914,0.99609375,RETURNED
8,4,256,0.90625,0,30.94,0.18,30.69,0.08,1908,0.61328125,RETURNED
8,4,256,0.94921875,1,30.9,0.18,30.6,0.13,1907,0.89453125,RETURNED
8,4,256,0.96875,2,31.05,0.27,30.7,0.09,1909,0.9453125,RETURNED
8,4,256,0.97265625,3,30.77,0.11,30.58,0.08,1914,0.9609375,RETURNED
8,4,256,0.97265625,4,31.0,0.35,30.51,0.14,1899,0.9765625,RETURNED
8,4,256,0.99609375,5,30.97,0.15,30.74,0.08,1914,0.9921875,RETURNED
8,5,256,0.89453125,0,61.86,0.21,61.12,0.53,1908,0.61328125,RETURNED
8,5,256,0.96875,1,61.61,0.38,61.01,0.22,1907,0.88671875,RETURNED
8,5,256,0.984375,2,56.43,0.3,55.95,0.18,1909,0.98046875,RETURNED
8,6,256,0.91015625,0,30.96,0.14,30.69,0.13,1908,0.6171875,RETURNED
8,6,256,0.953125,1,31.02,0.19,30.63,0.21,1907,0.91015625,RETURNED
8,6,256,0.96484375,2,31.0,0.15,30.72,0.12,1909,0.94921875,RETURNED
8,6,256,0.97265625,3,30.92,0.16,30.66,0.09,1914,0.96484375,RETURNED
8,6,256,0.9921875,4,30.92,0.21,30.51,0.2,1899,0.9765625,RETURNED
8,6,256,0.99609375,5,30.95,0.12,30.76,0.07,1914,0.9921875,RETURNED
8,7,256,0.91796875,0,30.98,0.34,30.56,0.08,1908,0.62890625,RETURNED
8,7,256,0.93359375,1,31.12,0.2,30.5,0.43,1907,0.8984375,RETURNED
8,7,256,0.9609375,2,30.77,0.11,30.58,0.08,1909,0.94140625,RETURNED
8,7,256,0.96875,3,30.68,0.09,30.49,0.09,1914,0.95703125,RETURNED
8,7,256,0.9921875,4,30.7,0.25,30.35,0.1,1899,0.96484375,RETURNED
8,7,256,0.98828125,5,30.85,0.1,30.61,0.15,1914,0.984375,RETURNED
8,8,256,0.91796875,0,34.69,0.15,33.99,0.55,1908,0.63671875,RETURNED
8,8,256,0.96484375,1,34.35,0.24,33.93,0.18,1907,0.91796875,RETURNED
8,8,256,0.9765625,2,33.94,0.14,33.67,0.13,1909,0.9609375,RETURNED
8,8,256,0.98046875,3,34.26,0.1,34.04,0.12,1914,0.9609375,RETURNED
8,8,256,0.98828125,4,34.18,0.16,33.9,0.12,1899,0.98046875,RETURNED
8,8,256,0.99609375,5,31.97,0.22,31.63,0.12,1914,0.99609375,RETURNED
8,9,256,0.92578125,0,34.2,0.14,33.95,0.1,1908,0.61328125,RETURNED
8,9,256,0.9296875,1,34.05,0.2,33.55,0.3,1907,0.88671875,RETURNED
8,9,256,0.953125,2,33.94,0.11,33.72,0.11,1909,0.92578125,RETURNED
8,9,256,0.98046875,3,34.21,0.11,33.98,0.12,1914,0.97265625,RETURNED
8,9,256,0.9921875,4,33.99,0.16,33.63,0.19,1899,0.98828125,RETURNED
8,9,256,1.0,5,1.2,0.11,1.0,0.09,46,0.99609375,RETURNED
8,10,256,0.90234375,0,34.07,0.16,33.79,0.12,1908,0.625,RETURNED
8,10,256,0.95703125,1,33.74,0.1,33.56,0.09,1907,0.91796875,RETURNED
8,10,256,0.97265625,2,33.8,0.12,33.55,0.13,1909,0.90234375,RETURNED
8,10,256,0.98828125,3,34.01,0.11,33.78,0.13,1914,0.9765625,RETURNED
8,10,256,0.9921875,4,33.57,0.16,33.33,0.08,1899,0.98828125,RETURNED
8,10,256,0.984375,5,32.07,0.18,31.73,0.17,1914,0.984375,RETURNED
8,11,256,0.91796875,0,33.8,0.11,33.6,0.09,1908,0.62109375,RETURNED
8,11,256,0.953125,1,33.88,0.38,33.35,0.15,1907,0.90625,RETURNED
8,11,256,0.9765625,2,33.51,0.16,33.25,0.11,1909,0.94921875,RETURNED
8,11,256,0.98046875,3,34.08,0.11,33.86,0.11,1914,0.9609375,RETURNED
8,11,256,0.9921875,4,33.46,0.1,33.25,0.11,1899,0.98046875,RETURNED
8,11,256,0.99609375,5,31.82,0.21,31.49,0.12,1914,0.9921875,RETURNED
8,12,256,0.91015625,0,34.79,0.1,34.56,0.13,1908,0.625,RETURNED
8,12,256,0.96875,1,35.24,0.12,34.99,0.13,1907,0.91015625,RETURNED
8,12,256,0.9609375,2,34.17,0.13,33.91,0.12,1909,0.94140625,RETURNED
8,12,256,0.984375,3,34.7,0.16,34.46,0.08,1914,0.9765625,RETURNED
8,12,256,0.98828125,4,34.23,0.25,33.9,0.08,1899,0.98046875,RETURNED
8,13,256,0.91015625,0,34.14,0.3,33.69,0.15,1908,0.64453125,RETURNED
8,13,256,0.953125,1,33.83,0.41,33.34,0.08,1907,0.9140625,RETURNED
8,13,256,0.9765625,2,33.43,0.24,33.1,0.09,1909,0.94921875,RETURNED
8,13,256,0.9765625,3,34.02,0.16,33.77,0.09,1914,0.9765625,RETURNED
8,13,256,0.9921875,4,33.89,0.12,33.28,0.48,1899,0.97265625,RETURNED
8,13,256,0.99609375,5,31.62,0.16,31.29,0.17,1914,0.9921875,RETURNED
8,14,256,0.90234375,0,31.32,0.16,30.8,0.36,1908,0.6171875,RETURNED
8,14,256,0.94140625,1,31.06,0.15,30.8,0.1,1907,0.81640625,RETURNED
8,14,256,0.95703125,2,31.0,0.1,30.78,0.13,1909,0.94140625,RETURNED
8,14,256,0.98046875,3,31.15,0.14,30.89,0.12,1914,0.96484375,RETURNED
8,14,256,0.9921875,4,30.92,0.18,30.61,0.13,1899,0.9765625,RETURNED
8,14,256,0.9921875,5,31.09,0.13,30.8,0.15,1914,0.98046875,RETURNED
8,15,256,0.90625,0,30.87,0.19,30.3,0.38,1908,0.6328125,RETURNED
8,15,256,0.94140625,1,30.59,0.1,30.33,0.16,1907,0.88671875,RETURNED
8,15,256,0.96484375,2,30.54,0.11,30.3,0.13,1909,0.94140625,RETURNED
8,15,256,0.97265625,3,30.54,0.16,30.29,0.09,1914,0.9609375,RETURNED
8,15,256,0.98828125,4,30.3,0.1,30.07,0.12,1899,0.98046875,RETURNED
8,15,256,0.9921875,5,30.54,0.12,30.3,0.13,1914,0.98828125,RETURNED
9,192.06,0.24
9,0,256,0.9296875,0,33.19,0.16,32.93,0.1,1908,0.62109375,RETURNED
9,0,256,0.9375,1,32.66,0.17,32.38,0.12,1907,0.90625,RETURNED
9,0,256,0.94921875,2,32.95,0.11,32.72,0.12,1909,0.91015625,RETURNED
9,0,256,0.9765625,3,32.79,0.3,32.31,0.17,1914,0.97265625,RETURNED
9,0,256,0.99609375,4,32.95,0.18,32.63,0.14,1899,0.98828125,RETURNED
9,1,256,0.890625,0,33.18,0.16,32.94,0.08,1908,0.62109375,RETURNED
9,1,256,0.953125,1,32.68,0.11,32.47,0.1,1907,0.8828125,RETURNED
9,1,256,0.96875,2,33.14,0.26,32.77,0.11,1909,0.9140625,RETURNED
9,1,256,0.98828125,3,32.8,0.17,32.45,0.18,1914,0.97265625,RETURNED
9,1,256,1.0,4,29.94,0.33,29.49,0.12,1700,0.984375,RETURNED
9,2,256,0.90234375,0,33.93,0.21,33.32,0.41,1908,0.6484375,RETURNED
9,2,256,0.94921875,1,32.9,0.15,32.58,0.18,1907,0.90234375,RETURNED
9,2,256,0.98046875,2,33.07,0.19,32.79,0.08,1909,0.953125,RETURNED
9,2,256,0.98828125,3,33.02,0.18,32.7,0.13,1914,0.98046875,RETURNED
9,2,256,0.98828125,4,33.04,0.16,32.76,0.12,1899,0.98828125,RETURNED
9,3,256,0.9140625,0,33.29,0.13,33.07,0.09,1908,0.62109375,RETURNED
9,3,256,0.97265625,1,33.0,0.16,32.67,0.17,1907,0.91015625,RETURNED
9,3,256,0.98828125,2,33.33,0.16,32.99,0.18,1909,0.95703125,RETURNED
9,3,256,0.98828125,3,33.21,0.16,32.88,0.16,1914,0.98828125,RETURNED
9,3,256,0.99609375,4,33.09,0.33,32.62,0.15,1899,0.98828125,RETURNED
9,4,256,0.9140625,0,33.31,0.2,33.0,0.11,1908,0.62109375,RETURNED
9,4,256,0.94921875,1,32.75,0.19,32.4,0.16,1907,0.91015625,RETURNED
9,4,256,0.96484375,2,33.72,0.17,33.47,0.08,1909,0.94140625,RETURNED
9,4,256,0.99609375,3,33.57,0.14,33.25,0.18,1914,0.984375,RETURNED
9,4,256,1.0,4,30.29,0.11,30.06,0.11,1700,0.98828125,RETURNED
9,5,256,0.8828125,0,33.32,0.22,33.02,0.07,1908,0.625,RETURNED
9,5,256,0.94921875,1,32.93,0.22,32.6,0.11,1907,0.921875,RETURNED
9,5,256,0.98046875,2,33.11,0.21,32.78,0.12,1909,0.94921875,RETURNED
9,5,256,0.98046875,3,33.07,0.18,32.75,0.14,1914,0.96484375,RETURNED
9,5,256,0.98828125,4,33.02,0.21,32.69,0.12,1899,0.98828125,RETURNED
9,6,256,0.91015625,0,33.36,0.22,32.96,0.18,1908,0.625,RETURNED
9,6,256,0.9609375,1,32.96,0.36,32.5,0.1,1907,0.85546875,RETURNED
9,6,256,0.984375,2,33.09,0.13,32.82,0.14,1909,0.94140625,RETURNED
9,6,256,0.97265625,3,32.8,0.22,32.46,0.12,1914,0.953125,RETURNED
9,6,256,0.9765625,4,32.9,0.15,32.66,0.09,1899,0.98046875,RETURNED
9,7,256,0.91015625,0,33.42,0.16,33.11,0.15,1908,0.62109375,RETURNED
9,7,256,0.9453125,1,33.04,0.43,32.53,0.08,1907,0.921875,RETURNED
9,7,256,0.97265625,2,33.02,0.12,32.78,0.12,1909,0.94140625,RETURNED
9,7,256,0.98046875,3,32.87,0.16,32.59,0.12,1914,0.96875,RETURNED
9,7,256,0.98828125,4,32.94,0.17,32.68,0.09,1899,0.984375,RETURNED
9,8,256,0.90234375,0,36.22,0.21,35.86,0.14,1908,0.62890625,RETURNED
9,8,256,0.95703125,1,35.61,0.11,35.4,0.1,1907,0.90625,RETURNED
9,8,256,0.98828125,2,35.55,0.16,35.29,0.09,1909,0.95703125,RETURNED
9,8,256,0.984375,3,36.33,0.35,35.89,0.09,1914,0.97265625,RETURNED
9,9,256,0.90234375,0,35.86,0.17,35.55,0.14,1908,0.640625,RETURNED
9,9,256,0.96484375,1,38.08,0.13,35.32,2.64,1907,0.9140625,RETURNED
9,9,256,0.98046875,2,35.4,0.2,35.08,0.12,1909,0.95703125,RETURNED
9,9,256,0.98046875,3,36.54,0.24,36.18,0.13,1914,0.9765625,RETURNED
9,10,256,0.90234375,0,36.69,0.22,35.89,0.58,1908,0.62890625,RETURNED
9,10,256,0.953125,1,36.54,0.82,35.55,0.17,1907,0.9140625,RETURNED
9,10,256,0.9609375,2,35.66,0.19,35.39,0.08,1909,0.9375,RETURNED
9,10,256,0.98828125,3,36.41,0.15,36.16,0.11,1914,0.9765625,RETURNED
9,11,256,0.9140625,0,36.42,0.13,36.2,0.08,1908,0.62890625,RETURNED
9,11,256,0.953125,1,35.99,0.26,35.61,0.12,1907,0.8984375,RETURNED
9,11,256,0.9765625,2,35.57,0.17,35.3,0.09,1909,0.953125,RETURNED
9,11,256,1.0,3,28.57,0.12,28.46,0.0,1493,0.984375,LOST
9,12,256,0.90625,0,35.99,0.19,35.6,0.2,1908,0.6171875,RETURNED
9,12,256,0.92578125,1,35.89,0.18,35.06,0.65,1907,0.8984375,RETURNED
9,12,256,0.98046875,2,36.0,0.29,35.59,0.11,1909,0.94921875,RETURNED
9,12,256,0.98828125,3,36.61,0.17,36.34,0.1,1914,0.98828125,RETURNED
9,13,256,0.9140625,0,37.38,0.15,37.02,0.22,1908,0.64453125,RETURNED
9,13,256,0.9609375,1,36.66,0.17,36.41,0.08,1907,0.9140625,RETURNED
9,13,256,0.97265625,2,36.54,0.29,36.16,0.08,1909,0.96484375,RETURNED
9,13,256,0.99609375,3,37.27,0.1,36.98,0.18,1914,0.98828125,RETURNED
9,14,256,0.9140625,0,36.24,0.16,35.97,0.12,1908,0.609375,RETURNED
9,14,256,0.94921875,1,35.67,0.12,35.38,0.17,1907,0.9140625,RETURNED
9,14,256,0.98046875,2,35.74,0.26,35.37,0.12,1909,0.94921875,RETURNED
9,14,256,0.9921875,3,36.64,0.15,36.12,0.36,1914,0.98828125,RETURNED
9,15,256,0.90234375,0,36.06,0.15,35.78,0.13,1908,0.62890625,RETURNED
9,15,256,0.953125,1,35.42,0.1,35.19,0.12,1907,0.9140625,RETURNED
9,15,256,0.9609375,2,35.44,0.14,35.22,0.08,1909,0.9453125,RETURNED
9,15,256,0.9921875,3,36.11,0.1,35.8,0.21,1914,0.984375,RETURNED
10,233.80,0.30
10,0,256,0.9140625,0,33.28,0.29,32.91,0.08,1908,0.625,RETURNED
10,0,256,0.953125,1,33.14,0.29,32.77,0.08,1907,0.9296875,RETURNED
10,0,256,0.98828125,2,33.1,0.11,32.91,0.08,1909,0.96484375,RETURNED
10,0,256,0.984375,3,33.43,0.16,33.15,0.12,1914,0.96484375,RETURNED
10,0,256,0.9921875,4,32.7,0.14,32.47,0.09,1899,0.984375,RETURNED
10,0,256,1.0,5,23.13,0.12,22.88,0.13,1329,0.99609375,RETURNED
10,1,256,0.9296875,0,32.9,0.18,32.6,0.12,1908,0.62890625,RETURNED
10,1,256,0.9375,1,32.84,0.17,32.43,0.23,1907,0.8359375,RETURNED
10,1,256,0.96875,2,32.91,0.11,32.65,0.15,1909,0.93359375,RETURNED
10,1,256,0.9765625,3,32.88,0.13,32.59,0.16,1914,0.96484375,RETURNED
10,1,256,0.99609375,4,32.68,0.18,32.35,0.15,1899,0.9921875,RETURNED
10,1,256,1.0,5,22.92,0.34,22.4,0.17,1329,0.99609375,RETURNED
10,2,256,0.9140625,0,32.96,0.15,32.64,0.17,1908,0.640625,RETURNED
10,2,256,0.9375,1,32.75,0.16,32.48,0.11,1907,0.87890625,RETURNED
10,2,256,0.9609375,2,33.15,0.29,32.7,0.16,1909,0.9375,RETURNED
10,2,256,0.9765625,3,33.14,0.13,32.93,0.08,1914,0.953125,RETURNED
10,2,256,0.99609375,4,32.48,0.1,32.17,0.21,1899,0.9921875,RETURNED
10,2,256,0.98828125,5,32.48,0.14,31.73,0.61,1914,0.98828125,RETURNED
10,3,256,0.90234375,0,32.92,0.22,32.59,0.1,1908,0.6171875,RETURNED
10,3,256,0.94921875,1,32.75,0.18,32.49,0.08,1907,0.87890625,RETURNED
10,3,256,0.96484375,2,33.34,0.51,32.73,0.1,1909,0.94140625,RETURNED
10,3,256,0.96875,3,33.12,0.16,32.89,0.08,1914,0.95703125,RETURNED
10,3,256,0.984375,4,32.67,0.12,32.43,0.12,1899,0.98046875,RETURNED
10,3,256,1.0,5,23.0,0.17,22.51,0.32,1329,0.99609375,RETURNED
10,4,256,0.90625,0,33.34,0.12,33.11,0.12,1908,0.625,RETURNED
10,4,256,0.9453125,1,33.3,0.11,33.04,0.15,1907,0.91796875,RETURNED
10,4,256,0.9765625,2,33.62,0.14,33.31,0.16,1909,0.9609375,RETURNED
10,4,256,0.9765625,3,33.6,0.11,33.37,0.12,1914,0.98046875,RETURNED
10,4,256,0.98828125,4,33.3,0.15,32.81,0.34,1899,0.98046875,RETURNED
10,4,256,1.0,5,23.17,0.12,22.9,0.14,1329,0.99609375,RETURNED
10,5,256,0.921875,0,33.41,0.21,33.02,0.18,1908,0.609375,RETURNED
10,5,256,0.96484375,1,33.27,0.15,32.9,0.21,1907,0.91015625,RETURNED
10,5,256,0.984375,2,33.85,0.39,33.32,0.14,1909,0.96484375,RETURNED
10,5,256,0.98828125,3,33.68,0.12,33.46,0.1,1914,0.97265625,RETURNED
10,5,256,0.99609375,4,33.23,0.13,32.94,0.15,1899,0.9921875,RETURNED
10,5,256,1.0,5,23.22,0.2,22.95,0.08,1329,0.99609375,RETURNED
10,6,256,0.91015625,0,33.37,0.21,33.01,0.15,1908,0.6328125,RETURNED
10,6,256,0.9375,1,32.72,0.11,32.54,0.07,1907,0.90234375,RETURNED
10,6,256,0.95703125,2,32.97,0.15,32.74,0.08,1909,0.92578125,RETURNED
10,6,256,0.9765625,3,33.18,0.17,32.89,0.12,1914,0.96875,RETURNED
10,6,256,0.9765625,4,32.68,0.16,32.35,0.16,1899,0.9609375,RETURNED
10,6,256,1.0,5,22.84,0.13,22.57,0.14,1329,0.99609375,RETURNED
10,7,256,0.9140625,0,33.21,0.12,32.91,0.19,1908,0.62109375,RETURNED
10,7,256,0.97265625,1,32.91,0.13,32.65,0.13,1907,0.9140625,RETURNED
10,7,256,0.97265625,2,32.96,0.1,32.78,0.07,1909,0.94921875,RETURNED
10,7,256,0.9921875,3,33.2,0.15,32.96,0.09,1914,0.97265625,RETURNED
10,7,256,0.9921875,4,32.7,0.13,32.43,0.14,1899,0.984375,RETURNED
10,7,256,1.0,5,22.83,0.13,22.58,0.12,1329,0.99609375,RETURNED
10,8,256,0.9140625,0,36.58,0.21,36.19,0.18,1908,0.61328125,RETURNED
10,8,256,0.9609375,1,35.93,0.15,35.62,0.16,1907,0.92578125,RETURNED
10,8,256,0.9765625,2,36.29,0.17,36.03,0.09,1909,0.9453125,RETURNED
10,8,256,0.98828125,3,36.3,0.26,35.92,0.12,1914,0.9765625,RETURNED
10,8,256,0.98828125,4,35.9,0.16,35.61,0.14,1899,0.99609375,RETURNED
10,8,256,1.0,5,25.35,0.17,25.06,0.12,1329,0.9921875,RETURNED
10,9,256,0.90625,0,36.08,0.16,35.79,0.13,1908,0.625,RETURNED
10,9,256,0.96484375,1,35.93,0.22,35.5,0.21,1907,0.9140625,RETURNED
10,9,256,0.9765625,2,35.96,0.11,35.76,0.09,1909,0.921875,RETURNED
10,9,256,0.99609375,3,36.64,0.23,35.85,0.56,1914,0.9921875,RETURNED
10,9,256,0.984375,4,35.54,0.12,35.31,0.11,1899,0.9765625,RETURNED
10,9,256,1.0,5,25.18,0.09,24.92,0.16,1329,0.99609375,RETURNED
10,10,256,0.9375,0,36.48,0.13,36.22,0.14,1908,0.6328125,RETURNED
10,10,256,0.96484375,1,36.4,0.49,35.83,0.08,1907,0.87890625,RETURNED
10,10,256,0.9921875,2,36.31,0.17,36.07,0.07,1909,0.96484375,RETURNED
10,10,256,0.99609375,3,36.53,0.11,36.33,0.09,1914,0.9921875,RETURNED
10,10,256,0.99609375,4,35.98,0.15,35.75,0.08,1899,0.99609375,RETURNED
10,10,256,1.0,5,25.35,0.16,25.09,0.09,1329,0.99609375,RETURNED
10,11,256,0.89453125,0,36.52,0.2,36.14,0.19,1908,0.6171875,RETURNED
10,11,256,0.94921875,1,36.12,0.16,35.83,0.13,1907,0.91015625,RETURNED
10,11,256,0.97265625,2,36.29,0.31,35.89,0.08,1909,0.9453125,RETURNED
10,11,256,0.99609375,3,36.37,0.17,36.09,0.11,1914,0.98828125,RETURNED
10,11,256,0.99609375,4,35.59,0.12,35.39,0.08,1899,0.99609375,RETURNED
10,11,256,1.0,5,25.16,0.1,24.98,0.08,1329,0.99609375,RETURNED
10,12,256,0.90625,0,36.18,0.17,35.89,0.12,1908,0.609375,RETURNED
10,12,256,0.96875,1,36.22,0.32,35.79,0.11,1907,0.9140625,RETURNED
10,12,256,0.96875,2,36.04,0.11,35.85,0.08,1909,0.93359375,RETURNED
10,12,256,0.984375,3,36.27,0.16,36.02,0.09,1914,0.98046875,RETURNED
10,12,256,0.99609375,4,35.88,0.26,35.45,0.17,1899,0.99609375,RETURNED
10,12,256,1.0,5,25.26,0.18,25.0,0.08,1329,0.99609375,RETURNED
10,13,256,0.91796875,0,35.94,0.11,35.57,0.26,1908,0.62109375,RETURNED
10,13,256,0.9609375,1,35.57,0.3,35.16,0.11,1907,0.9140625,RETURNED
10,13,256,0.98046875,2,35.91,0.23,35.49,0.19,1909,0.953125,RETURNED
10,13,256,0.98828125,3,35.85,0.11,35.59,0.16,1914,0.98046875,RETURNED
10,13,256,0.97265625,4,35.46,0.11,35.23,0.12,1899,0.9921875,RETURNED
10,13,256,0.9921875,5,35.47,0.17,35.22,0.08,1914,0.9921875,RETURNED
10,14,256,0.90234375,0,36.78,0.19,36.19,0.4,1908,0.640625,RETURNED
10,14,256,0.95703125,1,36.08,0.16,35.83,0.09,1907,0.90625,RETURNED
10,14,256,0.98046875,2,36.48,0.17,36.14,0.17,1909,0.96484375,RETURNED
10,14,256,0.99609375,3,36.65,0.19,36.34,0.12,1914,0.9921875,RETURNED
10,14,256,0.984375,4,36.38,0.56,35.74,0.08,1899,0.97265625,RETURNED
10,14,256,1.0,5,25.81,0.3,25.29,0.22,1329,0.9921875,RETURNED
10,15,256,0.90234375,0,36.17,0.25,35.85,0.07,1908,0.625,RETURNED
10,15,256,0.9453125,1,35.59,0.1,35.3,0.18,1907,0.91015625,RETURNED
10,15,256,0.9921875,2,35.8,0.11,35.55,0.15,1909,0.96484375,RETURNED
10,15,256,0.96484375,3,36.38,0.12,36.1,0.16,1914,0.96875,RETURNED
10,15,256,0.9921875,4,35.56,0.13,35.35,0.08,1899,0.98046875,RETURNED
10,15,256,0.99609375,5,36.3,0.15,35.69,0.46,1914,0.99609375,RETURNED
11,230.63,0.26
11,0,256,0.90625,0,33.3,0.17,33.05,0.08,1908,0.62890625,RETURNED
11,0,256,0.9296875,1,32.89,0.14,32.56,0.18,1907,0.85546875,RETURNED
11,0,256,0.953125,2,33.27,0.2,32.91,0.16,1909,0.9375,RETURNED
11,0,256,0.984375,3,33.24,0.12,32.98,0.13,1914,0.96875,RETURNED
11,0,256,0.984375,4,32.81,0.13,32.53,0.15,1899,0.98046875,RETURNED
11,0,256,0.99609375,5,31.55,0.28,31.08,0.19,1914,0.98828125,RETURNED
11,1,256,0.90625,0,35.19,0.15,33.52,1.52,1908,0.625,RETURNED
11,1,256,0.9609375,1,33.45,0.16,33.12,0.17,1907,0.92578125,RETURNED
11,1,256,0.9765625,2,33.47,0.17,33.09,0.22,1909,0.9609375,RETURNED
11,1,256,0.98828125,3,33.55,0.13,33.32,0.1,1914,0.97265625,RETURNED
11,1,256,0.984375,4,33.03,0.11,32.79,0.12,1899,0.984375,RETURNED
11,1,256,1.0,5,3.43,0.13,3.16,0.15,180,0.9921875,RETURNED
11,2,256,0.92578125,0,33.33,0.15,33.06,0.12,1908,0.6328125,RETURNED
11,2,256,0.94921875,1,32.82,0.12,32.53,0.17,1907,0.8515625,RETURNED
11,2,256,0.97265625,2,33.09,0.33,32.68,0.09,1909,0.953125,RETURNED
11,2,256,0.98046875,3,32.93,0.15,32.65,0.13,1914,0.95703125,RETURNED
11,2,256,0.99609375,4,32.59,0.13,32.34,0.12,1899,0.9765625,RETURNED
11,2,256,0.984375,5,31.4,0.2,31.04,0.17,1914,0.9921875,RETURNED
11,3,256,0.90234375,0,33.46,0.17,33.0,0.28,1908,0.625,RETURNED
11,3,256,0.96484375,1,32.88,0.11,32.65,0.12,1907,0.92578125,RETURNED
11,3,256,0.984375,2,32.99,0.13,32.76,0.1,1909,0.96484375,RETURNED
11,3,256,0.98046875,3,33.35,0.25,32.78,0.32,1914,0.97265625,RETURNED
11,3,256,0.9921875,4,32.86,0.38,32.36,0.12,1899,0.984375,RETURNED
11,3,256,0.9921875,5,31.33,0.1,31.06,0.17,1914,0.98828125,RETURNED
11,4,256,0.91796875,0,33.77,0.18,32.97,0.62,1908,0.625,RETURNED
11,4,256,0.9609375,1,32.8,0.19,32.49,0.11,1907,0.92578125,RETURNED
11,4,256,0.9765625,2,33.05,0.17,32.76,0.12,1909,0.9609375,RETURNED
11,4,256,0.98046875,3,33.56,0.18,32.76,0.63,1914,0.98046875,RETURNED
11,4,256,0.9921875,4,32.51,0.2,32.22,0.09,1899,0.984375,RETURNED
11,4,256,0.99609375,5,31.2,0.12,30.93,0.14,1914,0.9921875,RETURNED
11,5,256,0.9296875,0,33.28,0.12,33.05,0.11,1908,0.6640625,RETURNED
11,5,256,0.953125,1,32.86,0.15,32.6,0.11,1907,0.9140625,RETURNED
11,5,256,0.9765625,2,33.23,0.17,32.66,0.41,1909,0.94921875,RETURNED
11,5,256,0.984375,3,33.02,0.11,32.77,0.14,1914,0.9765625,RETURNED
11,5,256,0.98828125,4,32.56,0.11,32.38,0.07,1899,0.984375,RETURNED
11,5,256,1.0,5,21.92,0.18,21.62,0.12,1329,0.98828125,RETURNED
11,6,256,0.921875,0,33.48,0.17,33.22,0.08,1908,0.62109375,RETURNED
11,6,256,0.94140625,1,33.14,0.21,32.79,0.13,1907,0.8984375,RETURNED
11,6,256,0.984375,2,33.14,0.13,32.9,0.1,1909,0.95703125,RETURNED
11,6,256,0.984375,3,33.12,0.2,32.8,0.12,1914,0.9765625,RETURNED
11,6,256,0.98828125,4,32.68,0.14,32.46,0.08,1899,0.984375,RETURNED
11,6,256,1.0,5,22.06,0.28,21.66,0.12,1329,0.99609375,RETURNED
11,7,256,0.91015625,0,36.01,0.31,35.05,0.65,1908,0.6171875,RETURNED
11,7,256,0.96875,1,34.95,0.16,34.65,0.14,1907,0.91015625,RETURNED
11,7,256,0.9765625,2,35.24,0.28,34.84,0.12,1909,0.95703125,RETURNED
11,7,256,0.984375,3,35.28,0.17,34.99,0.12,1914,0.98046875,RETURNED
11,7,256,0.9921875,4,34.76,0.16,34.45,0.16,1899,0.984375,RETURNED
11,7,256,0.99609375,5,35.74,0.75,34.71,0.28,1914,0.9921875,RETURNED
11,8,256,0.9140625,0,35.54,0.25,35.22,0.07,1908,0.65234375,RETURNED
11,8,256,0.94140625,1,35.38,0.12,34.89,0.36,1907,0.8125,RETURNED
11,8,256,0.97265625,2,35.54,0.18,35.21,0.15,1909,0.94140625,RETURNED
11,8,256,0.98828125,3,36.0,0.25,35.46,0.29,1914,0.984375,RETURNED
11,8,256,0.98046875,4,34.94,0.11,34.75,0.08,1899,0.984375,RETURNED
11,8,256,0.99609375,5,35.14,0.11,34.82,0.2,1914,0.98828125,RETURNED
11,9,256,0.9140625,0,35.51,0.12,35.27,0.13,1908,0.625,RETURNED
11,9,256,0.94921875,1,35.08,0.16,34.81,0.11,1907,0.9140625,RETURNED
11,9,256,0.98046875,2,35.3,0.15,35.02,0.13,1909,0.95703125,RETURNED
11,9,256,0.98828125,3,35.41,0.14,35.08,0.19,1914,0.984375,RETURNED
11,9,256,0.99609375,4,35.01,0.15,34.7,0.15,1899,0.984375,RETURNED
11,9,256,0.99609375,5,35.28,0.17,34.94,0.17,1914,0.98828125,RETURNED
11,10,256,0.90234375,0,36.09,0.26,35.67,0.16,1908,0.6171875,RETURNED
11,10,256,0.9453125,1,35.35,0.11,35.12,0.12,1907,0.90625,RETURNED
11,10,256,0.98046875,2,35.75,0.11,35.52,0.13,1909,0.9375,RETURNED
11,10,256,0.98828125,3,36.11,0.27,35.69,0.15,1914,0.96875,RETURNED
11,10,256,0.9921875,4,35.34,0.18,35.03,0.13,1899,0.98828125,RETURNED
11,11,256,0.921875,0,35.9,0.16,35.63,0.11,1908,0.61328125,RETURNED
11,11,256,0.953125,1,36.94,0.16,35.06,1.73,1907,0.90625,RETURNED
11,11,256,0.9765625,2,35.66,0.13,35.38,0.16,1909,0.9453125,RETURNED
11,11,256,0.99609375,3,35.86,0.15,35.54,0.16,1914,0.984375,RETURNED
11,11,256,0.9765625,4,35.27,0.12,35.03,0.12,1899,0.984375,RETURNED
11,12,256,0.92578125,0,34.98,0.14,34.69,0.14,1908,0.62890625,RETURNED
11,12,256,0.96875,1,34.57,0.13,34.36,0.08,1907,0.890625,RETURNED
11,12,256,0.96875,2,34.77,0.2,34.47,0.1,1909,0.95703125,RETURNED
11,12,256,0.9765625,3,34.71,0.1,34.49,0.12,1914,0.96484375,RETURNED
11,12,256,0.98828125,4,34.41,0.17,34.15,0.09,1899,0.984375,RETURNED
11,12,256,0.9921875,5,35.16,0.65,34.33,0.18,1914,0.9921875,RETURNED
11,13,256,0.921875,0,69.08,0.2,68.77,0.12,1908,0.62109375,RETURNED
11,13,256,0.9609375,1,69.34,0.11,69.09,0.14,1907,0.91796875,RETURNED
11,13,256,0.9921875,2,69.06,0.2,68.75,0.11,1909,0.98046875,RETURNED
11,14,256,0.91796875,0,70.74,0.12,70.46,0.15,1908,0.625,RETURNED
11,14,256,0.9609375,1,71.12,0.18,70.82,0.12,1907,0.953125,RETURNED
11,14,256,0.97265625,2,66.27,0.2,65.99,0.08,1909,0.98828125,RETURNED
11,15,256,0.89453125,0,30.31,0.16,30.01,0.15,1908,0.625,RETURNED
11,15,256,0.921875,1,30.32,0.1,30.04,0.18,1907,0.66796875,RETURNED
11,15,256,0.96875,2,30.43,0.15,30.14,0.14,1909,0.91796875,RETURNED
11,15,256,0.984375,3,31.02,0.2,30.18,0.65,1914,0.97265625,RETURNED
11,15,256,0.98828125,4,30.42,0.31,29.98,0.13,1899,0.9765625,RETURNED
11,15,256,0.9921875,5,30.52,0.22,30.12,0.18,1914,0.984375,RETURNED
12,272.30,0.18
12,0,256,0.921875,0,31.71,0.81,30.79,0.11,1908,0.6328125,RETURNED
12,0,256,0.95703125,1,31.16,0.22,30.67,0.27,1907,0.9140625,RETURNED
12,0,256,0.984375,2,30.86,0.21,30.45,0.21,1909,0.96875,RETURNED
12,0,256,0.9765625,3,30.88,0.23,30.57,0.08,1914,0.96484375,RETURNED
12,0,256,0.984375,4,30.57,0.17,30.28,0.13,1899,0.984375,RETURNED
12,0,256,1.0,5,26.2,0.16,25.9,0.13,1632,0.9921875,RETURNED
12,1,256,0.91796875,0,31.12,0.4,30.58,0.14,1908,0.62109375,RETURNED
12,1,256,0.96484375,1,30.82,0.12,30.61,0.08,1907,0.91015625,RETURNED
12,1,256,0.95703125,2,31.01,0.17,30.42,0.41,1909,0.91796875,RETURNED
12,1,256,0.98046875,3,30.9,0.12,30.68,0.11,1914,0.9609375,RETURNED
12,1,256,0.9921875,4,30.85,0.14,30.32,0.39,1899,0.97265625,RETURNED
12,1,256,1.0,5,13.72,0.26,13.34,0.12,837,0.9921875,RETURNED
12,2,256,0.921875,0,31.38,0.23,30.7,0.45,1908,0.6171875,RETURNED
12,2,256,0.94140625,1,31.4,0.49,30.79,0.12,1907,0.90625,RETURNED
12,2,256,0.96875,2,31.0,0.18,30.68,0.14,1909,0.9609375,RETURNED
12,2,256,0.9921875,3,31.06,0.11,30.74,0.21,1914,0.96875,RETURNED
12,2,256,0.9921875,4,31.04,0.14,30.6,0.3,1899,0.984375,RETURNED
12,2,256,0.99609375,5,30.9,0.16,30.6,0.15,1914,0.9921875,RETURNED
12,3,256,0.91015625,0,30.93,0.24,30.55,0.14,1908,0.6171875,RETURNED
12,3,256,0.95703125,1,30.9,0.18,30.61,0.1,1907,0.91015625,RETURNED
12,3,256,0.96484375,2,32.62,1.79,30.53,0.31,1909,0.9375,RETURNED
12,3,256,0.9765625,3,31.07,0.36,30.58,0.13,1914,0.97265625,RETURNED
12,3,256,0.9921875,4,31.02,0.4,30.37,0.25,1899,0.98828125,RETURNED
12,3,256,1.0,5,13.63,0.17,13.34,0.12,837,0.9921875,RETURNED
12,4,256,0.9140625,0,31.27,0.52,30.66,0.08,1908,0.6171875,RETURNED
12,4,256,0.9609375,1,31.18,0.3,30.78,0.1,1907,0.8828125,RETURNED
12,4,256,0.9765625,2,30.82,0.2,30.55,0.08,1909,0.95703125,RETURNED
12,4,256,0.9765625,3,31.08,0.21,30.75,0.12,1914,0.9609375,RETURNED
12,4,256,0.9921875,4,31.12,0.34,30.45,0.32,1899,0.984375,RETURNED
12,4,256,0.99609375,5,30.93,0.29,30.57,0.07,1914,0.99609375,RETURNED
12,5,256,0.92578125,0,31.05,0.25,30.71,0.09,1908,0.6328125,RETURNED
12,5,256,0.95703125,1,31.31,0.23,30.73,0.35,1907,0.92578125,RETURNED
12,5,256,0.95703125,2,30.82,0.12,30.58,0.12,1909,0.9296875,RETURNED
12,5,256,0.984375,3,31.08,0.19,30.78,0.11,1914,0.953125,RETURNED
12,5,256,0.9921875,4,30.84,0.13,30.48,0.24,1899,0.98046875,RETURNED
12,5,256,0.99609375,5,31.09,0.35,30.59,0.16,1914,0.9921875,RETURNED
12,6,256,0.91796875,0,31.14,0.16,30.86,0.12,1908,0.63671875,RETURNED
12,6,256,0.97265625,1,31.26,0.19,30.96,0.1,1907,0.9140625,RETURNED
12,6,256,0.953125,2,30.96,0.16,30.72,0.08,1909,0.9453125,RETURNED
12,6,256,0.97265625,3,31.25,0.17,30.94,0.13,1914,0.95703125,RETURNED
12,6,256,0.9921875,4,31.07,0.24,30.74,0.09,1899,0.984375,RETURNED
12,6,256,0.9921875,5,31.03,0.18,30.77,0.08,1914,0.9921875,RETURNED
12,7,256,0.90625,0,34.86,0.23,34.44,0.19,1908,0.62109375,RETURNED
12,7,256,0.94921875,1,35.01,0.13,34.74,0.14,1907,0.91015625,RETURNED
12,7,256,0.96875,2,35.48,0.2,34.62,0.66,1909,0.94921875,RETURNED
12,7,256,0.98046875,3,35.0,0.17,34.57,0.26,1914,0.9765625,RETURNED
12,7,256,0.984375,4,34.71,0.1,34.53,0.08,1899,0.97265625,RETURNED
12,8,256,0.91015625,0,35.04,0.17,34.75,0.12,1908,0.60546875,RETURNED
12,8,256,0.953125,1,35.36,0.17,35.02,0.16,1907,0.91015625,RETURNED
12,8,256,0.95703125,2,35.49,0.12,35.03,0.34,1909,0.94921875,RETURNED
12,8,256,0.98828125,3,35.46,0.11,34.94,0.42,1914,0.97265625,RETURNED
12,8,256,0.9765625,4,35.34,0.29,34.97,0.08,1899,0.9765625,RETURNED
12,9,256,0.90625,0,42.09,7.44,34.57,0.07,1908,0.6171875,RETURNED
12,9,256,0.9609375,1,34.62,0.11,34.39,0.12,1907,0.87109375,RETURNED
12,9,256,0.97265625,2,34.79,0.2,34.44,0.14,1909,0.9453125,RETURNED
12,9,256,0.9765625,3,34.76,0.14,34.48,0.14,1914,0.95703125,RETURNED
12,9,256,1.0,4,26.5,0.4,25.99,0.12,1437,0.98828125,RETURNED
12,10,256,0.91015625,0,68.81,0.18,68.53,0.1,1908,0.609375,RETURNED
12,10,256,0.9765625,1,69.23,0.15,68.92,0.16,1907,0.9609375,RETURNED
12,10,256,0.98046875,2,70.02,0.17,69.57,0.27,1909,0.9765625,RETURNED
12,11,256,0.91015625,0,35.7,0.33,34.97,0.39,1908,0.6171875,RETURNED
12,11,256,0.9453125,1,36.0,0.61,35.26,0.13,1907,0.89453125,RETURNED
12,11,256,0.96484375,2,35.55,0.12,35.35,0.09,1909,0.9453125,RETURNED
12,11,256,0.98046875,3,35.49,0.11,35.25,0.12,1914,0.9765625,RETURNED
12,11,256,0.98046875,4,35.32,0.12,35.1,0.1,1899,0.98046875,RETURNED
12,12,256,0.90625,0,35.07,0.31,34.67,0.08,1908,0.625,RETURNED
12,12,256,0.9453125,1,35.19,0.17,34.86,0.16,1907,0.8984375,RETURNED
12,12,256,0.96484375,2,35.47,0.28,34.91,0.28,1909,0.94921875,RETURNED
12,12,256,0.98046875,3,35.32,0.37,34.76,0.18,1914,0.9765625,RETURNED
12,12,256,0.98828125,4,35.08,0.12,34.77,0.19,1899,0.98828125,RETURNED
12,13,256,0.91015625,0,71.56,1.58,69.67,0.31,1908,0.62109375,RETURNED
12,13,256,0.96484375,1,70.06,0.31,69.64,0.11,1907,0.953125,RETURNED
12,13,256,0.9765625,2,68.33,0.17,68.03,0.14,1909,0.98046875,RETURNED
12,14,256,0.91015625,0,35.4,0.18,34.91,0.31,1908,0.6328125,RETURNED
12,14,256,0.95703125,1,37.97,2.16,35.68,0.13,1907,0.91015625,RETURNED
12,14,256,0.98046875,2,35.92,0.15,35.56,0.22,1909,0.97265625,RETURNED
12,14,256,0.984375,3,35.53,0.33,35.03,0.17,1914,0.98046875,RETURNED
12,14,256,0.9921875,4,35.63,0.24,35.16,0.23,1899,0.98046875,RETURNED
12,15,256,0.9140625,0,30.2,0.14,29.93,0.13,1908,0.609375,RETURNED
12,15,256,0.953125,1,30.2,0.15,29.93,0.12,1907,0.91015625,RETURNED
12,15,256,0.9765625,2,30.26,0.15,29.94,0.17,1909,0.94921875,RETURNED
12,15,256,0.98828125,3,30.55,0.29,30.04,0.22,1914,0.9765625,RETURNED
12,15,256,0.9921875,4,30.2,0.25,29.81,0.14,1899,0.98828125,RETURNED
12,15,256,0.9921875,5,30.34,0.12,29.99,0.22,1914,0.98046875,RETURNED
13,194.54,0.28
13,0,256,0.890625,0,34.24,0.12,33.93,0.19,1908,0.625,RETURNED
13,0,256,0.94140625,1,34.56,0.17,34.0,0.39,1907,0.890625,RETURNED
13,0,256,0.96875,2,33.79,0.22,33.47,0.1,1909,0.9453125,RETURNED
13,0,256,0.96484375,3,34.79,0.2,34.51,0.08,1914,0.96875,RETURNED
13,0,256,0.99609375,4,32.51,0.17,32.23,0.11,1899,0.98828125,RETURNED
13,1,256,0.90234375,0,34.17,0.77,33.21,0.19,1908,0.6328125,RETURNED
13,1,256,0.93359375,1,33.87,0.24,33.55,0.08,1907,0.8984375,RETURNED
13,1,256,0.97265625,2,33.84,0.21,33.5,0.13,1909,0.953125,RETURNED
13,1,256,0.98828125,3,34.41,0.11,34.19,0.1,1914,0.96484375,RETURNED
13,1,256,1.0,4,10.87,0.19,10.57,0.11,610,0.9921875,RETURNED
13,2,256,0.8984375,0,33.57,0.15,33.28,0.14,1908,0.609375,RETURNED
13,2,256,0.94140625,1,34.24,0.12,33.61,0.51,1907,0.87890625,RETURNED
13,2,256,0.98046875,2,34.16,0.21,33.81,0.15,1909,0.95703125,RETURNED
13,2,256,0.984375,3,34.63,0.11,34.36,0.17,1914,0.97265625,RETURNED
13,2,256,1.0,4,21.33,0.16,21.02,0.14,1229,0.984375,RETURNED
13,3,256,0.88671875,0,33.98,0.15,33.69,0.13,1908,0.6171875,RETURNED
13,3,256,0.94921875,1,34.11,0.12,33.74,0.25,1907,0.89453125,RETURNED
13,3,256,0.9609375,2,33.55,0.13,33.25,0.17,1909,0.94140625,RETURNED
13,3,256,0.99609375,3,34.82,0.22,34.21,0.4,1914,0.984375,RETURNED
13,3,256,0.9921875,4,32.55,0.19,32.19,0.17,1899,0.9921875,RETURNED
13,4,256,0.9140625,0,33.53,0.16,33.24,0.14,1908,0.62109375,RETURNED
13,4,256,0.9609375,1,33.79,0.11,33.56,0.12,1907,0.91015625,RETURNED
13,4,256,0.9609375,2,33.68,0.15,33.42,0.1,1909,0.953125,RETURNED
13,4,256,0.984375,3,34.51,0.14,34.29,0.08,1914,0.9609375,RETURNED
13,4,256,0.98828125,4,32.34,0.18,32.05,0.11,1899,0.98828125,RETURNED
13,5,256,0.8984375,0,33.87,0.32,33.47,0.08,1908,0.64453125,RETURNED
13,5,256,0.94140625,1,33.94,0.13,33.73,0.08,1907,0.90625,RETURNED
13,5,256,0.97265625,2,33.88,0.43,33.37,0.08,1909,0.94921875,RETURNED
13,5,256,0.99609375,3,35.28,0.18,34.75,0.35,1914,0.984375,RETURNED
13,5,256,0.99609375,4,32.72,0.29,32.31,0.12,1899,0.99609375,RETURNED
13,6,256,0.89453125,0,33.71,0.23,33.39,0.09,1908,0.62890625,RETURNED
13,6,256,0.94921875,1,33.99,0.13,33.66,0.21,1907,0.90625,RETURNED
13,6,256,0.97265625,2,33.76,0.16,33.5,0.09,1909,0.953125,RETURNED
13,6,256,0.984375,3,34.15,0.16,33.91,0.08,1914,0.98046875,RETURNED
13,6,256,1.0,4,1.65,0.55,1.1,0.0,61,0.99609375,LOST
13,7,256,0.89453125,0,32.89,0.11,32.63,0.16,1908,0.62109375,RETURNED
13,7,256,0.95703125,1,33.19,0.17,32.74,0.29,1907,0.90625,RETURNED
13,7,256,0.9609375,2,33.51,0.12,33.21,0.19,1909,0.94140625,RETURNED
13,7,256,0.9921875,3,33.91,0.2,33.63,0.08,1914,0.984375,RETURNED
13,7,256,0.9921875,4,31.15,0.13,30.91,0.12,1899,0.9765625,RETURNED
13,8,256,0.91015625,0,32.93,0.12,32.7,0.12,1908,0.609375,RETURNED
13,8,256,0.953125,1,33.09,0.13,32.74,0.22,1907,0.87890625,RETURNED
13,8,256,0.9765625,2,33.0,0.16,32.75,0.09,1909,0.94921875,RETURNED
13,8,256,0.98046875,3,33.58,0.29,33.15,0.14,1914,0.984375,RETURNED
13,8,256,0.9921875,4,30.86,0.18,30.55,0.13,1899,0.984375,RETURNED
13,9,256,0.91015625,0,32.99,0.26,32.65,0.08,1908,0.62109375,RETURNED
13,9,256,0.94921875,1,33.08,0.17,32.76,0.15,1907,0.8515625,RETURNED
13,9,256,0.97265625,2,33.4,0.36,32.92,0.11,1909,0.95703125,RETURNED
13,9,256,0.98828125,3,33.41,0.14,33.18,0.09,1914,0.98046875,RETURNED
13,9,256,0.99609375,4,30.9,0.23,30.53,0.14,1899,0.984375,RETURNED
13,10,256,0.8828125,0,32.86,0.11,32.67,0.08,1908,0.6171875,RETURNED
13,10,256,0.94921875,1,33.06,0.27,32.7,0.09,1907,0.90234375,RETURNED
13,10,256,0.96484375,2,33.06,0.11,32.84,0.11,1909,0.94140625,RETURNED
13,10,256,0.98046875,3,33.28,0.12,32.99,0.18,1914,0.96875,RETURNED
13,10,256,1.0,4,28.21,0.23,27.81,0.18,1729,0.984375,RETURNED
13,11,256,0.9140625,0,33.02,0.22,32.67,0.13,1908,0.60546875,RETURNED
13,11,256,0.94921875,1,33.21,0.36,32.71,0.14,1907,0.890625,RETURNED
13,11,256,0.9609375,2,33.09,0.12,32.71,0.27,1909,0.953125,RETURNED
13,11,256,0.98828125,3,33.3,0.21,32.99,0.1,1914,0.98046875,RETURNED
13,11,256,0.9921875,4,30.85,0.34,30.42,0.09,1899,0.98046875,RETURNED
13,12,256,0.89453125,0,33.17,0.11,32.65,0.41,1908,0.6171875,RETURNED
13,12,256,0.96875,1,32.78,0.11,32.55,0.12,1907,0.91015625,RETURNED
13,12,256,0.984375,2,33.14,0.15,32.74,0.24,1909,0.95703125,RETURNED
13,12,256,0.98828125,3,33.63,0.21,33.16,0.26,1914,0.9765625,RETURNED
13,12,256,0.98828125,4,30.72,0.17,30.46,0.09,1899,0.98828125,RETURNED
13,13,256,0.90234375,0,34.09,0.14,33.86,0.08,1908,0.62890625,RETURNED
13,13,256,0.953125,1,34.24,0.28,33.81,0.15,1907,0.88671875,RETURNED
13,13,256,0.9453125,2,34.35,0.29,33.99,0.08,1909,0.91015625,RETURNED
13,13,256,0.9765625,3,34.37,0.18,34.05,0.14,1914,0.9609375,RETURNED
13,13,256,0.984375,4,33.91,0.16,33.66,0.08,1899,0.9765625,RETURNED
13,14,256,0.91015625,0,34.25,0.18,33.99,0.08,1908,0.61328125,RETURNED
13,14,256,0.94140625,1,34.52,0.24,34.02,0.26,1907,0.8671875,RETURNED
13,14,256,0.96875,2,34.54,0.15,34.3,0.09,1909,0.94140625,RETURNED
13,14,256,0.96484375,3,34.41,0.1,34.24,0.08,1914,0.953125,RETURNED
13,14,256,0.98828125,4,34.35,0.16,34.0,0.19,1899,0.9765625,RETURNED
13,15,256,0.90625,0,35.09,0.34,34.47,0.29,1908,0.61328125,RETURNED
13,15,256,0.95703125,1,34.78,0.17,34.52,0.09,1907,0.89453125,RETURNED
13,15,256,0.984375,2,34.86,0.15,34.59,0.13,1909,0.95703125,RETURNED
13,15,256,0.98046875,3,34.93,0.27,34.45,0.21,1914,0.96875,RETURNED
13,15,256,0.98828125,4,34.5,0.12,34.23,0.15,1899,0.98828125,RETURNED
14,227.82,0.25
14,0,256,0.87890625,0,102.76,0.11,102.51,0.13,1908,0.6015625,RETURNED
14,0,256,0.9453125,1,103.34,0.74,102.4,0.19,1907,0.91796875,RETURNED
14,1,256,0.90234375,0,34.92,0.16,34.65,0.1,1908,0.61328125,RETURNED
14,1,256,0.9296875,1,34.82,0.1,34.58,0.13,1907,0.8359375,RETURNED
14,1,256,0.96484375,2,34.98,0.19,34.69,0.09,1909,0.92578125,RETURNED
14,1,256,0.98828125,3,34.71,0.17,34.32,0.22,1914,0.953125,RETURNED
14,1,256,0.984375,4,34.67,0.14,34.31,0.22,1899,0.98046875,RETURNED
14,1,256,1.0,5,18.54,0.18,18.23,0.13,1018,0.9921875,RETURNED
14,2,256,0.921875,0,103.89,0.18,103.4,0.31,1908,0.60546875,RETURNED
14,2,256,0.9609375,1,103.77,0.1,103.51,0.17,1907,0.95703125,RETURNED
14,3,256,0.89453125,0,34.89,0.19,34.61,0.09,1908,0.62890625,RETURNED
14,3,256,0.94140625,1,34.97,0.2,34.69,0.07,1907,0.86328125,RETURNED
14,3,256,0.9765625,2,34.93,0.21,34.62,0.1,1909,0.9296875,RETURNED
14,3,256,0.96875,3,34.92,0.14,34.63,0.16,1914,0.9609375,RETURNED
14,3,256,0.98828125,4,34.93,0.2,34.47,0.26,1899,0.98046875,RETURNED
14,3,256,0.9921875,5,34.8,0.1,34.61,0.09,1914,0.9921875,RETURNED
14,4,256,0.90625,0,35.07,0.18,34.77,0.12,1908,0.6328125,RETURNED
14,4,256,0.94140625,1,34.81,0.14,34.53,0.14,1907,0.87890625,RETURNED
14,4,256,0.96484375,2,35.05,0.22,34.74,0.09,1909,0.9296875,RETURNED
14,4,256,0.98046875,3,35.14,0.16,34.73,0.24,1914,0.96484375,RETURNED
14,4,256,0.99609375,4,34.74,0.19,34.48,0.08,1899,0.984375,RETURNED
14,4,256,0.99609375,5,34.79,0.24,34.48,0.07,1914,0.98046875,RETURNED
14,5,256,0.890625,0,35.4,0.13,35.15,0.12,1908,0.61328125,RETURNED
14,5,256,0.93359375,1,35.59,0.36,35.08,0.15,1907,0.84765625,RETURNED
14,5,256,0.98046875,2,35.64,0.16,35.31,0.16,1909,0.953125,RETURNED
14,5,256,0.9921875,3,36.44,0.19,35.16,1.09,1914,0.984375,RETURNED
14,5,256,0.99609375,4,35.5,0.28,35.02,0.2,1899,0.9921875,RETURNED
14,6,256,0.88671875,0,35.47,0.21,35.13,0.13,1908,0.62109375,RETURNED
14,6,256,0.9375,1,35.56,0.14,35.02,0.41,1907,0.890625,RETURNED
14,6,256,0.97265625,2,35.62,0.12,35.37,0.12,1909,0.9296875,RETURNED
14,6,256,0.9921875,3,36.46,0.13,35.21,1.12,1914,0.98046875,RETURNED
14,6,256,0.98828125,4,35.46,0.17,35.11,0.19,1899,0.9921875,RETURNED
14,7,256,0.91796875,0,103.07,0.12,102.74,0.21,1908,0.62109375,RETURNED
14,7,256,0.99609375,1,99.73,0.27,99.34,0.12,1907,0.984375,RETURNED
14,8,256,0.8828125,0,33.37,0.19,32.98,0.19,1908,0.63671875,RETURNED
14,8,256,0.95703125,1,32.8,0.17,32.45,0.17,1907,0.90625,RETURNED
14,8,256,0.96875,2,33.48,0.5,32.83,0.16,1909,0.9375,RETURNED
14,8,256,0.9921875,3,33.02,0.28,32.63,0.12,1914,0.97265625,RETURNED
14,8,256,0.98046875,4,33.48,0.55,32.86,0.08,1899,0.98046875,RETURNED
14,8,256,1.0,5,14.16,0.57,13.47,0.13,821,0.99609375,RETURNED
14,9,256,0.9140625,0,33.25,0.14,33.02,0.08,1908,0.6171875,RETURNED
14,9,256,0.9609375,1,32.94,0.1,32.73,0.11,1907,0.90234375,RETURNED
14,9,256,0.984375,2,33.3,0.15,32.94,0.21,1909,0.96484375,RETURNED
14,9,256,0.97265625,3,33.35,0.18,32.83,0.34,1914,0.96875,RETURNED
14,9,256,0.9921875,4,32.99,0.15,32.74,0.11,1899,0.97265625,RETURNED
14,9,256,0.9765625,5,31.64,0.56,30.91,0.18,1914,0.99609375,RETURNED
14,10,256,0.921875,0,33.46,0.23,33.14,0.09,1908,0.61328125,RETURNED
14,10,256,0.95703125,1,33.01,0.19,32.7,0.12,1907,0.9140625,RETURNED
14,10,256,0.97265625,2,33.05,0.12,32.8,0.13,1909,0.95703125,RETURNED
14,10,256,0.984375,3,33.06,0.16,32.71,0.18,1914,0.96875,RETURNED
14,10,256,0.9921875,4,33.14,0.1,32.81,0.23,1899,0.9921875,RETURNED
14,10,256,1.0,5,6.22,0.21,5.89,0.11,349,0.98828125,RETURNED
14,11,256,0.9140625,0,33.31,0.21,33.02,0.08,1908,0.625,RETURNED
14,11,256,0.9296875,1,32.86,0.21,32.54,0.11,1907,0.87109375,RETURNED
14,11,256,0.96484375,2,33.27,0.46,32.68,0.13,1909,0.94140625,RETURNED
14,11,256,0.9765625,3,33.35,0.45,32.69,0.21,1914,0.95703125,RETURNED
14,11,256,0.99609375,4,33.05,0.17,32.78,0.11,1899,0.99609375,RETURNED
14,11,256,0.9921875,5,31.28,0.22,30.95,0.11,1914,0.98828125,RETURNED
14,12,256,0.90625,0,33.29,0.13,33.0,0.17,1908,0.640625,RETURNED
14,12,256,0.9296875,1,32.86,0.18,32.5,0.19,1907,0.8828125,RETURNED
14,12,256,0.9765625,2,33.48,0.42,32.94,0.12,1909,0.9453125,RETURNED
14,12,256,0.9921875,3,33.08,0.19,32.68,0.21,1914,0.984375,RETURNED
14,12,256,0.984375,4,32.99,0.18,32.73,0.08,1899,0.98046875,RETURNED
14,12,256,0.99609375,5,31.13,0.1,30.92,0.1,1914,0.99609375,RETURNED
14,13,256,0.9140625,0,32.91,0.12,32.68,0.12,1908,0.61328125,RETURNED
14,13,256,0.9453125,1,32.5,0.1,32.29,0.11,1907,0.90625,RETURNED
14,13,256,0.96875,2,33.17,0.49,32.5,0.18,1909,0.9453125,RETURNED
14,13,256,0.97265625,3,32.72,0.16,32.48,0.08,1914,0.9453125,RETURNED
14,13,256,0.9765625,4,33.09,0.62,32.37,0.1,1899,0.98046875,RETURNED
14,13,256,0.9921875,5,30.87,0.1,30.69,0.07,1914,0.9921875,RETURNED
14,14,256,0.90625,0,33.14,0.25,32.8,0.09,1908,0.61328125,RETURNED
14,14,256,0.96484375,1,32.68,0.27,32.29,0.12,1907,0.9140625,RETURNED
14,14,256,0.953125,2,32.86,0.1,32.65,0.11,1909,0.90234375,RETURNED
14,14,256,0.98046875,3,32.92,0.3,32.49,0.12,1914,0.9765625,RETURNED
14,14,256,0.98828125,4,32.81,0.17,32.46,0.19,1899,0.98046875,RETURNED
14,14,256,0.9921875,5,31.16,0.18,30.79,0.18,1914,0.9921875,RETURNED
14,15,256,0.9140625,0,33.35,0.12,33.11,0.12,1908,0.62890625,RETURNED
14,15,256,0.94921875,1,32.8,0.17,32.52,0.11,1907,0.9140625,RETURNED
14,15,256,0.98046875,2,33.13,0.17,32.77,0.19,1909,0.9375,RETURNED
14,15,256,0.98046875,3,32.97,0.11,32.75,0.11,1914,0.97265625,RETURNED
14,15,256,0.99609375,4,32.89,0.16,32.62,0.11,1899,0.98828125,RETURNED
14,15,256,0.99609375,5,31.14,0.12,30.95,0.07,1914,0.9921875,RETURNED
