0,253.49,2.21
0,0,256,0.921875,0,33.07,0.26,32.69,0.12,1908,0.62109375,RETURNED
0,0,256,0.96484375,1,33.35,0.09,33.17,0.09,1907,0.90625,RETURNED
0,0,256,0.96875,2,33.15,0.2,32.83,0.12,1909,0.95703125,RETURNED
0,0,256,0.984375,3,33.47,0.15,33.31,0.0,1914,0.984375,LOST
0,0,256,0.984375,4,32.87,0.21,32.52,0.15,1896,0.984375,RETURNED
0,0,256,0.9921875,5,33.04,0.15,32.9,0.0,1922,0.98828125,LOST
0,1,256,0.9140625,0,32.86,0.16,32.6,0.1,1908,0.6640625,RETURNED
0,1,256,0.95703125,1,33.33,0.24,32.95,0.15,1907,0.93359375,RETURNED
0,1,256,0.97265625,2,32.63,0.17,32.3,0.16,1909,0.95703125,RETURNED
0,1,256,0.98046875,3,32.87,0.11,32.77,0.0,1914,0.96875,LOST
0,1,256,0.98828125,4,32.42,0.22,32.11,0.08,1896,0.984375,RETURNED
0,1,256,0.9921875,5,33.15,0.3,32.85,0.0,1922,0.98828125,LOST
0,2,256,0.90234375,0,33.4,0.21,33.12,0.07,1908,0.6171875,RETURNED
0,2,256,0.95703125,1,34.29,0.51,33.58,0.21,1907,0.921875,RETURNED
0,2,256,0.98046875,2,33.3,0.12,33.1,0.09,1909,0.94921875,RETURNED
0,2,256,0.984375,3,33.9,0.18,33.72,0.0,1914,0.96484375,LOST
0,2,256,0.984375,4,33.56,0.12,33.19,0.25,1896,0.98046875,RETURNED
0,2,256,0.99609375,5,33.63,0.23,33.39,0.0,1922,0.99609375,LOST
0,3,256,0.8984375,0,32.96,0.15,32.74,0.07,1908,0.61328125,RETURNED
0,3,256,0.94921875,1,33.36,0.26,33.02,0.08,1907,0.9140625,RETURNED
0,3,256,0.984375,2,32.76,0.26,32.38,0.12,1909,0.9609375,RETURNED
0,3,256,0.9921875,3,33.03,0.11,32.93,0.0,1914,0.984375,LOST
0,3,256,0.98828125,4,32.85,0.29,32.46,0.09,1896,0.98046875,RETURNED
0,3,256,0.9921875,5,33.09,0.34,32.75,0.0,1922,0.98828125,LOST
0,4,256,0.90625,0,33.15,0.15,32.93,0.07,1908,0.62109375,RETURNED
0,4,256,0.953125,1,33.32,0.11,33.13,0.08,1907,0.90625,RETURNED
0,4,256,0.984375,2,32.92,0.14,32.7,0.08,1909,0.95703125,RETURNED
0,4,256,0.9765625,3,33.32,0.12,33.2,0.0,1914,0.96484375,LOST
0,4,256,0.98828125,4,33.8,0.96,32.76,0.08,1896,0.984375,RETURNED
0,4,256,0.98828125,5,33.19,0.13,33.06,0.0,1922,0.98828125,LOST
0,5,256,0.90625,0,33.12,0.47,32.57,0.08,1908,0.6171875,RETURNED
0,5,256,0.94921875,1,33.12,0.12,32.88,0.12,1907,0.90625,RETURNED
0,5,256,0.96875,2,32.52,0.13,32.3,0.09,1909,0.94921875,RETURNED
0,5,256,0.98828125,3,33.3,0.43,32.87,0.0,1914,0.97265625,LOST
0,5,256,0.9765625,4,32.39,0.11,32.2,0.08,1896,0.96875,RETURNED
0,5,256,0.98828125,5,32.93,0.13,32.8,0.0,1922,0.9765625,LOST
0,6,256,0.93359375,0,32.81,0.14,32.47,0.2,1908,0.6171875,RETURNED
0,6,256,0.9453125,1,33.17,0.16,32.78,0.23,1907,0.875,RETURNED
0,6,256,0.9765625,2,32.56,0.15,32.31,0.09,1909,0.94921875,RETURNED
0,6,256,0.9921875,3,32.97,0.15,32.82,0.0,1914,0.9765625,LOST
0,6,256,0.984375,4,32.52,0.33,32.11,0.08,1896,0.98046875,RETURNED
0,6,256,0.99609375,5,33.08,0.29,32.79,0.0,1922,0.99609375,LOST
0,7,256,0.92578125,0,32.87,0.14,32.58,0.15,1908,0.640625,RETURNED
0,7,256,0.95703125,1,33.17,0.12,32.97,0.08,1907,0.921875,RETURNED
0,7,256,0.9609375,2,32.68,0.13,32.45,0.11,1909,0.92578125,RETURNED
0,7,256,0.99609375,3,33.05,0.25,32.79,0.0,1914,0.9765625,LOST
0,7,256,0.984375,4,32.55,0.24,32.22,0.1,1896,0.984375,RETURNED
0,7,256,0.99609375,5,33.01,0.11,32.91,0.0,1922,0.99609375,LOST
0,8,256,0.9140625,0,32.64,0.13,32.44,0.07,1908,0.6328125,RETURNED
0,8,256,0.953125,1,33.14,0.21,32.85,0.08,1907,0.88671875,RETURNED
0,8,256,0.96484375,2,32.54,0.11,32.3,0.13,1909,0.94140625,RETURNED
0,8,256,0.98046875,3,32.83,0.13,32.7,0.0,1914,0.9609375,LOST
0,8,256,0.98828125,4,32.37,0.12,32.17,0.08,1896,0.984375,RETURNED
0,8,256,0.9765625,5,33.16,0.13,33.02,0.0,1922,0.97265625,LOST
0,8,256,0.99609375,6,31.17,0.28,30.73,0.16,1889,0.98828125,RETURNED
0,9,256,0.90625,0,32.99,0.14,32.75,0.1,1908,0.625,RETURNED
0,9,256,0.9296875,1,33.24,0.11,33.05,0.08,1907,0.87109375,RETURNED
0,9,256,0.95703125,2,33.11,0.12,32.9,0.09,1909,0.90625,RETURNED
0,9,256,0.98828125,3,33.19,0.13,33.07,0.0,1914,0.984375,LOST
0,9,256,0.99609375,4,32.72,0.15,32.46,0.11,1896,0.9765625,RETURNED
0,9,256,0.99609375,5,33.31,0.13,33.19,0.0,1922,0.99609375,LOST
0,9,256,1.0,6,25.31,0.16,25.15,0.0,1525,0.98828125,LOST
0,10,256,0.9140625,0,32.73,0.13,32.49,0.12,1908,0.62109375,RETURNED
0,10,256,0.92578125,1,33.1,0.11,32.85,0.15,1907,0.84375,RETURNED
0,10,256,0.9765625,2,32.76,0.14,32.53,0.1,1909,0.953125,RETURNED
0,10,256,0.984375,3,33.11,0.21,32.9,0.0,1914,0.97265625,LOST
0,10,256,0.9921875,4,32.51,0.15,32.21,0.15,1896,0.984375,RETURNED
0,10,256,0.99609375,5,33.09,0.22,32.87,0.0,1922,0.98828125,LOST
0,10,256,0.984375,6,31.2,0.25,30.73,0.22,1889,0.9765625,RETURNED
0,11,256,0.9140625,0,32.73,0.15,32.42,0.16,1908,0.625,RETURNED
0,11,256,0.94921875,1,32.97,0.12,32.77,0.08,1907,0.9140625,RETURNED
0,11,256,0.984375,2,32.58,0.11,32.37,0.1,1909,0.94921875,RETURNED
0,11,256,0.98828125,3,33.07,0.11,32.96,0.0,1914,0.984375,LOST
0,11,256,0.98828125,4,32.48,0.22,32.18,0.08,1896,0.98046875,RETURNED
0,11,256,0.984375,5,32.84,0.12,32.72,0.0,1922,0.98046875,LOST
0,11,256,1.0,6,21.29,0.17,20.94,0.18,1277,0.99609375,RETURNED
0,12,256,0.8984375,0,32.96,0.13,32.74,0.09,1908,0.609375,RETURNED
0,12,256,0.94921875,1,33.58,0.15,33.3,0.13,1907,0.90234375,RETURNED
0,12,256,0.9765625,2,33.29,0.1,32.97,0.22,1909,0.9453125,RETURNED
0,12,256,0.9921875,3,33.54,0.17,33.38,0.0,1914,0.984375,LOST
0,12,256,0.98046875,4,33.08,0.21,32.75,0.12,1896,0.98046875,RETURNED
0,12,256,0.99609375,5,33.59,0.17,33.42,0.0,1922,0.99609375,LOST
0,12,256,0.99609375,6,31.12,0.12,30.92,0.09,1889,0.98046875,RETURNED
0,13,256,0.8828125,0,32.81,0.13,32.54,0.14,1908,0.6171875,RETURNED
0,13,256,0.94921875,1,33.19,0.14,32.95,0.09,1907,0.9140625,RETURNED
0,13,256,0.9609375,2,32.64,0.12,32.45,0.07,1909,0.93359375,RETURNED
0,13,256,0.98828125,3,33.08,0.19,32.89,0.0,1914,0.94921875,LOST
0,13,256,0.9921875,4,32.56,0.17,32.3,0.08,1896,0.984375,RETURNED
0,13,256,0.9921875,5,33.32,0.18,33.13,0.0,1922,0.9921875,LOST
0,13,256,0.9921875,6,31.14,0.2,30.77,0.16,1889,0.984375,RETURNED
0,14,256,0.921875,0,32.98,0.2,32.69,0.08,1908,0.62890625,RETURNED
0,14,256,0.94921875,1,33.38,0.14,33.12,0.12,1907,0.9140625,RETURNED
0,14,256,0.96875,2,32.93,0.21,32.53,0.19,1909,0.9453125,RETURNED
0,14,256,0.98828125,3,33.26,0.2,33.06,0.0,1914,0.984375,LOST
0,14,256,0.99609375,4,32.64,0.13,32.37,0.14,1896,0.98046875,RETURNED
0,14,256,0.99609375,5,33.31,0.22,33.09,0.0,1922,0.99609375,LOST
0,14,256,1.0,6,5.78,0.22,5.46,0.1,312,0.984375,RETURNED
0,15,256,0.89453125,0,32.84,0.16,32.59,0.08,1908,0.625,RETURNED
0,15,256,0.93359375,1,33.18,0.1,32.91,0.17,1907,0.8828125,RETURNED
0,15,256,0.95703125,2,32.77,0.18,32.49,0.09,1909,0.93359375,RETURNED
0,15,256,0.9921875,3,33.06,0.13,32.94,0.0,1914,0.98046875,LOST
0,15,256,0.98046875,4,32.72,0.18,32.45,0.09,1896,0.9765625,RETURNED
0,15,256,0.9921875,5,33.25,0.21,33.05,0.0,1922,0.9921875,LOST
0,15,256,0.9921875,6,31.51,0.57,30.84,0.1,1889,0.9765625,RETURNED
1,200.72,0.23
1,0,256,0.890625,0,36.75,0.11,36.46,0.18,1908,0.61328125,RETURNED
1,0,256,0.96875,1,36.21,0.19,35.92,0.1,1907,0.92578125,RETURNED
1,0,256,0.97265625,2,36.89,0.11,36.63,0.15,1909,0.9375,RETURNED
1,0,256,0.9765625,3,36.05,0.37,35.68,0.0,1914,0.96875,LOST
1,1,256,0.91015625,0,35.49,0.13,35.29,0.08,1908,0.609375,RETURNED
1,1,256,0.953125,1,34.98,0.11,34.56,0.31,1907,0.88671875,RETURNED
1,1,256,0.97265625,2,36.32,0.52,35.63,0.16,1909,0.94921875,RETURNED
1,1,256,0.98828125,3,34.99,0.12,34.87,0.0,1914,0.9765625,LOST
1,2,256,0.890625,0,35.55,0.11,35.35,0.08,1908,0.62109375,RETURNED
1,2,256,0.94140625,1,34.77,0.12,34.56,0.09,1907,0.87890625,RETURNED
1,2,256,0.96484375,2,36.51,0.3,36.09,0.12,1909,0.94921875,RETURNED
1,2,256,0.984375,3,35.28,0.15,35.14,0.0,1914,0.9765625,LOST
1,3,256,0.9140625,0,36.36,0.17,36.1,0.09,1908,0.61328125,RETURNED
1,3,256,0.96484375,1,35.89,0.14,35.56,0.19,1907,0.92578125,RETURNED
1,3,256,0.98046875,2,36.7,0.16,36.43,0.11,1909,0.9609375,RETURNED
1,3,256,0.98046875,3,35.69,0.1,35.59,0.0,1914,0.96875,LOST
1,4,256,0.90234375,0,36.16,0.12,35.95,0.09,1908,0.62890625,RETURNED
1,4,256,0.96484375,1,40.23,4.87,35.27,0.09,1907,0.8984375,RETURNED
1,4,256,0.99609375,2,36.82,0.2,36.53,0.08,1909,0.96484375,RETURNED
1,4,256,0.9921875,3,35.49,0.16,35.33,0.0,1914,0.984375,LOST
1,5,256,0.8984375,0,36.79,0.1,36.59,0.1,1908,0.6171875,RETURNED
1,5,256,0.953125,1,36.03,0.13,35.72,0.18,1907,0.90234375,RETURNED
1,5,256,0.97265625,2,37.19,0.13,36.85,0.22,1909,0.95703125,RETURNED
1,5,256,0.98046875,3,35.81,0.23,35.57,0.0,1914,0.97265625,LOST
1,6,256,0.92578125,0,36.2,0.12,35.99,0.1,1908,0.62890625,RETURNED
1,6,256,0.96484375,1,35.54,0.16,35.25,0.14,1907,0.921875,RETURNED
1,6,256,0.98046875,2,36.38,0.21,36.02,0.15,1909,0.9609375,RETURNED
1,6,256,0.98828125,3,35.36,0.11,35.24,0.0,1914,0.9765625,LOST
1,7,256,0.8984375,0,36.72,0.13,35.95,0.63,1908,0.625,RETURNED
1,7,256,0.96484375,1,35.84,0.32,35.42,0.1,1907,0.92578125,RETURNED
1,7,256,0.984375,2,36.52,0.2,36.2,0.12,1909,0.9609375,RETURNED
1,7,256,0.98828125,3,35.64,0.23,35.42,0.0,1914,0.98046875,LOST
1,8,256,0.8984375,0,36.6,0.11,36.39,0.1,1908,0.6171875,RETURNED
1,8,256,0.9375,1,39.46,3.71,35.66,0.1,1907,0.8984375,RETURNED
1,8,256,0.9765625,2,36.55,0.39,36.02,0.14,1909,0.95703125,RETURNED
1,8,256,0.98828125,3,36.1,0.31,35.79,0.0,1914,0.98046875,LOST
1,9,256,0.890625,0,35.36,0.13,35.13,0.09,1908,0.625,RETURNED
1,9,256,0.9609375,1,34.95,0.11,34.75,0.1,1907,0.90234375,RETURNED
1,9,256,0.96484375,2,35.79,0.25,35.42,0.12,1909,0.95703125,RETURNED
1,9,256,0.98828125,3,35.12,0.11,35.01,0.0,1914,0.96484375,LOST
1,9,256,0.98828125,4,34.68,0.29,34.27,0.12,1896,0.98046875,RETURNED
1,10,256,0.90234375,0,35.34,0.15,35.1,0.09,1908,0.6171875,RETURNED
1,10,256,0.96484375,1,34.87,0.12,34.67,0.08,1907,0.91796875,RETURNED
1,10,256,0.9609375,2,35.53,0.23,35.17,0.13,1909,0.9296875,RETURNED
1,10,256,0.9765625,3,35.4,0.44,34.97,0.0,1914,0.96484375,LOST
1,10,256,0.984375,4,35.15,0.34,34.66,0.15,1896,0.99609375,RETURNED
1,11,256,0.90234375,0,36.42,0.16,36.17,0.09,1908,0.625,RETURNED
1,11,256,0.9609375,1,36.1,0.22,35.59,0.29,1907,0.90625,RETURNED
1,11,256,0.9765625,2,36.41,0.17,36.08,0.15,1909,0.9609375,RETURNED
1,11,256,0.984375,3,35.98,0.13,35.85,0.0,1914,0.97265625,LOST
1,12,256,0.91796875,0,35.42,0.17,35.13,0.13,1908,0.61328125,RETURNED
1,12,256,0.94921875,1,34.85,0.14,34.6,0.1,1907,0.875,RETURNED
1,12,256,0.96875,2,35.23,0.19,34.95,0.09,1909,0.9296875,RETURNED
1,12,256,0.984375,3,35.03,0.14,34.89,0.0,1914,0.9765625,LOST
1,12,256,0.98046875,4,34.8,0.14,34.55,0.12,1896,0.9765625,RETURNED
1,13,256,0.890625,0,35.87,0.14,35.58,0.14,1908,0.62109375,RETURNED
1,13,256,0.93359375,1,35.46,0.2,35.17,0.08,1907,0.89453125,RETURNED
1,13,256,0.9765625,2,35.87,0.09,35.63,0.14,1909,0.93359375,RETURNED
1,13,256,0.98828125,3,35.61,0.28,35.32,0.0,1914,0.9765625,LOST
1,14,256,0.91015625,0,30.73,0.23,30.34,0.16,1908,0.62890625,RETURNED
1,14,256,0.93359375,1,30.97,0.37,30.37,0.23,1907,0.86328125,RETURNED
1,14,256,0.96484375,2,30.57,0.14,30.34,0.09,1909,0.93359375,RETURNED
1,14,256,0.96875,3,30.85,0.23,30.62,0.0,1914,0.953125,LOST
1,14,256,1.0,4,22.69,0.16,22.45,0.08,1412,0.99609375,RETURNED
1,15,256,0.92578125,0,30.71,0.14,30.48,0.09,1908,0.6171875,RETURNED
1,15,256,0.953125,1,31.11,0.32,30.52,0.27,1907,0.85546875,RETURNED
1,15,256,0.96875,2,30.68,0.11,30.46,0.11,1909,0.91015625,RETURNED
1,15,256,0.98046875,3,31.0,0.2,30.8,0.0,1914,0.96484375,LOST
1,15,256,0.99609375,4,30.64,0.12,30.4,0.12,1896,0.98046875,RETURNED
2,222.00,0.19
2,0,256,0.89453125,0,33.75,0.12,33.48,0.14,1908,0.6171875,RETURNED
2,0,256,0.97265625,1,33.57,0.22,33.26,0.09,1907,0.94140625,RETURNED
2,0,256,0.98828125,2,34.62,0.14,33.87,0.6,1909,0.96875,RETURNED
2,0,256,0.9921875,3,34.25,0.26,33.99,0.0,1914,0.98828125,LOST
2,0,256,0.98046875,4,33.82,0.35,33.24,0.23,1896,0.97265625,RETURNED
2,1,256,0.90625,0,33.27,0.2,32.97,0.1,1908,0.6171875,RETURNED
2,1,256,0.9453125,1,32.96,0.13,32.68,0.15,1907,0.8515625,RETURNED
2,1,256,0.9765625,2,33.49,0.11,33.18,0.2,1909,0.9453125,RETURNED
2,1,256,0.9921875,3,33.03,0.12,32.91,0.0,1914,0.984375,LOST
2,1,256,0.9921875,4,33.12,0.17,32.87,0.08,1896,0.9921875,RETURNED
2,1,256,1.0,5,1.05,0.11,0.83,0.12,45,0.99609375,RETURNED
2,2,256,0.8984375,0,33.36,0.27,33.01,0.09,1908,0.62109375,RETURNED
2,2,256,0.94921875,1,33.0,0.14,32.72,0.14,1907,0.8984375,RETURNED
2,2,256,0.9609375,2,33.2,0.11,33.02,0.08,1909,0.9609375,RETURNED
2,2,256,0.98828125,3,32.99,0.19,32.8,0.0,1914,0.97265625,LOST
2,2,256,0.9921875,4,32.62,0.12,32.43,0.07,1896,0.98046875,RETURNED
2,2,256,1.0,5,23.25,0.17,22.87,0.21,1416,0.9921875,RETURNED
2,3,256,0.890625,0,33.24,0.17,32.98,0.09,1908,0.625,RETURNED
2,3,256,0.94140625,1,33.22,0.44,32.56,0.22,1907,0.89453125,RETURNED
2,3,256,0.98046875,2,33.06,0.11,32.86,0.09,1909,0.9609375,RETURNED
2,3,256,0.98828125,3,33.16,0.54,32.62,0.0,1914,0.97265625,LOST
2,3,256,0.98828125,4,32.59,0.11,32.31,0.17,1896,0.984375,RETURNED
2,3,256,0.99609375,5,31.03,0.18,30.85,0.0,1922,0.9921875,LOST
2,4,256,0.91015625,0,33.74,0.32,33.09,0.33,1908,0.61328125,RETURNED
2,4,256,0.953125,1,32.88,0.16,32.58,0.13,1907,0.921875,RETURNED
2,4,256,0.98046875,2,33.29,0.28,32.89,0.12,1909,0.953125,RETURNED
2,4,256,0.98046875,3,32.77,0.15,32.62,0.0,1914,0.96875,LOST
2,4,256,0.99609375,4,32.72,0.19,32.41,0.13,1896,0.98828125,RETURNED
2,4,256,0.99609375,5,31.04,0.12,30.92,0.0,1922,0.99609375,LOST
2,5,256,0.9375,0,33.07,0.09,32.8,0.17,1908,0.62109375,RETURNED
2,5,256,0.90625,1,32.82,0.2,32.52,0.1,1907,0.625,RETURNED
2,5,256,0.95703125,2,33.3,0.33,32.88,0.09,1909,0.94140625,RETURNED
2,5,256,0.98046875,3,32.83,0.32,32.51,0.0,1914,0.97265625,LOST
2,5,256,0.9921875,4,32.85,0.12,32.36,0.36,1896,0.98046875,RETURNED
2,5,256,0.99609375,5,31.31,0.36,30.95,0.0,1922,0.9921875,LOST
2,6,256,0.90234375,0,33.26,0.13,33.03,0.1,1908,0.61328125,RETURNED
2,6,256,0.9453125,1,32.78,0.17,32.55,0.07,1907,0.890625,RETURNED
2,6,256,0.97265625,2,33.36,0.12,33.04,0.19,1909,0.9375,RETURNED
2,6,256,0.98046875,3,32.76,0.19,32.57,0.0,1914,0.97265625,LOST
2,6,256,0.9921875,4,32.63,0.13,32.39,0.11,1896,0.98828125,RETURNED
2,6,256,0.9921875,5,30.99,0.11,30.88,0.0,1922,0.99609375,LOST
2,7,256,0.91015625,0,33.22,0.13,32.97,0.12,1908,0.63671875,RETURNED
2,7,256,0.9453125,1,33.65,0.48,32.58,0.59,1907,0.90625,RETURNED
2,7,256,0.9765625,2,33.31,0.23,33.01,0.08,1909,0.93359375,RETURNED
2,7,256,0.9921875,3,33.0,0.25,32.75,0.0,1914,0.9765625,LOST
2,7,256,0.99609375,4,32.78,0.18,32.39,0.21,1896,0.9921875,RETURNED
2,7,256,0.9921875,5,30.98,0.11,30.87,0.0,1922,0.99609375,LOST
2,8,256,0.91015625,0,33.31,0.11,33.13,0.07,1908,0.62890625,RETURNED
2,8,256,0.95703125,1,32.79,0.23,32.48,0.07,1907,0.91015625,RETURNED
2,8,256,0.96484375,2,33.78,0.14,33.11,0.53,1909,0.9453125,RETURNED
2,8,256,0.984375,3,32.94,0.11,32.83,0.0,1914,0.98046875,LOST
2,8,256,0.98828125,4,32.75,0.28,32.38,0.09,1896,0.9765625,RETURNED
2,8,256,0.9921875,5,31.31,0.39,30.92,0.0,1922,0.99609375,LOST
2,9,256,0.921875,0,33.41,0.22,32.91,0.28,1908,0.62109375,RETURNED
2,9,256,0.95703125,1,32.75,0.22,32.42,0.1,1907,0.90625,RETURNED
2,9,256,0.984375,2,33.63,0.13,33.34,0.16,1909,0.95703125,RETURNED
2,9,256,0.98046875,3,32.98,0.17,32.8,0.0,1914,0.97265625,LOST
2,9,256,0.9921875,4,32.69,0.13,32.49,0.08,1896,0.98828125,RETURNED
2,9,256,0.99609375,5,31.47,0.56,30.91,0.0,1922,0.9921875,LOST
2,10,256,0.91015625,0,33.08,0.12,32.82,0.14,1908,0.6171875,RETURNED
2,10,256,0.953125,1,32.72,0.2,32.41,0.11,1907,0.90234375,RETURNED
2,10,256,0.96484375,2,33.3,0.34,32.83,0.13,1909,0.94140625,RETURNED
2,10,256,0.98828125,3,32.76,0.1,32.66,0.0,1914,0.98046875,LOST
2,10,256,0.99609375,4,32.46,0.11,32.26,0.08,1896,0.9921875,RETURNED
2,10,256,0.9921875,5,31.0,0.26,30.75,0.0,1922,0.99609375,LOST
2,11,256,0.9140625,0,33.55,0.41,33.03,0.11,1908,0.6171875,RETURNED
2,11,256,0.9609375,1,32.62,0.12,32.42,0.08,1907,0.91015625,RETURNED
2,11,256,0.984375,2,33.36,0.21,33.05,0.1,1909,0.94140625,RETURNED
2,11,256,0.984375,3,32.88,0.17,32.72,0.0,1914,0.9765625,LOST
2,11,256,0.99609375,4,32.58,0.13,32.36,0.09,1896,0.9921875,RETURNED
2,11,256,0.9921875,5,31.04,0.18,30.87,0.0,1922,0.99609375,LOST
2,12,256,0.88671875,0,33.47,0.28,32.98,0.2,1908,0.61328125,RETURNED
2,12,256,0.9296875,1,33.05,0.24,32.6,0.21,1907,0.91015625,RETURNED
2,12,256,0.98046875,2,33.5,0.2,33.04,0.26,1909,0.94921875,RETURNED
2,12,256,0.9765625,3,32.95,0.12,32.82,0.0,1914,0.984375,LOST
2,12,256,0.9921875,4,32.7,0.13,32.37,0.2,1896,0.98046875,RETURNED
2,12,256,0.9921875,5,31.08,0.12,30.96,0.0,1922,0.99609375,LOST
2,13,256,0.87890625,0,33.88,0.34,33.41,0.13,1908,0.625,RETURNED
2,13,256,0.96875,1,33.24,0.21,32.83,0.2,1907,0.9140625,RETURNED
2,13,256,0.9921875,2,33.57,0.18,33.33,0.07,1909,0.97265625,RETURNED
2,13,256,0.9921875,3,33.3,0.1,33.2,0.0,1914,0.9921875,LOST
2,13,256,0.9609375,4,33.22,0.31,32.63,0.28,1896,0.97265625,RETURNED
2,14,256,0.91015625,0,33.54,0.1,33.22,0.22,1908,0.6171875,RETURNED
2,14,256,0.953125,1,32.85,0.15,32.58,0.12,1907,0.90625,RETURNED
2,14,256,0.97265625,2,33.42,0.11,33.13,0.18,1909,0.9453125,RETURNED
2,14,256,0.98046875,3,32.99,0.11,32.88,0.0,1914,0.95703125,LOST
2,14,256,0.9921875,4,33.14,0.24,32.44,0.46,1896,0.98046875,RETURNED
2,14,256,1.0,5,23.14,0.31,22.75,0.08,1416,0.9921875,RETURNED
2,15,256,0.91796875,0,33.31,0.19,32.96,0.16,1908,0.63671875,RETURNED
2,15,256,0.96875,1,32.96,0.19,32.59,0.18,1907,0.93359375,RETURNED
2,15,256,0.98046875,2,34.22,0.77,32.96,0.49,1909,0.94921875,RETURNED
2,15,256,0.96875,3,33.0,0.11,32.89,0.0,1914,0.97265625,LOST
2,15,256,0.96484375,4,32.78,0.17,32.49,0.12,1896,0.97265625,RETURNED
2,15,256,0.9921875,5,31.08,0.13,30.95,0.0,1922,0.99609375,LOST
3,174.02,0.28
3,0,256,0.90234375,0,35.72,0.19,35.46,0.07,1908,0.6171875,RETURNED
3,0,256,0.95703125,1,35.6,0.12,35.33,0.15,1907,0.90625,RETURNED
3,0,256,0.97265625,2,35.59,0.4,35.1,0.09,1909,0.95703125,RETURNED
3,0,256,0.98828125,3,35.15,0.21,34.94,0.0,1914,0.984375,LOST
3,1,256,0.91015625,0,36.2,0.17,35.85,0.17,1908,0.6171875,RETURNED
3,1,256,0.95703125,1,35.77,0.2,35.44,0.13,1907,0.90234375,RETURNED
3,1,256,0.98828125,2,35.53,0.19,35.24,0.1,1909,0.9765625,RETURNED
3,1,256,0.984375,3,35.56,0.12,35.44,0.0,1914,0.98046875,LOST
3,2,256,0.91796875,0,36.46,0.22,36.09,0.15,1908,0.63671875,RETURNED
3,2,256,0.95703125,1,36.23,0.19,35.91,0.13,1907,0.89453125,RETURNED
3,2,256,0.98828125,2,35.88,0.12,35.59,0.17,1909,0.95703125,RETURNED
3,2,256,0.99609375,3,36.11,0.58,35.52,0.0,1914,0.98828125,LOST
3,3,256,0.90625,0,36.97,0.11,36.75,0.11,1908,0.63671875,RETURNED
3,3,256,0.9375,1,36.4,0.13,36.19,0.07,1907,0.87109375,RETURNED
3,3,256,0.98046875,2,36.15,0.26,35.8,0.09,1909,0.95703125,RETURNED
3,3,256,0.99609375,3,35.7,0.12,35.57,0.0,1914,0.98828125,LOST
3,4,256,0.91015625,0,35.57,0.12,35.26,0.19,1908,0.61328125,RETURNED
3,4,256,0.96484375,1,38.68,0.19,34.98,3.51,1907,0.91015625,RETURNED
3,4,256,0.98046875,2,35.17,0.13,34.94,0.1,1909,0.95703125,RETURNED
3,4,256,0.9921875,3,35.26,0.54,34.72,0.0,1914,0.9921875,LOST
3,5,256,0.921875,0,36.32,0.36,35.84,0.12,1908,0.6328125,RETURNED
3,5,256,0.9453125,1,35.78,0.14,35.57,0.07,1907,0.8671875,RETURNED
3,5,256,0.984375,2,35.75,0.12,35.42,0.21,1909,0.94921875,RETURNED
3,5,256,0.99609375,3,35.75,0.32,35.43,0.0,1914,0.9921875,LOST
3,6,256,0.91015625,0,36.82,0.32,36.37,0.13,1908,0.62109375,RETURNED
3,6,256,0.96875,1,56.59,0.16,35.84,20.59,1907,0.9140625,RETURNED
3,6,256,0.98046875,2,36.11,0.1,35.92,0.09,1909,0.95703125,RETURNED
3,7,256,0.91015625,0,36.66,0.21,36.35,0.1,1908,0.6171875,RETURNED
3,7,256,0.9453125,1,36.44,0.15,36.18,0.11,1907,0.859375,RETURNED
3,7,256,0.98046875,2,36.06,0.12,35.86,0.08,1909,0.95703125,RETURNED
3,7,256,0.99609375,3,36.01,0.1,35.91,0.0,1914,0.99609375,LOST
3,8,256,0.89453125,0,33.99,0.23,33.63,0.12,1908,0.625,RETURNED
3,8,256,0.9609375,1,33.97,0.31,33.45,0.21,1907,0.91015625,RETURNED
3,8,256,0.96484375,2,33.7,0.39,33.19,0.12,1909,0.9453125,RETURNED
3,8,256,0.98046875,3,33.45,0.23,33.21,0.0,1914,0.96875,LOST
3,9,256,0.91015625,0,33.64,0.12,33.43,0.09,1908,0.625,RETURNED
3,9,256,0.95703125,1,33.73,0.18,33.37,0.18,1907,0.91796875,RETURNED
3,9,256,0.98828125,2,33.08,0.11,32.89,0.08,1909,0.9765625,RETURNED
3,9,256,0.9765625,3,33.35,0.11,33.24,0.0,1914,0.96484375,LOST
3,10,256,0.91796875,0,33.69,0.12,33.38,0.19,1908,0.66796875,RETURNED
3,10,256,0.95703125,1,33.55,0.25,33.18,0.11,1907,0.890625,RETURNED
3,10,256,0.98828125,2,33.23,0.11,32.98,0.14,1909,0.953125,RETURNED
3,10,256,0.9765625,3,33.3,0.13,33.16,0.0,1914,0.953125,LOST
3,11,256,0.8984375,0,34.27,0.31,33.84,0.12,1908,0.62890625,RETURNED
3,11,256,0.9609375,1,49.17,0.16,33.36,15.65,1907,0.8984375,RETURNED
3,11,256,0.98828125,2,34.56,0.14,34.29,0.13,1909,0.9765625,RETURNED
3,11,256,0.9921875,3,31.7,0.11,31.59,0.0,1914,0.98828125,LOST
3,12,256,0.91015625,0,33.96,0.16,33.68,0.12,1908,0.640625,RETURNED
3,12,256,0.9453125,1,33.55,0.13,33.34,0.09,1907,0.89453125,RETURNED
3,12,256,0.984375,2,33.42,0.16,33.19,0.08,1909,0.95703125,RETURNED
3,12,256,0.98046875,3,33.27,0.13,33.14,0.0,1914,0.97265625,LOST
3,13,256,0.90234375,0,34.09,0.11,33.89,0.09,1908,0.62890625,RETURNED
3,13,256,0.953125,1,33.77,0.09,33.57,0.11,1907,0.90234375,RETURNED
3,13,256,0.984375,2,33.33,0.12,33.09,0.13,1909,0.95703125,RETURNED
3,13,256,1.0,3,17.54,0.22,16.69,0.64,931,0.98828125,RETURNED
3,14,256,0.9140625,0,33.8,0.1,33.61,0.08,1908,0.61328125,RETURNED
3,14,256,0.9296875,1,34.3,0.71,33.49,0.1,1907,0.87890625,RETURNED
3,14,256,0.97265625,2,33.25,0.12,33.05,0.08,1909,0.9453125,RETURNED
3,14,256,0.99609375,3,33.49,0.1,33.38,0.0,1914,0.98828125,LOST
3,15,256,0.90234375,0,35.39,0.2,35.01,0.18,1908,0.62890625,RETURNED
3,15,256,0.9765625,1,35.26,0.16,34.92,0.17,1907,0.8671875,RETURNED
3,15,256,0.9453125,2,35.36,0.22,35.04,0.1,1909,0.90234375,RETURNED
3,15,256,0.98828125,3,35.1,0.14,34.96,0.0,1914,0.984375,LOST
4,171.25,0.22
4,0,256,0.90625,0,35.89,0.13,35.68,0.09,1908,0.6171875,RETURNED
4,0,256,0.9609375,1,36.74,0.39,36.17,0.18,1907,0.890625,RETURNED
4,0,256,0.94921875,2,36.34,0.29,35.88,0.16,1909,0.9453125,RETURNED
4,0,256,0.984375,3,35.8,0.3,35.5,0.0,1914,0.9609375,LOST
4,1,256,0.91015625,0,38.01,0.18,37.67,0.16,1908,0.625,RETURNED
4,1,256,0.9609375,1,38.64,0.16,38.38,0.11,1907,0.89453125,RETURNED
4,1,256,0.9765625,2,39.13,0.24,38.72,0.17,1909,0.96484375,RETURNED
4,1,256,0.99609375,3,37.86,0.2,37.65,0.0,1914,0.98828125,LOST
4,2,256,0.91015625,0,36.01,0.16,35.69,0.16,1908,0.625,RETURNED
4,2,256,0.96484375,1,36.87,0.3,36.25,0.32,1907,0.91796875,RETURNED
4,2,256,0.9765625,2,36.49,0.12,36.07,0.31,1909,0.9609375,RETURNED
4,2,256,1.0,3,14.45,0.57,13.87,0.0,739,0.9921875,LOST
4,3,256,0.90625,0,35.74,0.11,35.54,0.09,1908,0.61328125,RETURNED
4,3,256,0.96484375,1,36.52,0.09,36.27,0.15,1907,0.91015625,RETURNED
4,3,256,0.9921875,2,36.42,0.21,36.12,0.09,1909,0.9453125,RETURNED
4,3,256,0.98046875,3,35.72,0.18,35.54,0.0,1914,0.9609375,LOST
4,4,256,0.91796875,0,35.19,0.18,34.74,0.27,1908,0.64453125,RETURNED
4,4,256,0.8984375,1,35.79,0.11,35.61,0.08,1907,0.625,RETURNED
4,4,256,0.95703125,2,35.66,0.12,35.37,0.16,1909,0.890625,RETURNED
4,4,256,0.9765625,3,35.5,0.21,35.29,0.0,1914,0.9609375,LOST
4,5,256,0.91796875,0,35.86,0.1,35.56,0.2,1908,0.6328125,RETURNED
4,5,256,0.9453125,1,36.39,0.11,36.2,0.09,1907,0.88671875,RETURNED
4,5,256,0.9765625,2,36.55,0.33,36.13,0.1,1909,0.96484375,RETURNED
4,5,256,0.98046875,3,35.98,0.12,35.86,0.0,1914,0.96484375,LOST
4,6,256,0.91015625,0,36.41,0.32,35.94,0.15,1908,0.63671875,RETURNED
4,6,256,0.96484375,1,36.78,0.1,36.56,0.12,1907,0.890625,RETURNED
4,6,256,0.984375,2,37.02,0.13,36.76,0.13,1909,0.94921875,RETURNED
4,6,256,0.99609375,3,35.99,0.11,35.88,0.0,1914,0.97265625,LOST
4,7,256,0.890625,0,36.02,0.18,35.71,0.13,1908,0.62109375,RETURNED
4,7,256,0.95703125,1,36.68,0.14,36.43,0.11,1907,0.91015625,RETURNED
4,7,256,0.984375,2,37.2,0.19,36.88,0.13,1909,0.95703125,RETURNED
4,7,256,0.98046875,3,36.16,0.12,36.04,0.0,1914,0.9609375,LOST
4,8,256,0.90234375,0,35.61,0.14,34.86,0.61,1908,0.63671875,RETURNED
4,8,256,0.9609375,1,35.48,0.25,35.1,0.13,1907,0.91015625,RETURNED
4,8,256,0.98828125,2,35.69,0.16,35.42,0.11,1909,0.95703125,RETURNED
4,8,256,0.98828125,3,35.22,0.22,35.0,0.0,1914,0.98828125,LOST
4,9,256,0.8984375,0,67.41,0.14,67.1,0.17,1908,0.61328125,RETURNED
4,9,256,0.9375,1,70.16,0.14,69.86,0.16,1907,0.8984375,RETURNED
4,10,256,0.9140625,0,70.28,0.11,70.03,0.14,1908,0.625,RETURNED
4,10,256,0.98046875,1,64.63,0.1,64.41,0.11,1907,0.9609375,RETURNED
4,11,256,0.91015625,0,35.06,0.26,34.55,0.25,1908,0.6171875,RETURNED
4,11,256,0.95703125,1,34.85,0.18,34.49,0.18,1907,0.90625,RETURNED
4,11,256,0.9765625,2,37.75,3.0,34.65,0.1,1909,0.9453125,RETURNED
4,11,256,0.98828125,3,34.67,0.13,34.54,0.0,1914,0.984375,LOST
4,12,256,0.88671875,0,36.13,0.18,35.87,0.08,1908,0.62109375,RETURNED
4,12,256,0.9453125,1,36.18,0.28,35.82,0.08,1907,0.91015625,RETURNED
4,12,256,0.96875,2,35.54,0.12,35.3,0.12,1909,0.9609375,RETURNED
4,12,256,0.98828125,3,35.19,0.16,35.03,0.0,1914,0.984375,LOST
4,13,256,0.9140625,0,35.6,0.31,34.84,0.46,1908,0.6328125,RETURNED
4,13,256,0.9375,1,35.24,0.15,34.91,0.18,1907,0.90234375,RETURNED
4,13,256,0.97265625,2,36.24,0.12,35.13,0.99,1909,0.9609375,RETURNED
4,13,256,0.98046875,3,35.1,0.22,34.88,0.0,1914,0.98828125,LOST
4,14,256,0.90234375,0,35.24,0.27,34.78,0.19,1908,0.6171875,RETURNED
4,14,256,0.9609375,1,35.03,0.12,34.83,0.08,1907,0.875,RETURNED
4,14,256,0.98046875,2,35.42,0.21,35.1,0.1,1909,0.953125,RETURNED
4,14,256,0.984375,3,35.11,0.31,34.8,0.0,1914,0.98046875,LOST
4,15,256,0.8984375,0,35.24,0.22,34.78,0.23,1908,0.62109375,RETURNED
4,15,256,0.9609375,1,35.17,0.12,34.97,0.09,1907,0.91015625,RETURNED
4,15,256,0.9765625,2,35.86,0.14,35.25,0.47,1909,0.95703125,RETURNED
4,15,256,0.98828125,3,35.13,0.25,34.89,0.0,1914,0.984375,LOST
5,238.60,0.26
5,0,256,0.90234375,0,34.07,0.24,33.66,0.17,1908,0.625,RETURNED
5,0,256,0.97265625,1,34.2,0.16,33.82,0.21,1907,0.921875,RETURNED
5,0,256,0.9765625,2,33.87,0.11,33.62,0.13,1909,0.9609375,RETURNED
5,0,256,0.9921875,3,34.55,0.14,34.41,0.0,1914,0.984375,LOST
5,0,256,0.98046875,4,33.43,0.19,33.16,0.08,1896,0.96875,RETURNED
5,0,256,0.9921875,5,31.54,0.17,31.37,0.0,1922,0.99609375,LOST
5,1,256,0.90234375,0,33.44,0.21,33.15,0.07,1908,0.625,RETURNED
5,1,256,0.96484375,1,33.81,0.11,33.53,0.17,1907,0.9296875,RETURNED
5,1,256,0.98046875,2,33.69,0.22,33.33,0.14,1909,0.96484375,RETURNED
5,1,256,0.97265625,3,34.02,0.12,33.9,0.0,1914,0.984375,LOST
5,1,256,0.98828125,4,33.59,0.16,33.27,0.15,1896,0.984375,RETURNED
5,2,256,0.91796875,0,34.52,0.11,34.29,0.12,1908,0.62890625,RETURNED
5,2,256,0.9609375,1,35.03,0.1,34.74,0.2,1907,0.91015625,RETURNED
5,2,256,0.98046875,2,33.19,0.11,33.0,0.08,1909,0.95703125,RETURNED
5,2,256,0.9921875,3,33.95,0.15,33.81,0.0,1914,0.9765625,LOST
5,2,256,0.98046875,4,32.77,0.11,32.55,0.11,1896,0.97265625,RETURNED
5,2,256,0.984375,5,32.14,0.13,32.01,0.0,1922,0.98828125,LOST
5,3,256,0.9140625,0,33.74,0.17,33.44,0.13,1908,0.62109375,RETURNED
5,3,256,0.953125,1,33.95,0.2,33.66,0.09,1907,0.890625,RETURNED
5,3,256,0.98046875,2,33.68,0.11,33.47,0.1,1909,0.95703125,RETURNED
5,3,256,0.98828125,3,34.55,0.29,34.26,0.0,1914,0.984375,LOST
5,3,256,0.98046875,4,33.32,0.16,32.94,0.21,1896,0.98046875,RETURNED
5,3,256,0.97265625,5,31.17,0.11,31.06,0.0,1922,0.984375,LOST
5,4,256,0.91015625,0,34.55,0.15,33.66,0.74,1908,0.62890625,RETURNED
5,4,256,0.9296875,1,34.29,0.15,33.96,0.18,1907,0.89453125,RETURNED
5,4,256,0.98046875,2,33.45,0.13,33.18,0.15,1909,0.95703125,RETURNED
5,4,256,0.99609375,3,34.42,0.18,34.23,0.0,1914,0.984375,LOST
5,4,256,0.99609375,4,33.12,0.2,32.84,0.08,1896,0.98828125,RETURNED
5,4,256,1.0,5,0.72,0.13,0.59,0.0,29,1.0,LOST
5,5,256,0.91796875,0,33.63,0.18,33.37,0.08,1908,0.640625,RETURNED
5,5,256,0.93359375,1,34.3,0.29,33.59,0.41,1907,0.85546875,RETURNED
5,5,256,0.984375,2,33.35,0.1,33.16,0.09,1909,0.953125,RETURNED
5,5,256,0.9921875,3,33.95,0.11,33.84,0.0,1914,0.98046875,LOST
5,5,256,0.9921875,4,33.15,0.16,32.87,0.11,1896,0.984375,RETURNED
5,6,256,0.921875,0,33.62,0.21,33.33,0.08,1908,0.62890625,RETURNED
5,6,256,0.93359375,1,33.66,0.21,33.37,0.09,1907,0.90234375,RETURNED
5,6,256,0.9765625,2,33.72,0.09,33.51,0.11,1909,0.9609375,RETURNED
5,6,256,0.98828125,3,34.06,0.13,33.93,0.0,1914,0.98046875,LOST
5,6,256,0.9921875,4,33.77,0.28,33.4,0.09,1896,0.984375,RETURNED
5,7,256,0.89453125,0,36.28,0.16,35.9,0.23,1908,0.625,RETURNED
5,7,256,0.9609375,1,36.21,0.1,35.96,0.15,1907,0.9140625,RETURNED
5,7,256,0.984375,2,36.05,0.19,35.77,0.08,1909,0.953125,RETURNED
5,7,256,0.984375,3,36.62,0.29,36.33,0.0,1914,0.98046875,LOST
5,7,256,0.99609375,4,36.45,0.17,36.04,0.24,1896,0.98828125,RETURNED
5,7,256,0.98828125,5,35.82,0.1,35.72,0.0,1922,0.9921875,LOST
5,8,256,0.921875,0,36.08,0.12,35.88,0.08,1908,0.63671875,RETURNED
5,8,256,0.96484375,1,36.02,0.13,35.77,0.12,1907,0.9140625,RETURNED
5,8,256,0.9453125,2,35.94,0.11,35.71,0.12,1909,0.89453125,RETURNED
5,8,256,0.99609375,3,36.59,0.11,36.48,0.0,1914,0.98046875,LOST
5,8,256,0.9921875,4,37.0,0.13,35.73,1.13,1896,0.98046875,RETURNED
5,8,256,0.98828125,5,36.17,0.21,35.96,0.0,1922,0.98828125,LOST
5,9,256,0.90625,0,36.18,0.26,35.84,0.08,1908,0.61328125,RETURNED
5,9,256,0.9296875,1,36.38,0.2,36.11,0.07,1907,0.90625,RETURNED
5,9,256,0.98828125,2,36.41,0.19,36.09,0.14,1909,0.953125,RETURNED
5,9,256,0.99609375,3,36.66,0.16,36.5,0.0,1914,0.98828125,LOST
5,9,256,0.9921875,4,36.48,0.18,36.19,0.12,1896,0.98828125,RETURNED
5,9,256,0.9921875,5,36.23,0.18,36.05,0.0,1922,0.98828125,LOST
5,10,256,0.8984375,0,35.32,0.13,34.94,0.24,1908,0.62890625,RETURNED
5,10,256,0.94921875,1,35.38,0.21,35.08,0.09,1907,0.8984375,RETURNED
5,10,256,0.97265625,2,35.25,0.11,35.02,0.12,1909,0.91796875,RETURNED
5,10,256,0.98828125,3,35.76,0.11,35.65,0.0,1914,0.96875,LOST
5,10,256,0.98828125,4,35.42,0.31,35.03,0.09,1896,0.98828125,RETURNED
5,10,256,0.9921875,5,35.3,0.16,35.14,0.0,1922,0.98828125,LOST
5,11,256,0.90625,0,36.02,0.21,35.65,0.17,1908,0.6171875,RETURNED
5,11,256,0.953125,1,35.91,0.12,35.65,0.14,1907,0.8984375,RETURNED
5,11,256,0.984375,2,35.96,0.13,35.68,0.15,1909,0.9453125,RETURNED
5,11,256,0.984375,3,36.37,0.1,36.27,0.0,1914,0.98046875,LOST
5,11,256,0.98828125,4,36.03,0.11,35.81,0.11,1896,0.98046875,RETURNED
5,11,256,0.97265625,5,35.86,0.24,35.62,0.0,1922,0.9765625,LOST
5,12,256,0.93359375,0,36.9,0.21,36.59,0.1,1908,0.6171875,RETURNED
5,12,256,0.95703125,1,36.72,0.09,36.55,0.08,1907,0.8984375,RETURNED
5,12,256,0.98046875,2,36.72,0.11,36.49,0.12,1909,0.96484375,RETURNED
5,12,256,0.99609375,3,37.59,0.11,37.48,0.0,1914,0.98046875,LOST
5,12,256,0.99609375,4,36.76,0.1,36.55,0.11,1896,0.984375,RETURNED
5,12,256,0.99609375,5,36.61,0.15,36.46,0.0,1922,0.99609375,LOST
5,13,256,0.9140625,0,35.1,0.17,34.8,0.13,1908,0.62890625,RETURNED
5,13,256,0.9609375,1,35.81,0.13,35.56,0.11,1907,0.9140625,RETURNED
5,13,256,0.98046875,2,35.16,0.18,34.83,0.14,1909,0.9609375,RETURNED
5,13,256,0.99609375,3,35.66,0.2,35.45,0.0,1914,0.98046875,LOST
5,13,256,0.98828125,4,35.16,0.21,34.81,0.14,1896,0.98046875,RETURNED
5,13,256,0.984375,5,36.86,0.24,36.62,0.0,1922,0.98828125,LOST
5,14,256,0.89453125,0,36.04,0.13,35.82,0.09,1908,0.6328125,RETURNED
5,14,256,0.9609375,1,36.63,0.15,36.38,0.11,1907,0.9140625,RETURNED
5,14,256,0.9765625,2,36.11,0.1,35.92,0.09,1909,0.96484375,RETURNED
5,14,256,0.98828125,3,36.81,0.3,36.51,0.0,1914,0.984375,LOST
5,14,256,0.984375,4,36.71,0.15,36.32,0.24,1896,0.98046875,RETURNED
5,14,256,0.99609375,5,36.7,0.46,36.24,0.0,1922,0.9921875,LOST
5,15,256,0.91015625,0,35.24,0.27,34.86,0.12,1908,0.62890625,RETURNED
5,15,256,0.953125,1,35.55,0.12,34.99,0.44,1907,0.890625,RETURNED
5,15,256,0.98046875,2,35.2,0.13,34.93,0.14,1909,0.9453125,RETURNED
5,15,256,0.98046875,3,43.06,0.11,42.95,0.0,1914,0.953125,LOST
5,15,256,0.99609375,4,65.24,0.37,64.76,0.1,1896,0.984375,RETURNED
6,162.40,0.26
6,0,256,0.921875,0,36.38,0.18,36.0,0.19,1908,0.63671875,RETURNED
6,0,256,0.9609375,1,36.98,0.26,36.58,0.14,1907,0.92578125,RETURNED
6,0,256,0.9765625,2,36.28,0.21,36.0,0.07,1909,0.93359375,RETURNED
6,0,256,1.0,3,19.09,0.12,18.97,0.0,993,0.98046875,LOST
6,1,256,0.91796875,0,35.07,0.17,34.71,0.18,1908,0.61328125,RETURNED
6,1,256,0.9609375,1,35.95,0.3,35.57,0.08,1907,0.90234375,RETURNED
6,1,256,0.96875,2,35.52,0.36,35.03,0.13,1909,0.9375,RETURNED
6,1,256,0.984375,3,35.6,0.32,35.28,0.0,1914,0.96875,LOST
6,2,256,0.91015625,0,35.99,0.13,35.68,0.18,1908,0.625,RETURNED
6,2,256,0.94140625,1,36.19,0.1,35.95,0.14,1907,0.8984375,RETURNED
6,2,256,0.984375,2,36.11,0.13,35.87,0.11,1909,0.94921875,RETURNED
6,2,256,0.984375,3,35.86,0.1,35.76,0.0,1914,0.984375,LOST
6,3,256,0.92578125,0,35.74,0.31,35.3,0.12,1908,0.6328125,RETURNED
6,3,256,0.93359375,1,36.12,0.16,35.81,0.15,1907,0.89453125,RETURNED
6,3,256,0.95703125,2,36.03,0.46,35.43,0.14,1909,0.90234375,RETURNED
6,3,256,0.9921875,3,35.44,0.12,35.32,0.0,1914,0.96875,LOST
6,4,256,0.91015625,0,36.1,0.16,35.87,0.08,1908,0.61328125,RETURNED
6,4,256,0.953125,1,36.39,0.1,35.81,0.47,1907,0.91796875,RETURNED
6,4,256,0.984375,2,36.18,0.15,35.72,0.31,1909,0.92578125,RETURNED
6,4,256,1.0,3,18.97,0.1,18.87,0.0,993,0.98046875,LOST
6,5,256,0.921875,0,36.41,0.32,35.91,0.19,1908,0.62109375,RETURNED
6,5,256,0.953125,1,36.34,0.11,36.15,0.08,1907,0.87109375,RETURNED
6,5,256,0.95703125,2,36.05,0.12,35.79,0.14,1909,0.9140625,RETURNED
6,5,256,0.98828125,3,35.92,0.11,35.81,0.0,1914,0.98046875,LOST
6,6,256,0.8984375,0,35.88,0.29,35.51,0.08,1908,0.60546875,RETURNED
6,6,256,0.94921875,1,36.22,0.2,35.91,0.11,1907,0.8984375,RETURNED
6,6,256,0.96875,2,35.9,0.12,35.69,0.09,1909,0.92578125,RETURNED
6,6,256,0.9921875,3,35.72,0.11,35.61,0.0,1914,0.98828125,LOST
6,7,256,0.90234375,0,36.37,0.18,36.08,0.11,1908,0.62890625,RETURNED
6,7,256,0.953125,1,36.53,0.19,36.21,0.13,1907,0.9296875,RETURNED
6,7,256,0.98046875,2,36.21,0.13,35.92,0.15,1909,0.9609375,RETURNED
6,7,256,0.98046875,3,36.18,0.13,36.04,0.0,1914,0.953125,LOST
6,8,256,0.90234375,0,33.27,0.22,32.67,0.38,1908,0.61328125,RETURNED
6,8,256,0.9140625,1,33.49,0.67,32.75,0.07,1907,0.8515625,RETURNED
6,8,256,0.98046875,2,32.89,0.32,32.46,0.11,1909,0.9609375,RETURNED
6,8,256,0.98046875,3,32.99,0.12,32.88,0.0,1914,0.96875,LOST
6,9,256,0.92578125,0,33.17,0.15,32.92,0.11,1908,0.62890625,RETURNED
6,9,256,0.9609375,1,33.57,0.17,33.11,0.28,1907,0.90625,RETURNED
6,9,256,0.98046875,2,32.95,0.16,32.68,0.11,1909,0.94921875,RETURNED
6,9,256,0.98828125,3,33.24,0.2,33.04,0.0,1914,0.98046875,LOST
6,10,256,0.90234375,0,33.12,0.18,32.71,0.22,1908,0.6171875,RETURNED
6,10,256,0.96875,1,33.0,0.24,32.67,0.09,1907,0.87890625,RETURNED
6,10,256,0.98828125,2,32.74,0.17,32.43,0.14,1909,0.96484375,RETURNED
6,10,256,0.98828125,3,32.97,0.12,32.85,0.0,1914,0.9765625,LOST
6,11,256,0.9140625,0,33.82,0.22,33.45,0.15,1908,0.63671875,RETURNED
6,11,256,0.96484375,1,34.04,0.16,33.76,0.12,1907,0.91796875,RETURNED
6,11,256,0.98046875,2,33.82,0.13,33.6,0.09,1909,0.96875,RETURNED
6,11,256,0.9921875,3,33.87,0.13,33.74,0.0,1914,0.984375,LOST
6,12,256,0.91015625,0,32.74,0.15,32.51,0.08,1908,0.62890625,RETURNED
6,12,256,0.9453125,1,32.94,0.12,32.71,0.11,1907,0.8984375,RETURNED
6,12,256,0.97265625,2,32.86,0.24,32.5,0.13,1909,0.953125,RETURNED
6,12,256,0.984375,3,32.83,0.11,32.73,0.0,1914,0.98046875,LOST
6,13,256,0.91015625,0,33.39,0.14,33.08,0.17,1908,0.61328125,RETURNED
6,13,256,0.96484375,1,33.46,0.19,33.14,0.13,1907,0.9296875,RETURNED
6,13,256,0.984375,2,32.95,0.12,32.75,0.08,1909,0.9609375,RETURNED
6,13,256,0.98828125,3,33.53,0.1,33.42,0.0,1914,0.98046875,LOST
6,14,256,0.91015625,0,32.79,0.12,32.51,0.16,1908,0.6171875,RETURNED
6,14,256,0.95703125,1,32.9,0.1,32.62,0.17,1907,0.90625,RETURNED
6,14,256,0.98046875,2,32.79,0.11,32.41,0.28,1909,0.9375,RETURNED
6,14,256,0.98828125,3,32.88,0.16,32.71,0.0,1914,0.97265625,LOST
6,15,256,0.93359375,0,33.36,0.38,32.85,0.13,1908,0.62109375,RETURNED
6,15,256,0.9609375,1,33.08,0.26,32.73,0.09,1907,0.92578125,RETURNED
6,15,256,0.96484375,2,32.67,0.11,32.47,0.09,1909,0.94140625,RETURNED
6,15,256,0.9921875,3,33.08,0.17,32.9,0.0,1914,0.984375,LOST
7,157.64,0.34
7,0,256,0.91015625,0,33.64,0.13,33.4,0.11,1908,0.61328125,RETURNED
7,0,256,0.953125,1,33.08,0.24,32.77,0.08,1907,0.9140625,RETURNED
7,0,256,0.98046875,2,33.07,0.33,32.64,0.1,1909,0.9609375,RETURNED
7,0,256,0.99609375,3,31.97,0.14,31.83,0.0,1914,0.98828125,LOST
7,1,256,0.90625,0,33.92,0.21,33.55,0.16,1908,0.61328125,RETURNED
7,1,256,0.9453125,1,33.24,0.11,33.02,0.1,1907,0.875,RETURNED
7,1,256,0.97265625,2,33.04,0.13,32.79,0.11,1909,0.96484375,RETURNED
7,1,256,0.98828125,3,32.0,0.11,31.89,0.0,1914,0.984375,LOST
7,2,256,0.91796875,0,33.5,0.1,33.34,0.07,1908,0.62890625,RETURNED
7,2,256,0.9609375,1,33.04,0.17,32.77,0.1,1907,0.9296875,RETURNED
7,2,256,0.984375,2,32.96,0.2,32.63,0.12,1909,0.95703125,RETURNED
7,2,256,0.98828125,3,32.21,0.18,32.03,0.0,1914,0.984375,LOST
7,3,256,0.921875,0,33.69,0.13,33.48,0.09,1908,0.61328125,RETURNED
7,3,256,0.95703125,1,33.05,0.18,32.71,0.16,1907,0.90625,RETURNED
7,3,256,0.9765625,2,33.09,0.13,32.74,0.22,1909,0.95703125,RETURNED
7,3,256,0.9921875,3,32.14,0.16,31.98,0.0,1914,0.98046875,LOST
7,4,256,0.90234375,0,33.38,0.14,33.15,0.09,1908,0.66015625,RETURNED
7,4,256,0.96484375,1,32.91,0.17,32.66,0.08,1907,0.9140625,RETURNED
7,4,256,0.98046875,2,33.0,0.25,32.5,0.25,1909,0.95703125,RETURNED
7,4,256,0.98828125,3,31.76,0.11,31.64,0.0,1914,0.98046875,LOST
7,5,256,0.890625,0,33.53,0.21,33.25,0.07,1908,0.63671875,RETURNED
7,5,256,0.9609375,1,32.86,0.15,32.59,0.13,1907,0.87890625,RETURNED
7,5,256,0.98046875,2,33.04,0.16,32.65,0.23,1909,0.9609375,RETURNED
7,5,256,0.984375,3,31.91,0.11,31.8,0.0,1914,0.98046875,LOST
7,6,256,0.90625,0,33.61,0.15,33.35,0.11,1908,0.62109375,RETURNED
7,6,256,0.9609375,1,33.03,0.28,32.68,0.07,1907,0.89453125,RETURNED
7,6,256,0.98046875,2,33.0,0.11,32.64,0.25,1909,0.953125,RETURNED
7,6,256,1.0,3,14.71,0.11,14.52,0.08,853,0.98828125,RETURNED
7,7,256,0.8984375,0,33.58,0.13,33.36,0.09,1908,0.6484375,RETURNED
7,7,256,0.94921875,1,32.9,0.12,32.66,0.13,1907,0.88671875,RETURNED
7,7,256,0.98828125,2,32.99,0.19,32.67,0.12,1909,0.9609375,RETURNED
7,7,256,0.984375,3,31.95,0.11,31.84,0.0,1914,0.9765625,LOST
7,8,256,0.9296875,0,34.1,0.11,33.86,0.13,1908,0.6328125,RETURNED
7,8,256,0.9609375,1,33.47,0.12,33.26,0.09,1907,0.9296875,RETURNED
7,8,256,0.98046875,2,33.71,0.19,33.35,0.17,1909,0.9609375,RETURNED
7,8,256,0.984375,3,34.02,0.15,33.88,0.0,1914,0.9765625,LOST
7,9,256,0.91796875,0,34.18,0.26,33.85,0.08,1908,0.62890625,RETURNED
7,9,256,0.95703125,1,33.69,0.22,33.34,0.12,1907,0.91796875,RETURNED
7,9,256,0.9765625,2,34.13,0.26,33.74,0.13,1909,0.953125,RETURNED
7,9,256,0.99609375,3,34.07,0.13,33.94,0.0,1914,0.98828125,LOST
7,10,256,0.921875,0,34.04,0.11,33.81,0.12,1908,0.61328125,RETURNED
7,10,256,0.9609375,1,33.43,0.11,33.23,0.09,1907,0.90234375,RETURNED
7,10,256,0.96484375,2,34.61,0.62,33.9,0.09,1909,0.93359375,RETURNED
7,10,256,0.9921875,3,34.48,0.24,34.23,0.0,1914,0.9921875,LOST
7,11,256,0.88671875,0,34.16,0.12,33.9,0.13,1908,0.609375,RETURNED
7,11,256,0.9453125,1,33.41,0.17,33.04,0.2,1907,0.91796875,RETURNED
7,11,256,0.96875,2,33.91,0.19,33.6,0.12,1909,0.9375,RETURNED
7,11,256,0.97265625,3,33.98,0.19,33.78,0.0,1914,0.96875,LOST
7,12,256,0.91015625,0,34.08,0.24,33.78,0.07,1908,0.6171875,RETURNED
7,12,256,0.9375,1,33.9,0.3,33.51,0.09,1907,0.91015625,RETURNED
7,12,256,0.9921875,2,34.03,0.21,33.71,0.11,1909,0.9609375,RETURNED
7,12,256,0.9921875,3,33.97,0.1,33.86,0.0,1914,0.96484375,LOST
7,13,256,0.91796875,0,34.28,0.12,34.02,0.14,1908,0.6171875,RETURNED
7,13,256,0.94140625,1,33.55,0.14,33.15,0.27,1907,0.87890625,RETURNED
7,13,256,0.9765625,2,33.79,0.1,33.55,0.14,1909,0.94140625,RETURNED
7,13,256,0.96875,3,34.24,0.16,34.07,0.0,1914,0.9609375,LOST
7,14,256,0.890625,0,34.33,0.14,34.1,0.09,1908,0.6328125,RETURNED
7,14,256,0.93359375,1,34.0,0.12,33.7,0.18,1907,0.89453125,RETURNED
7,14,256,0.97265625,2,34.95,0.23,34.61,0.11,1909,0.95703125,RETURNED
7,14,256,0.984375,3,34.27,0.17,34.1,0.0,1914,0.98046875,LOST
7,15,256,0.91796875,0,30.43,0.11,30.21,0.11,1908,0.62109375,RETURNED
7,15,256,0.90625,1,30.34,0.14,30.1,0.09,1907,0.6171875,RETURNED
7,15,256,0.953125,2,30.48,0.12,30.21,0.15,1909,0.921875,RETURNED
7,15,256,0.98046875,3,30.35,0.13,30.22,0.0,1914,0.9609375,LOST
8,175.53,0.30
8,0,256,0.91015625,0,32.76,0.16,32.51,0.09,1908,0.62890625,RETURNED
8,0,256,0.96484375,1,33.24,0.24,32.72,0.29,1907,0.9296875,RETURNED
8,0,256,0.98046875,2,33.26,0.32,32.86,0.08,1909,0.94921875,RETURNED
8,0,256,0.98046875,3,32.71,0.13,32.58,0.0,1914,0.96484375,LOST
8,1,256,0.90234375,0,33.31,0.11,32.59,0.61,1908,0.62109375,RETURNED
8,1,256,0.9375,1,32.99,0.24,32.66,0.09,1907,0.875,RETURNED
8,1,256,0.98046875,2,33.72,0.38,33.23,0.1,1909,0.96484375,RETURNED
8,1,256,1.0,3,29.75,0.3,29.45,0.0,1705,0.984375,LOST
8,2,256,0.90625,0,32.67,0.16,32.41,0.1,1908,0.6171875,RETURNED
8,2,256,0.94140625,1,33.05,0.21,32.66,0.19,1907,0.91015625,RETURNED
8,2,256,0.94140625,2,33.19,0.15,32.85,0.19,1909,0.91015625,RETURNED
8,2,256,0.96875,3,32.52,0.14,32.38,0.0,1914,0.9375,LOST
8,3,256,0.921875,0,32.99,0.23,32.62,0.15,1908,0.6328125,RETURNED
8,3,256,0.953125,1,33.02,0.09,32.82,0.11,1907,0.91015625,RETURNED
8,3,256,0.98046875,2,33.38,0.27,32.99,0.13,1909,0.953125,RETURNED
8,3,256,0.99609375,3,32.71,0.11,32.6,0.0,1914,0.97265625,LOST
8,4,256,0.9296875,0,32.94,0.14,32.66,0.13,1908,0.6171875,RETURNED
8,4,256,0.94921875,1,33.26,0.29,32.88,0.09,1907,0.91015625,RETURNED
8,4,256,0.984375,2,33.51,0.11,33.24,0.16,1909,0.96484375,RETURNED
8,4,256,0.98828125,3,32.88,0.24,32.64,0.0,1914,0.96484375,LOST
8,5,256,0.9140625,0,33.09,0.17,32.73,0.2,1908,0.61328125,RETURNED
8,5,256,0.95703125,1,32.98,0.12,32.79,0.07,1907,0.921875,RETURNED
8,5,256,0.96875,2,33.86,0.55,33.19,0.12,1909,0.93359375,RETURNED
8,5,256,0.9921875,3,32.85,0.13,32.72,0.0,1914,0.984375,LOST
8,6,256,0.90234375,0,33.16,0.35,32.73,0.08,1908,0.64453125,RETURNED
8,6,256,0.94921875,1,33.26,0.1,32.84,0.32,1907,0.91015625,RETURNED
8,6,256,0.984375,2,33.44,0.12,33.17,0.15,1909,0.95703125,RETURNED
8,6,256,0.98828125,3,32.99,0.23,32.75,0.0,1914,0.98046875,LOST
8,7,256,0.9296875,0,32.71,0.13,32.48,0.09,1908,0.6328125,RETURNED
8,7,256,0.92578125,1,32.91,0.11,32.65,0.15,1907,0.88671875,RETURNED
8,7,256,0.9609375,2,33.12,0.18,32.84,0.1,1909,0.9296875,RETURNED
8,7,256,0.98046875,3,32.71,0.19,32.52,0.0,1914,0.98046875,LOST
8,8,256,0.90625,0,34.76,0.32,34.31,0.13,1908,0.625,RETURNED
8,8,256,0.96484375,1,34.52,0.19,34.27,0.07,1907,0.9296875,RETURNED
8,8,256,0.98046875,2,34.49,0.1,34.25,0.15,1909,0.9609375,RETURNED
8,8,256,0.98828125,3,34.38,0.16,34.22,0.0,1914,0.98046875,LOST
8,9,256,0.90625,0,35.13,0.15,34.85,0.13,1908,0.625,RETURNED
8,9,256,0.96484375,1,35.14,0.14,34.9,0.1,1907,0.9140625,RETURNED
8,9,256,0.96875,2,35.44,0.17,34.97,0.3,1909,0.9453125,RETURNED
8,9,256,0.98046875,3,35.81,0.82,34.99,0.0,1914,0.9765625,LOST
8,10,256,0.87890625,0,35.38,0.22,35.05,0.1,1908,0.62890625,RETURNED
8,10,256,0.9453125,1,35.42,0.18,35.15,0.09,1907,0.8984375,RETURNED
8,10,256,0.984375,2,35.58,0.31,35.03,0.24,1909,0.96484375,RETURNED
8,10,256,0.99609375,3,35.18,0.25,34.93,0.0,1914,0.98046875,LOST
8,11,256,0.890625,0,36.11,0.15,35.85,0.1,1908,0.6171875,RETURNED
8,11,256,0.94921875,1,36.07,0.25,35.63,0.19,1907,0.90234375,RETURNED
8,11,256,0.9609375,2,36.07,0.19,35.79,0.09,1909,0.92578125,RETURNED
8,11,256,1.0,3,35.26,0.28,34.91,0.07,1886,0.984375,RETURNED
8,12,256,0.89453125,0,69.49,0.18,69.15,0.15,1908,0.62890625,RETURNED
8,12,256,0.953125,1,68.89,0.1,68.66,0.14,1907,0.94921875,RETURNED
8,13,256,0.890625,0,35.4,0.12,35.13,0.14,1908,0.62109375,RETURNED
8,13,256,0.95703125,1,35.57,0.27,35.18,0.12,1907,0.93359375,RETURNED
8,13,256,0.984375,2,35.65,0.11,35.43,0.11,1909,0.9609375,RETURNED
8,13,256,0.9921875,3,35.14,0.11,35.03,0.0,1914,0.984375,LOST
8,14,256,0.9296875,0,68.73,0.13,68.5,0.1,1908,0.62109375,RETURNED
8,14,256,0.96484375,1,71.31,0.3,70.9,0.11,1907,0.94921875,RETURNED
8,15,256,0.92578125,0,34.63,0.09,34.42,0.12,1908,0.6328125,RETURNED
8,15,256,0.93359375,1,34.4,0.26,34.05,0.09,1907,0.88671875,RETURNED
8,15,256,0.98046875,2,51.99,0.1,34.24,17.65,1909,0.94140625,RETURNED
8,15,256,0.9921875,3,34.28,0.13,34.16,0.0,1914,0.98828125,LOST
9,214.43,0.27
9,0,256,0.90625,0,32.61,0.17,32.35,0.1,1908,0.63671875,RETURNED
9,0,256,0.94921875,1,33.04,0.25,32.57,0.22,1907,0.86328125,RETURNED
9,0,256,0.97265625,2,32.96,0.14,32.72,0.1,1909,0.921875,RETURNED
9,0,256,0.984375,3,32.86,0.11,32.75,0.0,1914,0.9609375,LOST
9,0,256,0.9921875,4,32.97,0.25,32.56,0.16,1896,0.98828125,RETURNED
9,0,256,0.9921875,5,30.87,0.13,30.74,0.0,1922,0.98828125,LOST
9,1,256,0.91015625,0,32.76,0.16,32.47,0.14,1908,0.62109375,RETURNED
9,1,256,0.9375,1,32.86,0.16,32.62,0.08,1907,0.8828125,RETURNED
9,1,256,0.96875,2,33.19,0.12,32.82,0.26,1909,0.953125,RETURNED
9,1,256,0.98046875,3,33.07,0.23,32.84,0.0,1914,0.98046875,LOST
9,1,256,0.984375,4,32.93,0.14,32.62,0.18,1896,0.9921875,RETURNED
9,1,256,0.97265625,5,30.9,0.1,30.8,0.0,1922,0.9921875,LOST
9,2,256,0.92578125,0,32.89,0.23,32.54,0.12,1908,0.6328125,RETURNED
9,2,256,0.9765625,1,33.19,0.11,32.83,0.26,1907,0.92578125,RETURNED
9,2,256,0.95703125,2,33.33,0.39,32.85,0.1,1909,0.921875,RETURNED
9,2,256,0.97265625,3,33.09,0.22,32.87,0.0,1914,0.96484375,LOST
9,2,256,0.99609375,4,32.83,0.12,32.54,0.17,1896,0.9921875,RETURNED
9,2,256,0.99609375,5,31.13,0.23,30.9,0.0,1922,0.9765625,LOST
9,3,256,0.91015625,0,32.65,0.11,32.36,0.18,1908,0.64453125,RETURNED
9,3,256,0.95703125,1,33.09,0.2,32.75,0.14,1907,0.87890625,RETURNED
9,3,256,0.9609375,2,32.87,0.12,32.67,0.09,1909,0.93359375,RETURNED
9,3,256,0.9765625,3,32.99,0.18,32.8,0.0,1914,0.97265625,LOST
9,3,256,0.984375,4,32.79,0.17,32.54,0.07,1896,0.98046875,RETURNED
9,3,256,0.98828125,5,30.9,0.11,30.79,0.0,1922,0.984375,LOST
9,4,256,0.89453125,0,32.92,0.27,32.55,0.1,1908,0.61328125,RETURNED
9,4,256,0.9609375,1,33.08,0.22,32.68,0.18,1907,0.92578125,RETURNED
9,4,256,0.98046875,2,33.09,0.13,32.82,0.13,1909,0.94921875,RETURNED
9,4,256,0.98046875,3,33.41,0.47,32.94,0.0,1914,0.98046875,LOST
9,4,256,0.9921875,4,32.91,0.3,32.47,0.14,1896,0.98828125,RETURNED
9,4,256,0.9921875,5,30.96,0.12,30.84,0.0,1922,0.9921875,LOST
9,5,256,0.92578125,0,32.75,0.18,32.48,0.09,1908,0.6171875,RETURNED
9,5,256,0.9609375,1,33.36,0.26,33.01,0.08,1907,0.92578125,RETURNED
9,5,256,0.98828125,2,33.04,0.1,32.82,0.12,1909,0.9609375,RETURNED
9,5,256,0.98828125,3,33.16,0.23,32.94,0.0,1914,0.98828125,LOST
9,5,256,0.98828125,4,33.13,0.21,32.62,0.29,1896,0.984375,RETURNED
9,5,256,1.0,5,3.52,0.12,3.21,0.19,189,0.99609375,RETURNED
9,6,256,0.90625,0,33.69,0.59,32.94,0.16,1908,0.61328125,RETURNED
9,6,256,0.9453125,1,33.77,0.19,33.38,0.19,1907,0.91015625,RETURNED
9,6,256,0.98046875,2,33.89,0.19,33.59,0.11,1909,0.9609375,RETURNED
9,6,256,0.98828125,3,33.18,0.13,33.05,0.0,1914,0.984375,LOST
9,6,256,0.98828125,4,33.37,0.28,33.01,0.08,1896,0.9921875,RETURNED
9,6,256,1.0,5,3.51,0.2,3.16,0.15,189,0.99609375,RETURNED
9,7,256,0.90625,0,32.91,0.1,32.71,0.1,1908,0.6171875,RETURNED
9,7,256,0.9453125,1,33.45,0.12,33.0,0.32,1907,0.89453125,RETURNED
9,7,256,0.984375,2,33.26,0.1,33.01,0.14,1909,0.9609375,RETURNED
9,7,256,0.9921875,3,33.26,0.28,32.98,0.0,1914,0.98046875,LOST
9,7,256,0.99609375,4,33.1,0.13,32.78,0.19,1896,0.9921875,RETURNED
9,7,256,1.0,5,3.44,0.11,3.21,0.13,189,0.99609375,RETURNED
9,8,256,0.8984375,0,33.07,0.09,32.83,0.15,1908,0.60546875,RETURNED
9,8,256,0.96875,1,33.1,0.23,32.77,0.1,1907,0.9140625,RETURNED
9,8,256,0.98046875,2,33.39,0.11,33.15,0.13,1909,0.9609375,RETURNED
9,8,256,0.9921875,3,32.87,0.17,32.7,0.0,1914,0.984375,LOST
9,8,256,0.9921875,4,33.16,0.13,32.86,0.16,1896,0.98828125,RETURNED
9,9,256,0.875,0,33.19,0.13,32.86,0.21,1908,0.61328125,RETURNED
9,9,256,0.94140625,1,32.71,0.12,32.51,0.09,1907,0.875,RETURNED
9,9,256,0.9765625,2,33.6,0.27,33.21,0.12,1909,0.9375,RETURNED
9,9,256,0.98828125,3,33.02,0.45,32.57,0.0,1914,0.984375,LOST
9,9,256,0.984375,4,32.84,0.12,32.63,0.08,1896,0.98046875,RETURNED
9,10,256,0.87890625,0,33.23,0.28,32.85,0.1,1908,0.61328125,RETURNED
9,10,256,0.9609375,1,32.88,0.35,32.42,0.11,1907,0.93359375,RETURNED
9,10,256,0.98828125,2,33.35,0.2,33.06,0.09,1909,0.9609375,RETURNED
9,10,256,0.984375,3,32.93,0.48,32.45,0.0,1914,0.98046875,LOST
9,10,256,0.984375,4,32.85,0.13,32.49,0.23,1896,0.97265625,RETURNED
9,11,256,0.921875,0,32.96,0.11,32.67,0.17,1908,0.6484375,RETURNED
9,11,256,0.9609375,1,32.93,0.17,32.62,0.14,1907,0.9140625,RETURNED
9,11,256,0.98046875,2,33.7,0.31,33.31,0.09,1909,0.953125,RETURNED
9,11,256,0.984375,3,32.91,0.27,32.65,0.0,1914,0.98828125,LOST
9,11,256,0.98828125,4,33.0,0.2,32.61,0.19,1896,0.97265625,RETURNED
9,12,256,0.93359375,0,33.07,0.18,32.7,0.19,1908,0.6328125,RETURNED
9,12,256,0.96484375,1,32.95,0.21,32.51,0.22,1907,0.92578125,RETURNED
9,12,256,0.984375,2,33.46,0.23,33.14,0.09,1909,0.9765625,RETURNED
9,12,256,0.98828125,3,32.71,0.12,32.59,0.0,1914,0.984375,LOST
9,12,256,0.99609375,4,33.0,0.2,32.73,0.07,1896,0.9921875,RETURNED
9,13,256,0.92578125,0,33.19,0.23,32.86,0.1,1908,0.62109375,RETURNED
9,13,256,0.97265625,1,33.34,0.34,32.8,0.2,1907,0.91015625,RETURNED
9,13,256,0.984375,2,33.22,0.12,32.99,0.11,1909,0.9765625,RETURNED
9,13,256,0.98046875,3,32.75,0.23,32.52,0.0,1914,0.984375,LOST
9,13,256,0.984375,4,32.89,0.24,32.58,0.08,1896,0.984375,RETURNED
9,14,256,0.92578125,0,33.36,0.09,33.12,0.14,1908,0.61328125,RETURNED
9,14,256,0.97265625,1,33.37,0.1,33.09,0.17,1907,0.92578125,RETURNED
9,14,256,0.9921875,2,34.37,0.34,33.88,0.16,1909,0.96875,RETURNED
9,14,256,0.9921875,3,33.38,0.12,33.26,0.0,1914,0.98828125,LOST
9,14,256,0.98046875,4,33.56,0.2,33.16,0.2,1896,0.98046875,RETURNED
9,15,256,0.91015625,0,33.05,0.14,32.82,0.09,1908,0.64453125,RETURNED
9,15,256,0.953125,1,33.52,0.69,32.75,0.08,1907,0.90234375,RETURNED
9,15,256,0.98046875,2,33.24,0.13,33.03,0.08,1909,0.9609375,RETURNED
9,15,256,0.984375,3,32.86,0.21,32.65,0.0,1914,0.984375,LOST
9,15,256,0.98828125,4,33.22,0.3,32.84,0.08,1896,0.98046875,RETURNED
10,255.01,0.20
10,0,256,0.91796875,0,33.3,0.22,32.99,0.08,1908,0.63671875,RETURNED
10,0,256,0.96875,1,33.15,0.14,32.78,0.24,1907,0.9375,RETURNED
10,0,256,0.96484375,2,36.55,0.2,36.25,0.1,1909,0.93359375,RETURNED
10,0,256,0.98828125,3,32.83,0.11,32.72,0.0,1914,0.97265625,LOST
10,0,256,0.98828125,4,32.38,0.12,32.17,0.1,1896,0.98828125,RETURNED
10,0,256,0.98828125,5,33.37,0.11,33.26,0.0,1922,0.984375,LOST
10,0,256,0.99609375,6,32.1,0.13,31.74,0.23,1889,0.99609375,RETURNED
10,1,256,0.89453125,0,33.06,0.17,32.73,0.16,1908,0.625,RETURNED
10,1,256,0.96484375,1,33.14,0.14,32.92,0.08,1907,0.8984375,RETURNED
10,1,256,0.953125,2,36.92,0.2,36.37,0.35,1909,0.9140625,RETURNED
10,1,256,0.98828125,3,33.24,0.2,33.04,0.0,1914,0.97265625,LOST
10,1,256,0.98828125,4,32.53,0.2,32.23,0.1,1896,0.98828125,RETURNED
10,1,256,0.9921875,5,33.46,0.11,33.35,0.0,1922,0.99609375,LOST
10,1,256,0.99609375,6,32.16,0.13,31.67,0.36,1889,0.99609375,RETURNED
10,2,256,0.91015625,0,33.01,0.16,32.64,0.21,1908,0.61328125,RETURNED
10,2,256,0.96484375,1,33.71,0.63,32.97,0.1,1907,0.9296875,RETURNED
10,2,256,0.9765625,2,36.7,0.2,36.42,0.08,1909,0.9609375,RETURNED
10,2,256,0.97265625,3,33.1,0.13,32.97,0.0,1914,0.984375,LOST
10,2,256,0.99609375,4,33.0,0.19,32.61,0.2,1896,0.98046875,RETURNED
10,2,256,0.9765625,5,33.67,0.17,33.5,0.0,1922,0.9921875,LOST
10,2,256,0.98828125,6,31.91,0.13,31.68,0.1,1889,0.99609375,RETURNED
10,3,256,0.921875,0,33.02,0.23,32.69,0.11,1908,0.625,RETURNED
10,3,256,0.95703125,1,33.05,0.17,32.73,0.14,1907,0.91015625,RETURNED
10,3,256,0.96875,2,36.46,0.18,36.17,0.11,1909,0.9296875,RETURNED
10,3,256,0.99609375,3,32.82,0.09,32.73,0.0,1914,0.97265625,LOST
10,3,256,0.99609375,4,32.39,0.13,32.18,0.08,1896,0.98828125,RETURNED
10,3,256,0.9921875,5,33.53,0.32,33.21,0.0,1922,0.99609375,LOST
10,3,256,1.0,6,25.08,0.21,24.87,0.0,1466,0.9921875,LOST
10,4,256,0.9375,0,33.3,0.38,32.76,0.16,1908,0.62109375,RETURNED
10,4,256,0.95703125,1,33.08,0.12,32.84,0.12,1907,0.91015625,RETURNED
10,4,256,0.97265625,2,36.62,0.18,36.28,0.16,1909,0.94921875,RETURNED
10,4,256,0.984375,3,33.08,0.16,32.92,0.0,1914,0.96484375,LOST
10,4,256,0.99609375,4,32.45,0.14,32.19,0.12,1896,0.98046875,RETURNED
10,4,256,0.9921875,5,33.5,0.14,33.36,0.0,1922,0.9921875,LOST
10,4,256,0.9765625,6,32.15,0.11,31.69,0.35,1889,0.98046875,RETURNED
10,5,256,0.91015625,0,33.04,0.22,32.58,0.24,1908,0.625,RETURNED
10,5,256,0.9609375,1,33.17,0.12,32.87,0.17,1907,0.8984375,RETURNED
10,5,256,0.97265625,2,36.41,0.17,36.13,0.11,1909,0.9609375,RETURNED
10,5,256,0.9765625,3,32.9,0.17,32.73,0.0,1914,0.96484375,LOST
10,5,256,0.9921875,4,32.52,0.11,32.15,0.26,1896,0.984375,RETURNED
10,5,256,0.99609375,5,33.12,0.13,32.99,0.0,1922,0.98828125,LOST
10,5,256,0.9921875,6,31.8,0.11,31.62,0.08,1889,0.9921875,RETURNED
10,6,256,0.8984375,0,32.95,0.26,32.57,0.11,1908,0.6328125,RETURNED
10,6,256,0.94921875,1,33.07,0.12,32.87,0.07,1907,0.84765625,RETURNED
10,6,256,0.97265625,2,36.37,0.14,36.14,0.09,1909,0.95703125,RETURNED
10,6,256,0.9765625,3,32.94,0.13,32.81,0.0,1914,0.96484375,LOST
10,6,256,0.97265625,4,32.49,0.12,32.19,0.18,1896,0.9765625,RETURNED
10,6,256,0.99609375,5,33.15,0.09,33.06,0.0,1922,0.98828125,LOST
10,6,256,0.9921875,6,31.98,0.19,31.65,0.14,1889,0.9921875,RETURNED
10,7,256,0.921875,0,34.65,1.63,32.93,0.09,1908,0.625,RETURNED
10,7,256,0.953125,1,33.36,0.1,32.93,0.32,1907,0.90625,RETURNED
10,7,256,0.984375,2,36.42,0.18,36.15,0.08,1909,0.96875,RETURNED
10,7,256,0.96875,3,33.22,0.12,33.09,0.0,1914,0.94921875,LOST
10,7,256,0.98828125,4,32.41,0.13,32.2,0.08,1896,0.98828125,RETURNED
10,7,256,0.99609375,5,33.22,0.11,33.11,0.0,1922,0.98828125,LOST
10,7,256,0.98828125,6,31.89,0.1,31.61,0.17,1889,0.98828125,RETURNED
10,8,256,0.90234375,0,33.72,0.11,32.88,0.73,1908,0.63671875,RETURNED
10,8,256,0.9296875,1,33.65,0.13,33.42,0.1,1907,0.89453125,RETURNED
10,8,256,0.98828125,2,33.33,0.22,33.02,0.09,1909,0.9609375,RETURNED
10,8,256,0.984375,3,33.52,0.13,33.39,0.0,1914,0.984375,LOST
10,8,256,0.98046875,4,33.28,0.2,33.0,0.08,1896,0.9765625,RETURNED
10,8,256,0.984375,5,33.87,0.11,33.76,0.0,1922,0.98828125,LOST
10,8,256,1.0,6,10.37,0.28,9.96,0.14,570,0.984375,RETURNED
10,9,256,0.89453125,0,32.84,0.17,32.6,0.07,1908,0.62109375,RETURNED
10,9,256,0.96484375,1,33.3,0.24,32.92,0.14,1907,0.90625,RETURNED
10,9,256,0.97265625,2,32.97,0.24,32.48,0.25,1909,0.953125,RETURNED
10,9,256,0.984375,3,33.03,0.24,32.79,0.0,1914,0.9765625,LOST
10,9,256,0.984375,4,32.61,0.26,32.23,0.13,1896,0.9765625,RETURNED
10,9,256,0.99609375,5,33.28,0.12,33.16,0.0,1922,0.98828125,LOST
10,9,256,0.96484375,6,31.37,0.23,31.06,0.07,1889,0.984375,RETURNED
10,10,256,0.90625,0,32.79,0.12,32.55,0.12,1908,0.609375,RETURNED
10,10,256,0.96484375,1,33.54,0.17,32.99,0.39,1907,0.875,RETURNED
10,10,256,0.9765625,2,32.92,0.13,32.51,0.28,1909,0.9609375,RETURNED
10,10,256,0.984375,3,33.08,0.13,32.94,0.0,1914,0.97265625,LOST
10,10,256,0.98046875,4,32.41,0.13,32.16,0.12,1896,0.9765625,RETURNED
10,10,256,0.98828125,5,33.36,0.21,33.15,0.0,1922,0.9765625,LOST
10,10,256,1.0,6,24.64,0.24,24.41,0.0,1466,0.9921875,LOST
10,11,256,0.92578125,0,32.77,0.1,32.57,0.1,1908,0.62109375,RETURNED
10,11,256,0.97265625,1,33.38,0.12,33.02,0.24,1907,0.92578125,RETURNED
10,11,256,0.98046875,2,32.85,0.2,32.56,0.09,1909,0.96875,RETURNED
10,11,256,0.9765625,3,33.02,0.11,32.91,0.0,1914,0.96484375,LOST
10,11,256,0.9921875,4,32.35,0.08,32.17,0.09,1896,0.9765625,RETURNED
10,11,256,0.9921875,5,33.59,0.3,33.29,0.0,1922,0.99609375,LOST
10,11,256,0.99609375,6,31.36,0.15,31.12,0.1,1889,0.99609375,RETURNED
10,12,256,0.8984375,0,32.81,0.12,32.56,0.13,1908,0.625,RETURNED
10,12,256,0.9375,1,33.24,0.16,32.89,0.19,1907,0.8828125,RETURNED
10,12,256,0.97265625,2,32.71,0.15,32.46,0.1,1909,0.94140625,RETURNED
10,12,256,0.9921875,3,32.96,0.22,32.74,0.0,1914,0.984375,LOST
10,12,256,0.9765625,4,32.38,0.18,32.12,0.08,1896,0.98046875,RETURNED
10,12,256,0.98828125,5,33.41,0.11,33.3,0.0,1922,0.99609375,LOST
10,12,256,0.9921875,6,31.31,0.2,31.03,0.08,1889,0.9921875,RETURNED
10,13,256,0.91015625,0,33.04,0.16,32.79,0.08,1908,0.64453125,RETURNED
10,13,256,0.9609375,1,33.34,0.33,32.93,0.09,1907,0.9140625,RETURNED
10,13,256,0.9765625,2,32.85,0.21,32.55,0.09,1909,0.95703125,RETURNED
10,13,256,0.9765625,3,32.92,0.16,32.76,0.0,1914,0.9609375,LOST
10,13,256,0.98828125,4,32.58,0.22,32.27,0.1,1896,0.97265625,RETURNED
10,13,256,0.984375,5,33.4,0.19,33.2,0.0,1922,0.98828125,LOST
10,13,256,0.99609375,6,31.5,0.1,31.14,0.26,1889,0.98828125,RETURNED
10,14,256,0.90625,0,32.96,0.09,32.78,0.09,1908,0.61328125,RETURNED
10,14,256,0.9375,1,33.26,0.11,33.02,0.13,1907,0.90625,RETURNED
10,14,256,0.984375,2,32.74,0.1,32.54,0.09,1909,0.96484375,RETURNED
10,14,256,0.98828125,3,33.07,0.2,32.87,0.0,1914,0.97265625,LOST
10,14,256,0.98046875,4,32.43,0.09,32.26,0.09,1896,0.96875,RETURNED
10,14,256,0.99609375,5,33.35,0.12,33.23,0.0,1922,0.98828125,LOST
10,14,256,0.9921875,6,31.26,0.11,31.05,0.1,1889,0.98828125,RETURNED
10,15,256,0.9140625,0,32.99,0.1,32.64,0.25,1908,0.609375,RETURNED
10,15,256,0.953125,1,33.22,0.23,32.91,0.09,1907,0.8984375,RETURNED
10,15,256,0.9765625,2,33.01,0.16,32.52,0.33,1909,0.9609375,RETURNED
10,15,256,0.98828125,3,32.89,0.11,32.78,0.0,1914,0.96875,LOST
10,15,256,0.97265625,4,32.54,0.24,32.21,0.08,1896,0.984375,RETURNED
10,15,256,0.98828125,5,33.45,0.22,33.22,0.0,1922,0.984375,LOST
10,15,256,0.98828125,6,31.32,0.17,31.05,0.1,1889,0.99609375,RETURNED
11,220.69,0.27
11,0,256,0.91015625,0,32.85,0.22,32.4,0.23,1908,0.62109375,RETURNED
11,0,256,0.9375,1,33.14,0.09,32.95,0.1,1907,0.90625,RETURNED
11,0,256,0.953125,2,32.58,0.11,32.4,0.07,1909,0.9140625,RETURNED
11,0,256,0.98046875,3,33.34,0.17,33.16,0.0,1914,0.9609375,LOST
11,0,256,0.984375,4,32.76,0.14,32.33,0.29,1896,0.98046875,RETURNED
11,0,256,0.99609375,5,33.45,0.47,32.98,0.0,1922,0.99609375,LOST
11,1,256,0.90625,0,32.86,0.32,32.44,0.1,1908,0.62109375,RETURNED
11,1,256,0.94921875,1,32.93,0.12,32.72,0.09,1907,0.921875,RETURNED
11,1,256,0.9765625,2,32.81,0.12,32.41,0.27,1909,0.94140625,RETURNED
11,1,256,0.98046875,3,33.04,0.21,32.83,0.0,1914,0.96484375,LOST
11,1,256,0.9921875,4,32.69,0.28,32.34,0.08,1896,0.98046875,RETURNED
11,1,256,0.99609375,5,33.08,0.13,32.95,0.0,1922,0.99609375,LOST
11,2,256,0.90625,0,32.89,0.1,32.61,0.18,1908,0.6484375,RETURNED
11,2,256,0.93359375,1,33.31,0.3,32.8,0.21,1907,0.875,RETURNED
11,2,256,0.96875,2,32.68,0.16,32.4,0.12,1909,0.93359375,RETURNED
11,2,256,0.96484375,3,33.21,0.13,33.08,0.0,1914,0.953125,LOST
11,2,256,0.9765625,4,32.77,0.17,32.45,0.16,1896,0.97265625,RETURNED
11,2,256,0.984375,5,33.29,0.1,33.18,0.0,1922,0.984375,LOST
11,3,256,0.921875,0,32.76,0.1,32.56,0.11,1908,0.625,RETURNED
11,3,256,0.9453125,1,33.4,0.4,32.9,0.1,1907,0.9140625,RETURNED
11,3,256,0.984375,2,33.0,0.28,32.57,0.15,1909,0.953125,RETURNED
11,3,256,0.96484375,3,33.11,0.12,32.99,0.0,1914,0.95703125,LOST
11,3,256,0.98828125,4,32.84,0.28,32.48,0.08,1896,0.984375,RETURNED
11,3,256,0.99609375,5,33.26,0.14,33.12,0.0,1922,0.99609375,LOST
11,4,256,0.87890625,0,32.62,0.1,32.45,0.07,1908,0.6328125,RETURNED
11,4,256,0.9453125,1,33.26,0.22,32.96,0.08,1907,0.8671875,RETURNED
11,4,256,0.9609375,2,32.86,0.11,32.55,0.21,1909,0.91796875,RETURNED
11,4,256,0.984375,3,33.16,0.15,33.01,0.0,1914,0.96484375,LOST
11,4,256,0.99609375,4,32.66,0.1,32.46,0.1,1896,0.98046875,RETURNED
11,4,256,0.984375,5,33.12,0.15,32.97,0.0,1922,0.9921875,LOST
11,5,256,0.921875,0,32.96,0.29,32.55,0.12,1908,0.640625,RETURNED
11,5,256,0.94921875,1,33.41,0.2,33.06,0.14,1907,0.90625,RETURNED
11,5,256,0.98046875,2,33.12,0.27,32.5,0.35,1909,0.94921875,RETURNED
11,5,256,0.984375,3,33.22,0.27,32.95,0.0,1914,0.9765625,LOST
11,5,256,0.9921875,4,32.83,0.15,32.58,0.1,1896,0.98046875,RETURNED
11,5,256,0.9921875,5,33.43,0.3,33.12,0.0,1922,0.9921875,LOST
11,6,256,0.92578125,0,32.7,0.27,32.34,0.09,1908,0.625,RETURNED
11,6,256,0.9375,1,32.95,0.19,32.64,0.11,1907,0.8984375,RETURNED
11,6,256,0.96484375,2,32.74,0.25,32.36,0.13,1909,0.91796875,RETURNED
11,6,256,0.9765625,3,32.91,0.1,32.81,0.0,1914,0.9609375,LOST
11,6,256,0.9921875,4,32.57,0.11,32.32,0.15,1896,0.98046875,RETURNED
11,6,256,0.98828125,5,33.11,0.18,32.92,0.0,1922,0.9921875,LOST
11,7,256,0.9140625,0,33.42,0.26,32.54,0.63,1908,0.62109375,RETURNED
11,7,256,0.95703125,1,33.8,0.11,33.18,0.51,1907,0.9140625,RETURNED
11,7,256,0.9609375,2,33.15,0.12,32.87,0.16,1909,0.9453125,RETURNED
11,7,256,0.984375,3,33.37,0.11,33.26,0.0,1914,0.9765625,LOST
11,7,256,0.99609375,4,32.82,0.16,32.59,0.07,1896,0.98046875,RETURNED
11,7,256,0.9921875,5,33.29,0.17,33.12,0.0,1922,0.9921875,LOST
11,8,256,0.89453125,0,32.95,0.23,32.63,0.09,1908,0.6328125,RETURNED
11,8,256,0.95703125,1,54.08,21.32,32.56,0.2,1907,0.91015625,RETURNED
11,8,256,0.98046875,2,33.08,0.09,32.88,0.12,1909,0.96875,RETURNED
11,8,256,0.984375,3,32.87,0.22,32.65,0.0,1914,0.98046875,LOST
11,8,256,0.9921875,4,31.35,0.14,31.09,0.12,1896,0.98046875,RETURNED
11,9,256,0.921875,0,33.25,0.25,32.9,0.1,1908,0.640625,RETURNED
11,9,256,0.9609375,1,31.77,0.12,31.54,0.11,1907,0.890625,RETURNED
11,9,256,0.97265625,2,32.83,0.12,32.56,0.14,1909,0.94140625,RETURNED
11,9,256,0.98828125,3,33.32,0.1,33.22,0.0,1914,0.984375,LOST
11,9,256,0.9921875,4,32.99,0.15,32.76,0.09,1896,0.96875,RETURNED
11,9,256,0.99609375,5,30.93,0.16,30.77,0.0,1922,0.9921875,LOST
11,10,256,0.91796875,0,33.07,0.16,32.69,0.22,1908,0.62109375,RETURNED
11,10,256,0.94921875,1,31.51,0.19,31.17,0.14,1907,0.90625,RETURNED
11,10,256,0.9765625,2,32.57,0.21,32.18,0.18,1909,0.94921875,RETURNED
11,10,256,0.98828125,3,33.17,0.15,33.02,0.0,1914,0.97265625,LOST
11,10,256,0.9921875,4,32.78,0.21,32.5,0.07,1896,0.97265625,RETURNED
11,10,256,1.0,5,1.15,0.24,0.71,0.21,45,0.99609375,RETURNED
11,11,256,0.9140625,0,33.16,0.17,32.87,0.11,1908,0.63671875,RETURNED
11,11,256,0.96875,1,31.8,0.12,31.52,0.15,1907,0.9140625,RETURNED
11,11,256,0.984375,2,32.72,0.11,32.52,0.09,1909,0.94140625,RETURNED
11,11,256,0.9765625,3,33.36,0.12,33.24,0.0,1914,0.95703125,LOST
11,11,256,0.9921875,4,33.09,0.17,32.74,0.19,1896,0.98046875,RETURNED
11,11,256,0.984375,5,31.33,0.56,30.78,0.0,1922,0.9921875,LOST
11,12,256,0.90625,0,33.81,0.93,32.75,0.14,1908,0.625,RETURNED
11,12,256,0.96484375,1,31.64,0.16,31.27,0.2,1907,0.921875,RETURNED
11,12,256,0.97265625,2,32.98,0.51,32.36,0.11,1909,0.94921875,RETURNED
11,12,256,0.98828125,3,33.1,0.11,33.0,0.0,1914,0.96484375,LOST
11,12,256,0.98828125,4,32.69,0.28,32.31,0.09,1896,0.98046875,RETURNED
11,12,256,0.99609375,5,30.68,0.13,30.55,0.0,1922,0.99609375,LOST
11,13,256,0.91796875,0,32.99,0.15,32.74,0.1,1908,0.63671875,RETURNED
11,13,256,0.953125,1,31.66,0.12,31.45,0.09,1907,0.8828125,RETURNED
11,13,256,0.96875,2,32.7,0.19,32.43,0.08,1909,0.93359375,RETURNED
11,13,256,0.984375,3,33.38,0.38,33.0,0.0,1914,0.98046875,LOST
11,13,256,0.9765625,4,32.97,0.23,32.6,0.14,1896,0.98046875,RETURNED
11,13,256,0.99609375,5,31.24,0.5,30.74,0.0,1922,0.99609375,LOST
11,14,256,0.87109375,0,33.13,0.2,32.82,0.11,1908,0.6171875,RETURNED
11,14,256,0.9609375,1,32.5,0.14,31.49,0.87,1907,0.88671875,RETURNED
11,14,256,0.98046875,2,33.13,0.36,32.69,0.08,1909,0.96875,RETURNED
11,14,256,0.98828125,3,33.44,0.22,33.22,0.0,1914,0.984375,LOST
11,14,256,0.98828125,4,33.11,0.22,32.73,0.16,1896,0.98046875,RETURNED
11,15,256,0.8984375,0,33.2,0.36,32.71,0.13,1908,0.60546875,RETURNED
11,15,256,0.95703125,1,31.65,0.19,31.38,0.09,1907,0.90625,RETURNED
11,15,256,0.9765625,2,32.83,0.28,32.43,0.12,1909,0.94140625,RETURNED
11,15,256,0.98828125,3,33.03,0.12,32.91,0.0,1914,0.984375,LOST
11,15,256,0.99609375,4,33.1,0.32,32.51,0.27,1896,0.98046875,RETURNED
11,15,256,0.98828125,5,30.74,0.13,30.61,0.0,1922,0.99609375,LOST
12,207.42,0.28
12,0,256,0.9140625,0,33.48,0.15,33.18,0.15,1908,0.625,RETURNED
12,0,256,0.9296875,1,32.89,0.09,32.46,0.34,1907,0.8828125,RETURNED
12,0,256,0.9765625,2,31.19,0.17,30.93,0.08,1909,0.96484375,RETURNED
12,0,256,0.98828125,3,33.09,0.22,32.87,0.0,1914,0.984375,LOST
12,0,256,0.99609375,4,33.21,0.57,32.56,0.08,1896,0.984375,RETURNED
12,1,256,0.90625,0,33.22,0.21,32.93,0.09,1908,0.62109375,RETURNED
12,1,256,0.96484375,1,32.79,0.27,32.4,0.12,1907,0.921875,RETURNED
12,1,256,0.96484375,2,31.17,0.16,30.93,0.08,1909,0.94921875,RETURNED
12,1,256,0.98046875,3,32.81,0.11,32.7,0.0,1914,0.96484375,LOST
12,1,256,0.9921875,4,32.9,0.23,32.49,0.17,1896,0.984375,RETURNED
12,2,256,0.90234375,0,33.91,0.12,33.59,0.2,1908,0.62109375,RETURNED
12,2,256,0.96875,1,33.09,0.11,32.87,0.11,1907,0.921875,RETURNED
12,2,256,0.9765625,2,31.63,0.28,31.15,0.2,1909,0.95703125,RETURNED
12,2,256,0.98046875,3,33.36,0.11,33.24,0.0,1914,0.984375,LOST
12,2,256,0.98828125,4,33.04,0.14,32.62,0.29,1896,0.97265625,RETURNED
12,3,256,0.91015625,0,33.7,0.13,33.47,0.1,1908,0.640625,RETURNED
12,3,256,0.9609375,1,32.88,0.11,32.68,0.08,1907,0.9140625,RETURNED
12,3,256,0.9765625,2,31.47,0.18,31.13,0.16,1909,0.96484375,RETURNED
12,3,256,0.984375,3,33.27,0.27,33.0,0.0,1914,0.984375,LOST
12,3,256,0.98828125,4,33.64,0.18,32.71,0.74,1896,0.96484375,RETURNED
12,4,256,0.91015625,0,33.69,0.25,33.13,0.31,1908,0.6171875,RETURNED
12,4,256,0.94921875,1,58.35,0.17,32.55,25.63,1907,0.89453125,RETURNED
12,4,256,0.96875,2,32.86,0.08,32.63,0.14,1909,0.94921875,RETURNED
12,4,256,0.9921875,3,33.21,0.18,33.03,0.0,1914,0.9765625,LOST
12,4,256,1.0,4,19.74,0.1,19.55,0.09,1215,0.9921875,RETURNED
12,5,256,0.92578125,0,33.3,0.15,33.04,0.12,1908,0.61328125,RETURNED
12,5,256,0.9453125,1,32.78,0.22,32.47,0.09,1907,0.8671875,RETURNED
12,5,256,0.98046875,2,31.36,0.23,30.94,0.19,1909,0.95703125,RETURNED
12,5,256,0.98828125,3,32.78,0.11,32.67,0.0,1914,0.98046875,LOST
12,5,256,0.99609375,4,32.76,0.11,32.47,0.18,1896,0.98046875,RETURNED
12,6,256,0.92578125,0,33.35,0.12,33.15,0.08,1908,0.6171875,RETURNED
12,6,256,0.96484375,1,33.14,0.15,32.66,0.32,1907,0.92578125,RETURNED
12,6,256,0.98046875,2,31.24,0.11,31.01,0.12,1909,0.9609375,RETURNED
12,6,256,0.984375,3,33.03,0.09,32.94,0.0,1914,0.98046875,LOST
12,6,256,0.98828125,4,32.7,0.13,32.49,0.08,1896,0.98046875,RETURNED
12,7,256,0.9140625,0,33.93,0.37,33.38,0.18,1908,0.6171875,RETURNED
12,7,256,0.9453125,1,33.22,0.13,33.01,0.09,1907,0.90234375,RETURNED
12,7,256,0.97265625,2,31.48,0.15,31.22,0.11,1909,0.94921875,RETURNED
12,7,256,0.99609375,3,33.63,0.11,33.52,0.0,1914,0.98828125,LOST
12,7,256,0.98046875,4,33.06,0.22,32.73,0.11,1896,0.97265625,RETURNED
12,8,256,0.9140625,0,34.05,0.16,33.81,0.07,1908,0.62890625,RETURNED
12,8,256,0.95703125,1,30.66,0.12,30.41,0.13,1907,0.92578125,RETURNED
12,8,256,0.94921875,2,31.03,0.19,30.69,0.15,1909,0.91015625,RETURNED
12,8,256,0.984375,3,30.83,0.1,30.73,0.0,1914,0.97265625,LOST
12,8,256,0.99609375,4,30.87,0.17,30.58,0.12,1896,0.98046875,RETURNED
12,8,256,1.0,5,2.48,0.23,2.18,0.08,136,0.99609375,RETURNED
12,9,256,0.90625,0,33.92,0.21,33.58,0.12,1908,0.625,RETURNED
12,9,256,0.96484375,1,30.38,0.11,30.2,0.08,1907,0.9140625,RETURNED
12,9,256,0.9765625,2,30.82,0.12,30.6,0.11,1909,0.94921875,RETURNED
12,9,256,0.98828125,3,30.74,0.26,30.49,0.0,1914,0.9609375,LOST
12,9,256,0.99609375,4,30.63,0.14,30.4,0.1,1896,0.984375,RETURNED
12,9,256,0.9921875,5,30.54,0.32,30.22,0.0,1922,0.97265625,LOST
12,10,256,0.89453125,0,34.12,0.17,33.8,0.15,1908,0.625,RETURNED
12,10,256,0.95703125,1,30.79,0.16,30.46,0.16,1907,0.921875,RETURNED
12,10,256,0.9765625,2,31.03,0.12,30.76,0.15,1909,0.95703125,RETURNED
12,10,256,0.98046875,3,30.9,0.18,30.72,0.0,1914,0.9765625,LOST
12,10,256,0.9921875,4,30.96,0.18,30.58,0.21,1896,0.98046875,RETURNED
12,10,256,1.0,5,1.11,0.14,0.97,0.0,61,0.99609375,LOST
12,11,256,0.92578125,0,64.48,0.18,64.15,0.15,1908,0.640625,RETURNED
12,11,256,0.9453125,1,61.15,0.12,60.85,0.18,1907,0.90625,RETURNED
12,11,256,0.98046875,2,61.27,0.28,60.87,0.13,1909,0.96875,RETURNED
12,12,256,0.90625,0,33.98,0.12,33.74,0.12,1908,0.62109375,RETURNED
12,12,256,0.94921875,1,30.59,0.1,30.41,0.08,1907,0.90234375,RETURNED
12,12,256,0.984375,2,30.88,0.11,30.66,0.11,1909,0.9453125,RETURNED
12,12,256,0.9765625,3,30.77,0.11,30.66,0.0,1914,0.96875,LOST
12,12,256,0.9921875,4,30.84,0.23,30.51,0.1,1896,0.9765625,RETURNED
12,12,256,1.0,5,1.07,0.13,0.71,0.23,45,0.99609375,RETURNED
12,13,256,0.90234375,0,34.46,0.21,34.13,0.12,1908,0.625,RETURNED
12,13,256,0.9375,1,31.13,0.12,30.91,0.1,1907,0.90625,RETURNED
12,13,256,0.984375,2,31.41,0.11,31.15,0.15,1909,0.953125,RETURNED
12,13,256,0.98046875,3,31.42,0.14,31.29,0.0,1914,0.98046875,LOST
12,13,256,0.99609375,4,30.96,0.1,30.74,0.11,1896,0.98046875,RETURNED
12,14,256,0.890625,0,34.43,0.14,34.21,0.08,1908,0.61328125,RETURNED
12,14,256,0.94921875,1,31.18,0.13,30.9,0.16,1907,0.890625,RETURNED
12,14,256,0.98046875,2,31.48,0.18,31.21,0.1,1909,0.9296875,RETURNED
12,14,256,0.984375,3,31.8,0.43,31.37,0.0,1914,0.98046875,LOST
12,14,256,0.99609375,4,31.17,0.26,30.79,0.11,1896,0.97265625,RETURNED
12,15,256,0.90625,0,64.27,0.14,63.93,0.21,1908,0.63671875,RETURNED
12,15,256,0.97265625,1,61.86,0.41,61.32,0.13,1907,0.96875,RETURNED
12,15,256,0.98828125,2,59.06,0.19,58.77,0.09,1909,0.98046875,RETURNED
13,219.71,0.21
13,0,256,0.9140625,0,36.4,0.15,36.07,0.18,1908,0.6328125,RETURNED
13,0,256,0.96484375,1,35.75,0.13,35.52,0.1,1907,0.9140625,RETURNED
13,0,256,0.96484375,2,40.76,0.1,36.21,4.44,1909,0.9140625,RETURNED
13,0,256,0.9921875,3,36.59,0.64,35.96,0.0,1914,0.98828125,LOST
13,0,256,0.97265625,4,35.59,0.36,35.15,0.08,1896,0.96484375,RETURNED
13,1,256,0.9140625,0,36.48,0.12,36.28,0.09,1908,0.62109375,RETURNED
13,1,256,0.9375,1,36.2,0.22,35.89,0.09,1907,0.87890625,RETURNED
13,1,256,0.98828125,2,36.73,0.12,36.41,0.2,1909,0.96484375,RETURNED
13,1,256,0.98828125,3,35.88,0.17,35.71,0.0,1914,0.9765625,LOST
13,1,256,0.98828125,4,35.94,0.12,35.7,0.12,1896,0.98046875,RETURNED
13,2,256,0.92578125,0,36.5,0.16,36.28,0.07,1908,0.63671875,RETURNED
13,2,256,0.94921875,1,36.83,0.22,36.09,0.52,1907,0.921875,RETURNED
13,2,256,0.9765625,2,36.7,0.11,36.5,0.09,1909,0.953125,RETURNED
13,2,256,0.9765625,3,36.22,0.37,35.85,0.0,1914,0.97265625,LOST
13,2,256,1.0,4,12.37,0.16,12.21,0.0,619,0.98828125,LOST
13,3,256,0.9296875,0,36.72,0.23,36.37,0.12,1908,0.609375,RETURNED
13,3,256,0.96484375,1,36.32,0.11,36.07,0.15,1907,0.89453125,RETURNED
13,3,256,0.98046875,2,37.04,0.14,36.76,0.15,1909,0.953125,RETURNED
13,3,256,0.98828125,3,36.14,0.15,35.99,0.0,1914,0.984375,LOST
13,3,256,0.98046875,4,36.04,0.09,35.87,0.08,1896,0.98046875,RETURNED
13,4,256,0.9140625,0,36.84,0.11,36.64,0.09,1908,0.62890625,RETURNED
13,4,256,0.953125,1,36.29,0.12,36.03,0.14,1907,0.86328125,RETURNED
13,4,256,0.9609375,2,37.0,0.11,36.81,0.08,1909,0.92578125,RETURNED
13,4,256,0.98828125,3,36.02,0.11,35.92,0.0,1914,0.98046875,LOST
13,4,256,1.0,4,12.43,0.13,12.31,0.0,619,0.98828125,LOST
13,5,256,0.8984375,0,37.75,0.12,37.52,0.12,1908,0.625,RETURNED
13,5,256,0.93359375,1,37.62,0.12,37.41,0.09,1907,0.85546875,RETURNED
13,5,256,0.9765625,2,37.98,0.1,37.81,0.08,1909,0.9296875,RETURNED
13,5,256,0.98828125,3,37.77,0.1,37.67,0.0,1914,0.98046875,LOST
13,5,256,0.98828125,4,37.11,0.13,36.78,0.19,1896,0.98046875,RETURNED
13,6,256,0.87890625,0,35.29,0.38,34.54,0.36,1908,0.62890625,RETURNED
13,6,256,0.8984375,1,34.32,0.12,34.12,0.08,1907,0.6171875,RETURNED
13,6,256,0.94921875,2,34.97,0.16,34.68,0.12,1909,0.91015625,RETURNED
13,6,256,0.96875,3,34.17,0.11,34.07,0.0,1914,0.953125,LOST
13,6,256,0.97265625,4,34.31,0.19,33.99,0.13,1896,0.9765625,RETURNED
13,7,256,0.90234375,0,36.52,0.15,36.29,0.08,1908,0.62109375,RETURNED
13,7,256,0.9453125,1,36.36,0.13,36.07,0.15,1907,0.89453125,RETURNED
13,7,256,0.98046875,2,37.08,0.19,36.7,0.19,1909,0.953125,RETURNED
13,7,256,0.99609375,3,36.35,0.22,36.12,0.0,1914,0.98828125,LOST
13,7,256,0.9921875,4,36.18,0.17,35.93,0.09,1896,0.98046875,RETURNED
13,8,256,0.9140625,0,36.57,0.16,36.27,0.14,1908,0.625,RETURNED
13,8,256,0.96484375,1,35.73,0.12,35.47,0.14,1907,0.9296875,RETURNED
13,8,256,0.984375,2,36.31,0.12,36.09,0.09,1909,0.9609375,RETURNED
13,8,256,0.9921875,3,35.46,0.13,35.33,0.0,1914,0.98828125,LOST
13,8,256,0.98828125,4,35.37,0.1,35.08,0.19,1896,0.98046875,RETURNED
13,9,256,0.91796875,0,39.17,0.16,38.94,0.07,1908,0.6171875,RETURNED
13,9,256,0.96484375,1,38.02,0.19,37.75,0.07,1907,0.8828125,RETURNED
13,9,256,0.98046875,2,39.32,0.11,39.09,0.12,1909,0.953125,RETURNED
13,9,256,0.98828125,3,38.7,0.1,38.6,0.0,1914,0.9765625,LOST
13,9,256,0.98046875,4,37.18,0.17,36.94,0.07,1896,0.9765625,RETURNED
13,10,256,0.8984375,0,37.68,0.13,37.42,0.13,1908,0.6171875,RETURNED
13,10,256,0.94140625,1,36.68,0.15,36.43,0.1,1907,0.8984375,RETURNED
13,10,256,0.98046875,2,37.25,0.43,36.69,0.12,1909,0.94921875,RETURNED
13,10,256,0.98828125,3,35.86,0.12,35.74,0.0,1914,0.98828125,LOST
13,10,256,0.984375,4,35.78,0.23,35.25,0.3,1896,0.984375,RETURNED
13,11,256,0.890625,0,36.07,0.21,35.72,0.13,1908,0.62890625,RETURNED
13,11,256,0.95703125,1,35.69,0.11,35.45,0.14,1907,0.88671875,RETURNED
13,11,256,0.9765625,2,36.44,0.11,36.26,0.07,1909,0.953125,RETURNED
13,11,256,0.98828125,3,35.49,0.1,35.39,0.0,1914,0.97265625,LOST
13,11,256,1.0,4,11.96,0.21,11.75,0.0,619,0.98828125,LOST
13,12,256,0.90234375,0,36.31,0.11,36.1,0.1,1908,0.64453125,RETURNED
13,12,256,0.9609375,1,36.18,0.12,35.97,0.09,1907,0.90234375,RETURNED
13,12,256,0.97265625,2,36.9,0.11,36.6,0.19,1909,0.96484375,RETURNED
13,12,256,0.98828125,3,35.83,0.12,35.72,0.0,1914,0.98046875,LOST
13,12,256,0.98828125,4,35.68,0.32,35.22,0.13,1896,0.9765625,RETURNED
13,13,256,0.91015625,0,35.59,0.14,35.37,0.09,1908,0.625,RETURNED
13,13,256,0.953125,1,35.84,0.11,35.52,0.21,1907,0.921875,RETURNED
13,13,256,0.98828125,2,35.58,0.11,35.38,0.08,1909,0.96484375,RETURNED
13,13,256,0.97265625,3,34.89,0.16,34.72,0.0,1914,0.96484375,LOST
13,13,256,0.98046875,4,34.65,0.13,34.42,0.1,1896,0.97265625,RETURNED
13,14,256,0.890625,0,37.2,0.2,36.82,0.18,1908,0.62890625,RETURNED
13,14,256,0.94140625,1,36.2,0.17,35.82,0.21,1907,0.86328125,RETURNED
13,14,256,0.9765625,2,36.93,0.11,36.74,0.08,1909,0.9609375,RETURNED
13,14,256,0.9921875,3,35.98,0.12,35.87,0.0,1914,0.98828125,LOST
13,14,256,0.984375,4,35.98,0.12,35.7,0.15,1896,0.98828125,RETURNED
13,15,256,0.88671875,0,35.75,0.19,35.43,0.13,1908,0.609375,RETURNED
13,15,256,0.9375,1,35.75,0.17,35.51,0.08,1907,0.88671875,RETURNED
13,15,256,0.97265625,2,36.11,0.14,35.88,0.09,1909,0.953125,RETURNED
13,15,256,0.9921875,3,35.44,0.24,35.2,0.0,1914,0.98828125,LOST
13,15,256,0.9921875,4,35.07,0.14,34.72,0.21,1896,0.984375,RETURNED
14,158.00,0.27
14,0,256,0.91796875,0,33.22,0.22,32.91,0.08,1908,0.62109375,RETURNED
14,0,256,0.94921875,1,33.11,0.16,32.89,0.07,1907,0.87109375,RETURNED
14,0,256,0.94921875,2,32.89,0.11,32.7,0.08,1909,0.92578125,RETURNED
14,0,256,0.984375,3,31.06,0.1,30.96,0.0,1914,0.98046875,LOST
14,1,256,0.90625,0,32.86,0.11,32.68,0.07,1908,0.61328125,RETURNED
14,1,256,0.95703125,1,33.76,0.5,33.1,0.16,1907,0.921875,RETURNED
14,1,256,0.9765625,2,32.84,0.11,32.62,0.11,1909,0.9453125,RETURNED
14,1,256,0.9921875,3,31.15,0.25,30.9,0.0,1914,0.99609375,LOST
14,2,256,0.8984375,0,33.04,0.12,32.85,0.07,1908,0.61328125,RETURNED
14,2,256,0.9453125,1,33.07,0.12,32.87,0.07,1907,0.9140625,RETURNED
14,2,256,0.9609375,2,32.83,0.09,32.63,0.11,1909,0.9375,RETURNED
14,2,256,0.9921875,3,33.48,2.49,30.99,0.0,1914,0.9765625,LOST
14,3,256,0.9140625,0,33.91,0.25,33.49,0.16,1908,0.62890625,RETURNED
14,3,256,0.9296875,1,34.05,0.1,33.81,0.14,1907,0.88671875,RETURNED
14,3,256,0.96875,2,33.71,0.12,33.4,0.19,1909,0.94921875,RETURNED
14,3,256,0.984375,3,31.72,0.12,31.6,0.0,1914,0.9765625,LOST
14,4,256,0.91796875,0,33.24,0.1,32.85,0.29,1908,0.625,RETURNED
14,4,256,0.9609375,1,33.37,0.14,33.0,0.23,1907,0.9140625,RETURNED
14,4,256,0.9765625,2,33.29,0.1,32.84,0.35,1909,0.95703125,RETURNED
14,4,256,1.0,3,3.17,0.11,2.98,0.08,179,0.99609375,RETURNED
14,5,256,0.90234375,0,32.99,0.28,32.65,0.07,1908,0.62890625,RETURNED
14,5,256,0.96484375,1,33.33,0.24,32.85,0.24,1907,0.8515625,RETURNED
14,5,256,0.96484375,2,32.89,0.16,32.64,0.09,1909,0.95703125,RETURNED
14,5,256,0.9921875,3,31.14,0.11,31.02,0.0,1914,0.95703125,LOST
14,6,256,0.91796875,0,32.97,0.16,32.71,0.1,1908,0.640625,RETURNED
14,6,256,0.95703125,1,33.08,0.18,32.81,0.09,1907,0.87890625,RETURNED
14,6,256,0.97265625,2,33.16,0.33,32.71,0.11,1909,0.953125,RETURNED
14,6,256,0.9921875,3,31.21,0.13,31.08,0.0,1914,0.98828125,LOST
14,7,256,0.93359375,0,32.81,0.1,32.6,0.1,1908,0.62109375,RETURNED
14,7,256,0.95703125,1,33.03,0.12,32.79,0.12,1907,0.90625,RETURNED
14,7,256,0.98828125,2,32.95,0.34,32.53,0.08,1909,0.95703125,RETURNED
14,7,256,0.98046875,3,31.4,0.47,30.93,0.0,1914,0.95703125,LOST
14,8,256,0.90625,0,31.36,0.12,31.07,0.17,1908,0.625,RETURNED
14,8,256,0.90234375,1,31.01,0.11,30.79,0.11,1907,0.6171875,RETURNED
14,8,256,0.9609375,2,30.78,0.11,30.53,0.14,1909,0.93359375,RETURNED
14,8,256,0.96875,3,30.86,0.11,30.75,0.0,1914,0.9609375,LOST
14,9,256,0.8984375,0,59.79,0.11,59.54,0.14,1908,0.61328125,RETURNED
14,9,256,0.9609375,1,61.96,0.21,61.6,0.14,1907,0.8984375,RETURNED
14,10,256,0.8984375,0,31.89,0.12,31.5,0.26,1908,0.6328125,RETURNED
14,10,256,0.9609375,1,31.48,0.17,31.22,0.08,1907,0.90234375,RETURNED
14,10,256,0.96484375,2,31.14,0.13,30.9,0.11,1909,0.89453125,RETURNED
14,10,256,0.97265625,3,31.17,0.15,31.02,0.0,1914,0.96484375,LOST
14,11,256,0.8984375,0,31.27,0.12,31.04,0.1,1908,0.62109375,RETURNED
14,11,256,0.96875,1,31.63,0.1,31.32,0.21,1907,0.890625,RETURNED
14,11,256,0.95703125,2,31.38,0.33,30.97,0.09,1909,0.95703125,RETURNED
14,11,256,0.984375,3,31.39,0.2,31.19,0.0,1914,0.9765625,LOST
14,12,256,0.90625,0,62.36,0.18,62.0,0.18,1908,0.625,RETURNED
14,12,256,0.9609375,1,57.76,0.14,57.55,0.08,1907,0.94140625,RETURNED
14,13,256,0.9296875,0,31.17,0.35,30.58,0.24,1908,0.63671875,RETURNED
14,13,256,0.96875,1,31.18,0.14,30.95,0.09,1907,0.92578125,RETURNED
14,13,256,0.99609375,2,30.95,0.3,30.53,0.12,1909,0.921875,RETURNED
14,13,256,0.953125,3,30.87,0.12,30.75,0.0,1914,0.98828125,LOST
14,14,256,0.91015625,0,31.34,0.19,30.53,0.62,1908,0.625,RETURNED
14,14,256,0.953125,1,30.98,0.1,30.79,0.08,1907,0.89453125,RETURNED
14,14,256,0.98828125,2,30.88,0.21,30.49,0.17,1909,0.953125,RETURNED
14,14,256,0.9921875,3,30.84,0.13,30.7,0.0,1914,0.98828125,LOST
14,15,256,0.90625,0,31.85,1.06,30.69,0.1,1908,0.6171875,RETURNED
14,15,256,0.953125,1,31.19,0.11,30.99,0.08,1907,0.90234375,RETURNED
14,15,256,0.99609375,2,30.78,0.11,30.59,0.08,1909,0.96875,RETURNED
14,15,256,0.984375,3,30.99,0.22,30.77,0.0,1914,0.99609375,LOST
15,228.06,0.28
15,0,256,0.8984375,0,35.78,0.12,35.58,0.09,1908,0.640625,RETURNED
15,0,256,0.9296875,1,35.13,0.13,34.9,0.11,1907,0.890625,RETURNED
15,0,256,0.98046875,2,35.77,0.11,35.56,0.1,1909,0.9296875,RETURNED
15,0,256,0.98046875,3,35.3,0.22,35.08,0.0,1914,0.95703125,LOST
15,0,256,0.99609375,4,35.48,0.11,34.81,0.56,1896,0.98828125,RETURNED
15,1,256,0.921875,0,36.13,0.14,35.89,0.1,1908,0.62109375,RETURNED
15,1,256,0.9609375,1,35.03,0.12,34.81,0.09,1907,0.8828125,RETURNED
15,1,256,0.97265625,2,35.95,0.12,35.39,0.44,1909,0.94140625,RETURNED
15,1,256,0.98046875,3,35.42,0.13,35.29,0.0,1914,0.98046875,LOST
15,1,256,0.98828125,4,35.44,0.44,34.86,0.14,1896,0.9765625,RETURNED
15,2,256,0.91015625,0,36.21,0.19,35.94,0.08,1908,0.61328125,RETURNED
15,2,256,0.94921875,1,35.39,0.12,35.19,0.09,1907,0.90234375,RETURNED
15,2,256,0.98828125,2,36.44,0.14,36.21,0.09,1909,0.9453125,RETURNED
15,2,256,0.99609375,3,35.92,0.26,35.67,0.0,1914,0.98828125,LOST
15,2,256,0.9765625,4,35.48,0.17,35.23,0.08,1896,0.98046875,RETURNED
15,3,256,0.91015625,0,36.32,0.13,36.12,0.07,1908,0.6171875,RETURNED
15,3,256,0.94140625,1,35.71,0.19,35.25,0.28,1907,0.875,RETURNED
15,3,256,0.96484375,2,36.38,0.12,36.2,0.07,1909,0.94140625,RETURNED
15,3,256,0.98046875,3,35.94,0.09,35.85,0.0,1914,0.96484375,LOST
15,3,256,0.99609375,4,35.6,0.14,35.3,0.16,1896,0.9921875,RETURNED
15,4,256,0.890625,0,36.69,0.19,36.4,0.11,1908,0.62890625,RETURNED
15,4,256,0.93359375,1,35.75,0.1,35.56,0.08,1907,0.86328125,RETURNED
15,4,256,0.9765625,2,36.65,0.11,36.4,0.15,1909,0.95703125,RETURNED
15,4,256,0.9921875,3,36.24,0.21,36.03,0.0,1914,0.98046875,LOST
15,4,256,0.984375,4,35.68,0.17,35.41,0.09,1896,0.96875,RETURNED
15,5,256,0.90625,0,37.02,0.28,36.58,0.16,1908,0.6171875,RETURNED
15,5,256,0.97265625,1,35.88,0.14,35.57,0.17,1907,0.90234375,RETURNED
15,5,256,0.96875,2,37.15,0.55,36.43,0.16,1909,0.94140625,RETURNED
15,5,256,0.9765625,3,36.21,0.16,36.06,0.0,1914,0.99609375,LOST
15,5,256,0.984375,4,35.76,0.15,35.53,0.08,1896,0.98046875,RETURNED
15,6,256,0.94140625,0,37.09,0.64,36.35,0.1,1908,0.6171875,RETURNED
15,6,256,0.9453125,1,35.85,0.18,35.56,0.12,1907,0.87890625,RETURNED
15,6,256,0.9921875,2,36.54,0.55,35.92,0.07,1909,0.94921875,RETURNED
15,6,256,0.98828125,3,35.57,0.1,35.47,0.0,1914,0.9765625,LOST
15,6,256,0.984375,4,35.61,0.21,35.14,0.27,1896,0.96875,RETURNED
15,7,256,0.90234375,0,37.8,0.12,37.57,0.11,1908,0.62109375,RETURNED
15,7,256,0.96875,1,37.1,0.11,36.82,0.16,1907,0.94140625,RETURNED
15,7,256,0.97265625,2,37.67,0.15,37.43,0.09,1909,0.96875,RETURNED
15,7,256,0.99609375,3,36.98,0.1,36.88,0.0,1914,0.99609375,LOST
15,7,256,0.98828125,4,36.61,0.16,36.33,0.13,1896,0.97265625,RETURNED
15,8,256,0.90625,0,69.01,0.13,68.72,0.16,1908,0.6171875,RETURNED
15,8,256,0.94921875,1,69.61,0.12,69.36,0.14,1907,0.8828125,RETURNED
15,8,256,0.97265625,2,69.9,0.21,69.59,0.1,1909,0.9765625,RETURNED
15,9,256,0.8984375,0,35.32,0.12,35.07,0.13,1908,0.609375,RETURNED
15,9,256,0.89453125,1,34.98,0.13,34.74,0.1,1907,0.6171875,RETURNED
15,9,256,0.95703125,2,35.18,0.28,34.78,0.12,1909,0.921875,RETURNED
15,9,256,0.98046875,3,34.83,0.11,34.73,0.0,1914,0.9609375,LOST
15,9,256,1.0,4,33.56,0.08,33.36,0.11,1836,0.98828125,RETURNED
15,10,256,0.9140625,0,35.5,0.19,35.22,0.08,1908,0.61328125,RETURNED
15,10,256,0.93359375,1,35.12,0.12,34.92,0.08,1907,0.80859375,RETURNED
15,10,256,0.94921875,2,35.34,0.26,34.96,0.12,1909,0.90234375,RETURNED
15,10,256,0.9765625,3,35.11,0.22,34.89,0.0,1914,0.97265625,LOST
15,10,256,0.98046875,4,35.03,0.19,34.72,0.12,1896,0.98828125,RETURNED
15,11,256,0.90234375,0,68.76,0.18,68.45,0.13,1908,0.6171875,RETURNED
15,11,256,0.96875,1,69.8,0.11,69.57,0.12,1907,0.9140625,RETURNED
15,11,256,0.98046875,2,70.02,0.31,69.48,0.23,1909,0.97265625,RETURNED
15,12,256,0.8984375,0,37.11,0.23,36.81,0.07,1908,0.6171875,RETURNED
15,12,256,0.96875,1,36.72,0.14,36.41,0.17,1907,0.90625,RETURNED
15,12,256,0.96484375,2,36.89,0.21,36.56,0.12,1909,0.94140625,RETURNED
15,12,256,0.99609375,3,36.73,0.13,36.61,0.0,1914,0.9921875,LOST
15,12,256,0.984375,4,37.3,0.2,36.25,0.86,1896,0.96875,RETURNED
15,13,256,0.921875,0,34.61,0.12,34.4,0.09,1908,0.6171875,RETURNED
15,13,256,0.95703125,1,34.58,0.18,33.96,0.44,1907,0.90625,RETURNED
15,13,256,0.98046875,2,34.5,0.2,34.08,0.22,1909,0.94921875,RETURNED
15,13,256,0.98046875,3,34.24,0.23,34.0,0.0,1914,0.98046875,LOST
15,13,256,0.9921875,4,34.07,0.14,33.8,0.13,1896,0.98828125,RETURNED
15,14,256,0.92578125,0,69.44,0.23,68.69,0.52,1908,0.63671875,RETURNED
15,14,256,0.96484375,1,68.87,0.19,68.46,0.21,1907,0.96484375,RETURNED
15,14,256,0.984375,2,67.32,0.13,67.05,0.14,1909,0.98046875,RETURNED
15,15,256,0.921875,0,69.12,0.1,68.93,0.09,1908,0.6328125,RETURNED
15,15,256,0.96484375,1,68.59,0.09,68.4,0.1,1907,0.94140625,RETURNED
15,15,256,0.98046875,2,67.6,0.19,67.25,0.15,1909,0.97265625,RETURNED
16,186.49,0.31
16,0,256,0.91015625,0,35.94,0.73,35.12,0.08,1908,0.6171875,RETURNED
16,0,256,0.96484375,1,35.35,0.38,34.88,0.09,1907,0.91015625,RETURNED
16,0,256,0.9765625,2,35.88,0.11,35.64,0.13,1909,0.93359375,RETURNED
16,0,256,0.9765625,3,35.41,0.17,35.24,0.0,1914,0.96875,LOST
16,1,256,0.91015625,0,35.42,0.31,35.01,0.11,1908,0.625,RETURNED
16,1,256,0.9453125,1,35.43,0.14,35.09,0.21,1907,0.828125,RETURNED
16,1,256,0.9765625,2,35.91,0.12,35.62,0.17,1909,0.9453125,RETURNED
16,1,256,0.99609375,3,35.36,0.12,35.24,0.0,1914,0.9765625,LOST
16,2,256,0.91796875,0,36.16,0.27,35.74,0.15,1908,0.609375,RETURNED
16,2,256,0.95703125,1,36.25,0.26,35.85,0.14,1907,0.91015625,RETURNED
16,2,256,0.97265625,2,36.59,0.19,36.28,0.12,1909,0.96484375,RETURNED
16,2,256,0.99609375,3,35.88,0.1,35.79,0.0,1914,0.98828125,LOST
16,3,256,0.91015625,0,36.16,0.36,35.71,0.08,1908,0.62890625,RETURNED
16,3,256,0.95703125,1,36.03,0.11,35.81,0.11,1907,0.86328125,RETURNED
16,3,256,0.96484375,2,36.9,0.12,36.62,0.16,1909,0.9453125,RETURNED
16,3,256,0.98046875,3,36.27,0.23,36.04,0.0,1914,0.984375,LOST
16,4,256,0.91015625,0,36.27,0.16,35.99,0.13,1908,0.625,RETURNED
16,4,256,0.96875,1,35.85,0.13,35.65,0.07,1907,0.90625,RETURNED
16,4,256,0.98828125,2,36.46,0.1,36.14,0.21,1909,0.96484375,RETURNED
16,4,256,0.98828125,3,35.77,0.29,35.48,0.0,1914,0.984375,LOST
16,5,256,0.8984375,0,37.76,0.12,37.52,0.12,1908,0.6171875,RETURNED
16,5,256,0.9375,1,37.89,0.16,37.59,0.13,1907,0.91796875,RETURNED
16,5,256,0.96875,2,38.72,0.18,38.36,0.18,1909,0.953125,RETURNED
16,5,256,0.98828125,3,37.07,0.19,36.87,0.0,1914,0.9765625,LOST
16,6,256,0.921875,0,37.13,0.13,36.42,0.57,1908,0.61328125,RETURNED
16,6,256,0.953125,1,36.66,0.14,36.39,0.12,1907,0.91796875,RETURNED
16,6,256,0.984375,2,37.2,0.18,36.75,0.27,1909,0.96875,RETURNED
16,6,256,0.9921875,3,36.22,0.09,36.13,0.0,1914,0.984375,LOST
16,7,256,0.9140625,0,37.14,0.45,36.58,0.1,1908,0.62109375,RETURNED
16,7,256,0.9765625,1,36.69,0.15,36.37,0.17,1907,0.9140625,RETURNED
16,7,256,0.96875,2,37.01,0.15,36.66,0.2,1909,0.9375,RETURNED
16,7,256,0.9765625,3,36.38,0.25,36.12,0.0,1914,0.96484375,LOST
16,8,256,0.90234375,0,33.29,0.11,33.09,0.09,1908,0.6328125,RETURNED
16,8,256,0.953125,1,32.99,0.17,32.59,0.23,1907,0.921875,RETURNED
16,8,256,0.94921875,2,33.33,0.11,33.08,0.14,1909,0.91796875,RETURNED
16,8,256,0.99609375,3,32.63,0.18,32.45,0.0,1914,0.9765625,LOST
16,9,256,0.890625,0,33.47,0.11,32.75,0.61,1908,0.63671875,RETURNED
16,9,256,0.93359375,1,32.74,0.18,32.42,0.14,1907,0.91015625,RETURNED
16,9,256,0.9765625,2,33.48,0.46,32.8,0.22,1909,0.94921875,RETURNED
16,9,256,0.984375,3,32.48,0.15,32.33,0.0,1914,0.97265625,LOST
16,10,256,0.90625,0,33.63,0.16,33.22,0.25,1908,0.61328125,RETURNED
16,10,256,0.953125,1,33.06,0.12,32.86,0.07,1907,0.91796875,RETURNED
16,10,256,0.984375,2,33.58,0.17,33.31,0.09,1909,0.96484375,RETURNED
16,10,256,0.98828125,3,32.81,0.12,32.69,0.0,1914,0.97265625,LOST
16,11,256,0.88671875,0,33.04,0.09,32.86,0.09,1908,0.609375,RETURNED
16,11,256,0.953125,1,32.69,0.12,32.46,0.11,1907,0.88671875,RETURNED
16,11,256,0.97265625,2,33.21,0.12,32.91,0.18,1909,0.921875,RETURNED
16,11,256,0.96875,3,32.64,0.17,32.48,0.0,1914,0.94140625,LOST
16,11,256,0.9921875,4,30.42,0.24,30.11,0.07,1896,0.98828125,RETURNED
16,12,256,0.91796875,0,34.03,0.62,33.19,0.22,1908,0.62109375,RETURNED
16,12,256,0.9453125,1,33.0,0.13,32.68,0.19,1907,0.8828125,RETURNED
16,12,256,0.984375,2,33.43,0.1,33.17,0.16,1909,0.9765625,RETURNED
16,12,256,1.0,3,31.17,0.09,30.98,0.1,1797,0.984375,RETURNED
16,13,256,0.90625,0,33.49,0.33,32.94,0.23,1908,0.62109375,RETURNED
16,13,256,0.953125,1,32.82,0.22,32.51,0.1,1907,0.91015625,RETURNED
16,13,256,0.97265625,2,33.15,0.17,32.9,0.09,1909,0.94921875,RETURNED
16,13,256,0.9765625,3,32.61,0.11,32.5,0.0,1914,0.96484375,LOST
16,14,256,0.91015625,0,33.63,0.26,33.24,0.14,1908,0.62109375,RETURNED
16,14,256,0.9453125,1,33.05,0.28,32.64,0.13,1907,0.91015625,RETURNED
16,14,256,0.96875,2,33.44,0.27,33.06,0.12,1909,0.9453125,RETURNED
16,14,256,0.9765625,3,32.82,0.18,32.64,0.0,1914,0.97265625,LOST
16,15,256,0.90234375,0,33.33,0.1,33.14,0.09,1908,0.6328125,RETURNED
16,15,256,0.9453125,1,33.17,0.23,32.54,0.4,1907,0.91015625,RETURNED
16,15,256,0.9765625,2,33.54,0.25,33.17,0.12,1909,0.95703125,RETURNED
16,15,256,0.99609375,3,32.72,0.1,32.62,0.0,1914,0.9765625,LOST
