0,140.81,1.96
0,0,256,0.97265625,0,33.48,0.16,33.14,0.18,1908,0.9296875,RETURNED
0,0,256,0.984375,1,33.6,0.12,33.39,0.08,1907,0.96875,RETURNED
0,0,256,0.9921875,2,33.15,0.13,32.95,0.07,1909,0.984375,RETURNED
0,1,256,0.97265625,0,33.79,0.13,33.53,0.13,1908,0.92578125,RETURNED
0,1,256,0.99609375,1,33.98,0.12,33.79,0.07,1907,0.98046875,RETURNED
0,1,256,1.0,2,30.11,0.12,29.8,0.19,1711,0.9921875,RETURNED
0,2,256,0.9765625,0,33.58,0.12,33.36,0.1,1908,0.9140625,RETURNED
0,2,256,0.98828125,1,33.96,0.1,33.75,0.12,1907,0.97265625,RETURNED
0,2,256,0.9921875,2,32.96,0.12,32.66,0.18,1909,0.98046875,RETURNED
0,3,256,0.98046875,0,33.76,0.11,33.46,0.19,1908,0.9375,RETURNED
0,3,256,0.96875,1,34.05,0.16,33.7,0.18,1907,0.9375,RETURNED
0,3,256,1.0,2,16.4,0.18,16.15,0.07,923,0.98828125,RETURNED
0,4,256,0.96875,0,33.93,0.09,33.62,0.22,1908,0.94140625,RETURNED
0,4,256,0.9921875,1,33.77,0.11,33.59,0.07,1907,0.9765625,RETURNED
0,4,256,0.99609375,2,32.97,0.1,32.79,0.08,1909,0.9921875,RETURNED
0,5,256,0.9765625,0,33.88,0.09,33.72,0.07,1908,0.92578125,RETURNED
0,5,256,0.98828125,1,34.48,0.25,33.94,0.28,1907,0.9765625,RETURNED
0,5,256,0.99609375,2,33.05,0.11,32.6,0.34,1909,0.984375,RETURNED
0,6,256,0.9765625,0,33.84,0.17,33.59,0.08,1908,0.9140625,RETURNED
0,6,256,0.9921875,1,33.75,0.14,33.52,0.1,1907,0.984375,RETURNED
0,6,256,0.9921875,2,33.38,0.11,33.15,0.13,1909,0.9765625,RETURNED
0,7,256,0.984375,0,37.71,0.16,37.44,0.11,1908,0.921875,RETURNED
0,7,256,0.984375,1,38.38,0.12,38.18,0.08,1907,0.98046875,RETURNED
0,7,256,0.9921875,2,37.51,0.11,37.34,0.07,1909,0.9921875,RETURNED
0,8,256,0.96484375,0,36.17,0.13,35.95,0.09,1908,0.8984375,RETURNED
0,8,256,0.99609375,1,36.24,0.12,35.98,0.14,1907,0.98046875,RETURNED
0,8,256,0.99609375,2,35.86,0.11,35.68,0.07,1909,0.984375,RETURNED
0,9,256,0.9765625,0,35.45,0.15,35.22,0.09,1908,0.921875,RETURNED
0,9,256,0.9921875,1,35.67,0.12,35.44,0.11,1907,0.9765625,RETURNED
0,9,256,0.99609375,2,35.95,0.11,35.64,0.19,1909,0.98828125,RETURNED
0,10,256,0.984375,0,35.78,0.12,35.59,0.07,1908,0.921875,RETURNED
0,10,256,0.984375,1,36.17,0.14,35.91,0.13,1907,0.984375,RETURNED
0,10,256,0.99609375,2,36.06,0.21,35.68,0.17,1909,0.9921875,RETURNED
0,11,256,0.96484375,0,35.39,0.2,35.09,0.1,1908,0.93359375,RETURNED
0,11,256,0.9921875,1,35.75,0.14,35.5,0.1,1907,0.97265625,RETURNED
0,11,256,1.0,2,17.44,0.17,17.19,0.08,923,0.9921875,RETURNED
0,12,256,0.984375,0,35.45,0.14,35.19,0.12,1908,0.92578125,RETURNED
0,12,256,0.98828125,1,35.94,0.35,35.46,0.14,1907,0.984375,RETURNED
0,12,256,0.99609375,2,35.7,0.13,35.28,0.29,1909,0.9921875,RETURNED
0,13,256,0.9609375,0,36.54,0.1,36.36,0.08,1908,0.91015625,RETURNED
0,13,256,0.9921875,1,36.75,0.11,36.57,0.08,1907,0.98828125,RETURNED
0,13,256,0.984375,2,36.55,0.21,36.24,0.11,1909,0.9921875,RETURNED
0,14,256,0.97265625,0,35.95,0.19,35.65,0.11,1908,0.92578125,RETURNED
0,14,256,0.984375,1,36.17,0.2,35.87,0.09,1907,0.984375,RETURNED
0,14,256,0.99609375,2,35.67,0.12,35.47,0.08,1909,0.98828125,RETURNED
0,15,256,0.96875,0,30.33,0.11,30.01,0.21,1908,0.921875,RETURNED
0,15,256,0.9765625,1,30.36,0.28,30.01,0.07,1907,0.95703125,RETURNED
0,15,256,0.98828125,2,30.29,0.19,30.01,0.1,1909,0.9765625,RETURNED
1,267.51,0.18
1,0,256,0.89453125,0,33.51,0.12,33.26,0.14,1908,0.6171875,RETURNED
1,0,256,0.91796875,1,32.96,0.1,32.76,0.1,1907,0.8046875,RETURNED
1,0,256,0.96875,2,31.85,0.12,31.65,0.08,1909,0.92578125,RETURNED
1,0,256,0.984375,3,30.59,0.11,30.48,0.0,1914,0.9765625,LOST
1,0,256,0.98046875,4,30.66,0.26,30.32,0.08,1896,0.96875,RETURNED
1,0,256,0.97265625,5,30.98,0.35,30.62,0.0,1922,0.9921875,LOST
1,0,256,0.99609375,6,30.44,0.14,30.17,0.14,1889,0.9921875,RETURNED
1,0,256,1.0,7,12.28,0.12,11.99,0.17,757,0.99609375,RETURNED
1,1,256,0.88671875,0,31.15,0.11,30.91,0.13,1908,0.61328125,RETURNED
1,1,256,0.9453125,1,30.68,0.1,30.48,0.1,1907,0.91015625,RETURNED
1,1,256,0.9609375,2,31.26,0.27,30.68,0.3,1909,0.953125,RETURNED
1,1,256,0.984375,3,30.6,0.09,30.51,0.0,1914,0.9765625,LOST
1,1,256,0.9765625,4,30.78,0.16,30.49,0.13,1896,0.9765625,RETURNED
1,1,256,0.98828125,5,30.82,0.13,30.69,0.0,1922,0.984375,LOST
1,1,256,0.99609375,6,30.69,0.29,30.32,0.09,1889,0.98828125,RETURNED
1,1,256,1.0,7,25.28,0.11,25.1,0.07,1573,0.99609375,RETURNED
1,2,256,0.92578125,0,31.11,0.1,30.91,0.09,1908,0.6171875,RETURNED
1,2,256,0.94140625,1,30.86,0.14,30.44,0.29,1907,0.9140625,RETURNED
1,2,256,0.9765625,2,30.96,0.25,30.56,0.14,1909,0.96875,RETURNED
1,2,256,0.98828125,3,30.85,0.29,30.56,0.0,1914,0.9609375,LOST
1,2,256,0.9921875,4,30.66,0.2,30.39,0.08,1896,0.984375,RETURNED
1,2,256,0.984375,5,30.84,0.14,30.7,0.0,1922,0.98046875,LOST
1,2,256,0.9921875,6,30.44,0.09,30.23,0.12,1889,0.98046875,RETURNED
1,2,256,1.0,7,23.71,0.13,23.33,0.26,1457,0.9921875,RETURNED
1,3,256,0.91796875,0,31.11,0.1,30.93,0.07,1908,0.609375,RETURNED
1,3,256,0.9765625,1,30.65,0.09,30.4,0.16,1907,0.93359375,RETURNED
1,3,256,0.9609375,2,31.01,0.13,30.63,0.25,1909,0.90625,RETURNED
1,3,256,0.96875,3,30.6,0.15,30.45,0.0,1914,0.96484375,LOST
1,3,256,0.984375,4,30.7,0.1,30.37,0.23,1896,0.98046875,RETURNED
1,3,256,0.98046875,5,30.73,0.11,30.62,0.0,1922,0.984375,LOST
1,3,256,0.984375,6,30.53,0.19,30.26,0.08,1889,0.98046875,RETURNED
1,3,256,1.0,7,28.88,0.24,28.56,0.07,1798,0.98046875,RETURNED
1,4,256,0.91015625,0,31.08,0.12,30.88,0.08,1908,0.62109375,RETURNED
1,4,256,0.96875,1,30.88,0.11,30.45,0.33,1907,0.93359375,RETURNED
1,4,256,0.9609375,2,30.81,0.1,30.63,0.08,1909,0.9140625,RETURNED
1,4,256,0.96875,3,30.64,0.1,30.54,0.0,1914,0.9453125,LOST
1,4,256,0.9765625,4,30.72,0.25,30.37,0.11,1896,0.984375,RETURNED
1,4,256,0.98828125,5,30.84,0.12,30.72,0.0,1922,0.97265625,LOST
1,4,256,0.9921875,6,30.51,0.13,30.31,0.07,1889,0.98046875,RETURNED
1,4,256,0.99609375,7,30.35,0.22,29.96,0.17,1882,0.9921875,RETURNED
1,5,256,0.890625,0,31.29,0.11,30.96,0.22,1908,0.625,RETURNED
1,5,256,0.953125,1,30.98,0.53,30.38,0.07,1907,0.921875,RETURNED
1,5,256,0.9765625,2,31.01,0.27,30.6,0.14,1909,0.9609375,RETURNED
1,5,256,0.96875,3,30.64,0.11,30.52,0.0,1914,0.97265625,LOST
1,5,256,0.984375,4,30.54,0.1,30.36,0.07,1896,0.984375,RETURNED
1,5,256,0.984375,5,30.89,0.19,30.7,0.0,1922,0.98046875,LOST
1,5,256,0.9921875,6,30.52,0.11,30.28,0.13,1889,0.9921875,RETURNED
1,5,256,1.0,7,8.66,0.12,8.46,0.08,533,0.99609375,RETURNED
1,6,256,0.91015625,0,34.39,0.16,33.89,0.34,1908,0.60546875,RETURNED
1,6,256,0.94140625,1,33.53,0.2,33.25,0.07,1907,0.91015625,RETURNED
1,6,256,0.96484375,2,34.11,0.11,33.76,0.23,1909,0.94921875,RETURNED
1,6,256,0.9921875,3,33.96,0.29,33.68,0.0,1914,0.97265625,LOST
1,6,256,0.984375,4,34.28,0.16,34.0,0.12,1896,0.96484375,RETURNED
1,6,256,0.98828125,5,33.68,0.1,33.57,0.0,1922,0.984375,LOST
1,6,256,0.9921875,6,33.65,0.21,33.32,0.11,1889,0.984375,RETURNED
1,7,256,0.9140625,0,33.71,0.2,33.41,0.09,1908,0.625,RETURNED
1,7,256,0.9609375,1,33.61,0.11,33.28,0.22,1907,0.9140625,RETURNED
1,7,256,0.97265625,2,33.97,0.11,33.78,0.08,1909,0.96484375,RETURNED
1,7,256,0.98046875,3,33.74,0.19,33.56,0.0,1914,0.97265625,LOST
1,7,256,0.9921875,4,33.82,0.2,33.48,0.13,1896,0.984375,RETURNED
1,7,256,0.984375,5,33.77,0.36,33.41,0.0,1922,0.984375,LOST
1,7,256,0.9921875,6,33.59,0.21,33.25,0.14,1889,0.98046875,RETURNED
1,8,256,0.89453125,0,34.13,0.15,33.91,0.08,1908,0.625,RETURNED
1,8,256,0.95703125,1,33.85,0.29,33.46,0.11,1907,0.91796875,RETURNED
1,8,256,0.98046875,2,34.15,0.1,33.93,0.12,1909,0.95703125,RETURNED
1,8,256,0.9921875,3,33.82,0.1,33.72,0.0,1914,0.9765625,LOST
1,8,256,0.97265625,4,34.48,0.16,34.24,0.08,1896,0.96484375,RETURNED
1,8,256,0.9921875,5,33.53,0.15,33.38,0.0,1922,0.9921875,LOST
1,8,256,0.99609375,6,33.95,0.31,33.46,0.19,1889,0.9921875,RETURNED
1,9,256,0.9140625,0,33.78,0.12,33.6,0.06,1908,0.62109375,RETURNED
1,9,256,0.96875,1,33.25,0.13,32.97,0.15,1907,0.9140625,RETURNED
1,9,256,0.96875,2,34.29,0.29,33.84,0.17,1909,0.9453125,RETURNED
1,9,256,0.99609375,3,33.37,0.27,33.1,0.0,1914,0.96875,LOST
1,9,256,0.984375,4,34.0,0.17,33.74,0.09,1896,0.98046875,RETURNED
1,9,256,0.98828125,5,33.59,0.18,33.41,0.0,1922,0.984375,LOST
1,9,256,0.99609375,6,33.78,0.18,33.43,0.17,1889,0.9921875,RETURNED
1,10,256,0.90234375,0,33.89,0.14,33.67,0.08,1908,0.62109375,RETURNED
1,10,256,0.95703125,1,33.42,0.1,33.24,0.08,1907,0.921875,RETURNED
1,10,256,0.98046875,2,34.48,0.14,34.08,0.26,1909,0.98046875,RETURNED
1,10,256,0.984375,3,33.66,0.1,33.56,0.0,1914,0.98046875,LOST
1,10,256,0.98828125,4,34.23,0.17,33.9,0.17,1896,0.97265625,RETURNED
1,10,256,0.9921875,5,33.6,0.11,33.49,0.0,1922,0.98828125,LOST
1,10,256,0.99609375,6,33.61,0.12,33.31,0.18,1889,0.9921875,RETURNED
1,11,256,0.91796875,0,33.84,0.2,33.55,0.09,1908,0.6171875,RETURNED
1,11,256,0.93359375,1,33.72,0.29,33.32,0.11,1907,0.8828125,RETURNED
1,11,256,0.9765625,2,34.11,0.14,33.86,0.11,1909,0.9765625,RETURNED
1,11,256,0.9921875,3,33.43,0.11,33.32,0.0,1914,0.98046875,LOST
1,11,256,0.98046875,4,34.13,0.28,33.72,0.13,1896,0.984375,RETURNED
1,11,256,0.984375,5,33.99,0.19,33.8,0.0,1922,0.9921875,LOST
1,11,256,0.9921875,6,33.71,0.3,33.24,0.17,1889,0.98046875,RETURNED
1,12,256,0.921875,0,34.0,0.19,33.74,0.07,1908,0.625,RETURNED
1,12,256,0.93359375,1,33.21,0.11,32.98,0.12,1907,0.8828125,RETURNED
1,12,256,0.984375,2,34.25,0.09,34.05,0.12,1909,0.96484375,RETURNED
1,12,256,0.9765625,3,33.59,0.19,33.4,0.0,1914,0.96484375,LOST
1,12,256,0.98046875,4,34.02,0.28,33.66,0.07,1896,0.9765625,RETURNED
1,12,256,0.9921875,5,33.94,0.2,33.74,0.0,1922,0.9921875,LOST
1,12,256,0.99609375,6,33.82,0.63,33.09,0.09,1889,0.984375,RETURNED
1,13,256,0.92578125,0,35.13,0.11,34.95,0.07,1908,0.625,RETURNED
1,13,256,0.96484375,1,34.95,0.12,34.75,0.08,1907,0.9140625,RETURNED
1,13,256,0.95703125,2,35.04,0.11,34.86,0.08,1909,0.94140625,RETURNED
1,13,256,0.984375,3,35.2,0.19,35.01,0.0,1914,0.98046875,LOST
1,13,256,0.9921875,4,34.82,0.12,34.64,0.07,1896,0.98046875,RETURNED
1,13,256,0.9921875,5,35.38,0.24,35.14,0.0,1922,0.9921875,LOST
1,13,256,0.984375,6,34.61,0.12,34.36,0.12,1889,0.984375,RETURNED
1,14,256,0.90625,0,35.47,0.16,35.23,0.09,1908,0.6328125,RETURNED
1,14,256,0.95703125,1,35.46,0.12,35.15,0.19,1907,0.921875,RETURNED
1,14,256,0.9765625,2,35.41,0.16,35.18,0.08,1909,0.96484375,RETURNED
1,14,256,0.98828125,3,35.2,0.21,34.99,0.0,1914,0.984375,LOST
1,14,256,0.984375,4,35.11,0.13,34.77,0.21,1896,0.9765625,RETURNED
1,14,256,0.98046875,5,35.48,0.17,35.31,0.0,1922,0.9921875,LOST
1,14,256,1.0,6,15.17,0.09,14.82,0.26,810,0.98828125,RETURNED
1,15,256,0.94140625,0,34.79,0.14,34.52,0.13,1908,0.62890625,RETURNED
1,15,256,0.9453125,1,34.66,0.11,34.48,0.08,1907,0.91015625,RETURNED
1,15,256,0.96875,2,34.81,0.13,34.6,0.09,1909,0.93359375,RETURNED
1,15,256,0.99609375,3,34.7,0.11,34.6,0.0,1914,0.9765625,LOST
1,15,256,0.98046875,4,34.63,0.16,34.33,0.14,1896,0.97265625,RETURNED
1,15,256,0.984375,5,34.97,0.19,34.78,0.0,1922,0.984375,LOST
1,15,256,0.99609375,6,34.26,0.13,33.99,0.14,1889,0.9921875,RETURNED
2,221.63,0.17
2,0,256,0.921875,0,35.01,0.12,34.72,0.18,1908,0.625,RETURNED
2,0,256,0.9375,1,35.33,0.14,35.12,0.07,1907,0.875,RETURNED
2,0,256,0.97265625,2,34.75,0.14,34.52,0.09,1909,0.94921875,RETURNED
2,0,256,0.98046875,3,35.83,0.19,35.64,0.0,1914,0.97265625,LOST
2,0,256,0.99609375,4,35.15,0.16,34.81,0.18,1896,0.9921875,RETURNED
2,1,256,0.921875,0,35.53,0.15,35.2,0.18,1908,0.625,RETURNED
2,1,256,0.9296875,1,35.63,0.1,35.41,0.12,1907,0.875,RETURNED
2,1,256,0.98828125,2,35.11,0.1,34.82,0.18,1909,0.95703125,RETURNED
2,1,256,0.9921875,3,35.92,0.11,35.81,0.0,1914,0.98828125,LOST
2,1,256,0.99609375,4,35.3,0.12,35.07,0.11,1896,0.98046875,RETURNED
2,2,256,0.88671875,0,36.73,0.11,36.54,0.08,1908,0.61328125,RETURNED
2,2,256,0.96484375,1,36.88,0.12,36.46,0.3,1907,0.90234375,RETURNED
2,2,256,0.98046875,2,36.25,0.29,35.89,0.07,1909,0.96484375,RETURNED
2,2,256,0.9921875,3,37.28,0.1,37.18,0.0,1914,0.98046875,LOST
2,2,256,0.9765625,4,36.44,0.19,36.17,0.08,1896,0.98046875,RETURNED
2,3,256,0.8984375,0,35.8,0.12,35.58,0.09,1908,0.625,RETURNED
2,3,256,0.92578125,1,36.03,0.14,35.77,0.11,1907,0.8671875,RETURNED
2,3,256,0.9765625,2,35.74,0.32,35.3,0.12,1909,0.95703125,RETURNED
2,3,256,0.98828125,3,36.26,0.09,36.17,0.0,1914,0.98046875,LOST
2,3,256,0.97265625,4,35.55,0.12,35.35,0.09,1896,0.9765625,RETURNED
2,4,256,0.91796875,0,36.17,0.57,35.47,0.13,1908,0.625,RETURNED
2,4,256,0.953125,1,36.37,0.12,36.13,0.12,1907,0.9140625,RETURNED
2,4,256,0.98046875,2,35.49,0.12,35.18,0.18,1909,0.9609375,RETURNED
2,4,256,0.98828125,3,36.37,0.1,36.27,0.0,1914,0.984375,LOST
2,4,256,0.98828125,4,36.06,0.12,35.75,0.19,1896,0.98046875,RETURNED
2,5,256,0.90625,0,35.4,0.31,34.99,0.1,1908,0.63671875,RETURNED
2,5,256,0.953125,1,35.61,0.21,35.32,0.08,1907,0.84765625,RETURNED
2,5,256,0.984375,2,35.3,0.11,34.82,0.37,1909,0.953125,RETURNED
2,5,256,0.9921875,3,36.48,0.16,36.32,0.0,1914,0.984375,LOST
2,5,256,0.98828125,4,35.08,0.17,34.82,0.09,1896,0.984375,RETURNED
2,6,256,0.8984375,0,35.81,0.19,35.48,0.15,1908,0.6171875,RETURNED
2,6,256,0.9453125,1,35.97,0.14,35.71,0.12,1907,0.85546875,RETURNED
2,6,256,0.96484375,2,35.5,0.13,35.26,0.12,1909,0.953125,RETURNED
2,6,256,0.9921875,3,36.5,0.09,36.41,0.0,1914,0.98828125,LOST
2,6,256,0.9921875,4,35.66,0.14,35.42,0.11,1896,0.984375,RETURNED
2,7,256,0.90234375,0,35.55,0.12,35.36,0.07,1908,0.62890625,RETURNED
2,7,256,0.95703125,1,35.8,0.1,35.48,0.22,1907,0.90234375,RETURNED
2,7,256,0.9765625,2,35.53,0.24,35.18,0.12,1909,0.953125,RETURNED
2,7,256,0.9921875,3,36.33,0.09,36.24,0.0,1914,0.98828125,LOST
2,7,256,0.984375,4,35.92,0.11,35.74,0.08,1896,0.9765625,RETURNED
2,8,256,0.8984375,0,33.2,0.18,32.9,0.12,1908,0.625,RETURNED
2,8,256,0.94140625,1,33.53,0.11,33.24,0.18,1907,0.89453125,RETURNED
2,8,256,0.97265625,2,32.85,0.12,32.63,0.1,1909,0.95703125,RETURNED
2,8,256,0.9921875,3,33.67,0.09,33.58,0.0,1914,0.98046875,LOST
2,8,256,0.99609375,4,32.8,0.09,32.61,0.09,1896,0.98046875,RETURNED
2,8,256,0.98828125,5,31.16,0.22,30.95,0.0,1922,0.98828125,LOST
2,9,256,0.890625,0,32.99,0.13,32.78,0.09,1908,0.62109375,RETURNED
2,9,256,0.95703125,1,33.45,0.13,33.16,0.16,1907,0.87890625,RETURNED
2,9,256,0.953125,2,32.92,0.12,32.64,0.15,1909,0.94921875,RETURNED
2,9,256,0.9921875,3,33.39,0.09,33.3,0.0,1914,0.98046875,LOST
2,9,256,0.9921875,4,32.63,0.12,32.39,0.12,1896,0.984375,RETURNED
2,9,256,0.98828125,5,31.06,0.26,30.8,0.0,1922,0.98828125,LOST
2,10,256,0.90234375,0,33.27,0.16,33.01,0.1,1908,0.6171875,RETURNED
2,10,256,0.93359375,1,33.62,0.09,33.34,0.18,1907,0.86328125,RETURNED
2,10,256,0.98046875,2,33.27,0.34,32.77,0.16,1909,0.9609375,RETURNED
2,10,256,0.98828125,3,33.59,0.12,33.46,0.0,1914,0.98046875,LOST
2,10,256,0.984375,4,32.88,0.12,32.67,0.08,1896,0.98046875,RETURNED
2,11,256,0.89453125,0,33.38,0.14,33.01,0.23,1908,0.62890625,RETURNED
2,11,256,0.95703125,1,33.88,0.09,33.69,0.1,1907,0.90234375,RETURNED
2,11,256,0.98046875,2,33.22,0.11,32.93,0.18,1909,0.95703125,RETURNED
2,11,256,0.98828125,3,33.7,0.11,33.59,0.0,1914,0.98046875,LOST
2,11,256,0.9921875,4,32.89,0.23,32.58,0.08,1896,0.984375,RETURNED
2,12,256,0.90234375,0,32.88,0.12,32.67,0.09,1908,0.6171875,RETURNED
2,12,256,0.953125,1,33.3,0.1,33.09,0.11,1907,0.8671875,RETURNED
2,12,256,0.96875,2,32.62,0.11,32.35,0.17,1909,0.9296875,RETURNED
2,12,256,0.98828125,3,33.13,0.13,33.0,0.0,1914,0.9765625,LOST
2,12,256,0.99609375,4,32.56,0.2,32.28,0.08,1896,0.98046875,RETURNED
2,12,256,0.9921875,5,30.81,0.14,30.66,0.0,1922,0.99609375,LOST
2,13,256,0.89453125,0,32.99,0.2,32.72,0.08,1908,0.60546875,RETURNED
2,13,256,0.95703125,1,33.53,0.14,33.15,0.23,1907,0.875,RETURNED
2,13,256,0.96484375,2,32.75,0.21,32.44,0.09,1909,0.93359375,RETURNED
2,13,256,0.9609375,3,33.34,0.14,33.21,0.0,1914,0.95703125,LOST
2,13,256,0.98046875,4,32.65,0.15,32.42,0.08,1896,0.9765625,RETURNED
2,13,256,0.9921875,5,30.89,0.11,30.78,0.0,1922,0.984375,LOST
2,14,256,0.9140625,0,32.9,0.11,32.71,0.08,1908,0.6328125,RETURNED
2,14,256,0.96484375,1,33.36,0.13,33.12,0.1,1907,0.91015625,RETURNED
2,14,256,0.9765625,2,32.61,0.13,32.39,0.09,1909,0.9453125,RETURNED
2,14,256,0.984375,3,33.27,0.1,33.17,0.0,1914,0.96875,LOST
2,14,256,0.984375,4,32.45,0.14,32.22,0.09,1896,0.98046875,RETURNED
2,14,256,1.0,5,1.98,0.16,1.74,0.08,106,0.98828125,RETURNED
2,15,256,0.91796875,0,32.9,0.16,32.61,0.13,1908,0.625,RETURNED
2,15,256,0.94140625,1,33.34,0.17,32.92,0.25,1907,0.859375,RETURNED
2,15,256,0.98046875,2,32.57,0.18,32.27,0.13,1909,0.94921875,RETURNED
2,15,256,0.98046875,3,33.32,0.28,33.04,0.0,1914,0.94921875,LOST
2,15,256,0.98828125,4,32.44,0.15,32.2,0.09,1896,0.9765625,RETURNED
2,15,256,0.9921875,5,30.97,0.37,30.6,0.0,1922,0.984375,LOST
3,266.87,0.18
3,0,256,0.890625,0,36.25,0.27,35.87,0.12,1908,0.61328125,RETURNED
3,0,256,0.95703125,1,37.11,0.11,36.84,0.17,1907,0.8828125,RETURNED
3,0,256,0.97265625,2,36.18,0.17,35.87,0.14,1909,0.9296875,RETURNED
3,0,256,0.98046875,3,35.93,0.29,35.64,0.0,1914,0.9765625,LOST
3,0,256,0.97265625,4,35.34,0.1,35.11,0.13,1896,0.97265625,RETURNED
3,0,256,0.984375,5,36.57,0.14,36.42,0.0,1922,0.9921875,LOST
3,1,256,0.90234375,0,36.81,0.13,36.49,0.2,1908,0.63671875,RETURNED
3,1,256,0.953125,1,37.43,0.24,37.09,0.1,1907,0.91015625,RETURNED
3,1,256,0.97265625,2,36.22,0.09,35.98,0.15,1909,0.94921875,RETURNED
3,1,256,0.98828125,3,36.15,0.1,36.06,0.0,1914,0.98828125,LOST
3,1,256,0.9921875,4,35.39,0.27,35.03,0.09,1896,0.9765625,RETURNED
3,1,256,0.984375,5,36.66,0.11,36.56,0.0,1922,0.9765625,LOST
3,2,256,0.92578125,0,36.39,0.1,36.21,0.09,1908,0.6171875,RETURNED
3,2,256,0.93359375,1,37.4,0.09,37.22,0.08,1907,0.8828125,RETURNED
3,2,256,0.984375,2,36.09,0.22,35.79,0.07,1909,0.95703125,RETURNED
3,2,256,0.98828125,3,36.03,0.09,35.94,0.0,1914,0.9765625,LOST
3,2,256,0.98046875,4,35.64,0.26,35.32,0.07,1896,0.98046875,RETURNED
3,2,256,0.98828125,5,36.77,0.13,36.64,0.0,1922,0.98828125,LOST
3,3,256,0.88671875,0,37.32,0.11,37.08,0.13,1908,0.6171875,RETURNED
3,3,256,0.953125,1,37.75,0.11,37.57,0.08,1907,0.875,RETURNED
3,3,256,0.97265625,2,36.93,0.13,36.73,0.07,1909,0.953125,RETURNED
3,3,256,0.98828125,3,36.7,0.25,36.45,0.0,1914,0.97265625,LOST
3,3,256,0.984375,4,36.23,0.14,35.96,0.13,1896,0.98046875,RETURNED
3,3,256,0.96484375,5,37.29,0.21,37.09,0.0,1922,0.98828125,LOST
3,4,256,0.91015625,0,36.37,0.12,36.17,0.08,1908,0.6171875,RETURNED
3,4,256,0.94921875,1,37.63,0.32,37.13,0.18,1907,0.9140625,RETURNED
3,4,256,0.9765625,2,36.18,0.25,35.79,0.15,1909,0.96484375,RETURNED
3,4,256,0.97265625,3,36.13,0.09,36.04,0.0,1914,0.96875,LOST
3,4,256,0.98828125,4,35.26,0.14,34.97,0.15,1896,0.9765625,RETURNED
3,4,256,0.984375,5,37.08,0.15,36.93,0.0,1922,0.984375,LOST
3,5,256,0.8984375,0,35.93,0.13,35.63,0.16,1908,0.625,RETURNED
3,5,256,0.921875,1,37.1,0.12,36.78,0.2,1907,0.84375,RETURNED
3,5,256,0.96875,2,36.07,0.3,35.48,0.29,1909,0.9296875,RETURNED
3,5,256,0.98828125,3,35.48,0.18,35.3,0.0,1914,0.98046875,LOST
3,5,256,0.9765625,4,34.87,0.13,34.65,0.09,1896,0.9765625,RETURNED
3,5,256,0.984375,5,36.16,0.11,36.05,0.0,1922,0.98828125,LOST
3,5,256,0.99609375,6,33.81,0.13,33.6,0.08,1889,0.98828125,RETURNED
3,6,256,0.90234375,0,37.24,0.11,37.03,0.1,1908,0.625,RETURNED
3,6,256,0.96484375,1,38.04,0.11,37.85,0.08,1907,0.90234375,RETURNED
3,6,256,0.9609375,2,36.82,0.1,36.55,0.17,1909,0.9296875,RETURNED
3,6,256,0.984375,3,36.75,0.09,36.66,0.0,1914,0.98046875,LOST
3,6,256,0.98828125,4,36.4,0.14,36.12,0.14,1896,0.9765625,RETURNED
3,6,256,0.98828125,5,37.06,0.13,36.94,0.0,1922,0.98828125,LOST
3,7,256,0.890625,0,37.75,0.13,37.43,0.19,1908,0.62109375,RETURNED
3,7,256,0.94921875,1,38.51,0.21,38.15,0.16,1907,0.88671875,RETURNED
3,7,256,0.98046875,2,37.3,0.1,37.08,0.12,1909,0.9453125,RETURNED
3,7,256,0.99609375,3,37.77,0.19,37.58,0.0,1914,0.98046875,LOST
3,7,256,0.98828125,4,36.53,0.11,36.34,0.08,1896,0.9765625,RETURNED
3,7,256,0.96875,5,37.57,0.15,37.42,0.0,1922,0.98828125,LOST
3,8,256,0.890625,0,31.17,0.11,30.98,0.08,1908,0.61328125,RETURNED
3,8,256,0.94140625,1,30.79,0.13,30.53,0.12,1907,0.8671875,RETURNED
3,8,256,0.95703125,2,31.25,0.17,30.95,0.13,1909,0.93359375,RETURNED
3,8,256,0.97265625,3,30.79,0.09,30.7,0.0,1914,0.9609375,LOST
3,8,256,0.98046875,4,30.82,0.14,30.6,0.08,1896,0.97265625,RETURNED
3,8,256,0.98828125,5,30.98,0.2,30.78,0.0,1922,0.98046875,LOST
3,8,256,0.99609375,6,30.89,0.12,30.59,0.17,1889,0.9921875,RETURNED
3,8,256,0.99609375,7,30.1,0.12,29.76,0.22,1882,0.98828125,RETURNED
3,9,256,0.90234375,0,61.03,0.12,60.7,0.21,1908,0.625,RETURNED
3,9,256,0.9453125,1,61.5,0.09,61.27,0.13,1907,0.84375,RETURNED
3,9,256,0.984375,2,61.58,0.19,61.24,0.14,1909,0.9765625,RETURNED
3,9,256,0.9921875,3,61.11,0.19,60.92,0.0,1914,0.98828125,LOST
3,10,256,0.890625,0,31.16,0.14,30.94,0.08,1908,0.6328125,RETURNED
3,10,256,0.95703125,1,30.86,0.16,30.63,0.07,1907,0.9140625,RETURNED
3,10,256,0.97265625,2,31.25,0.12,30.98,0.15,1909,0.953125,RETURNED
3,10,256,0.98828125,3,30.87,0.1,30.76,0.0,1914,0.96875,LOST
3,10,256,0.97265625,4,30.92,0.11,30.68,0.14,1896,0.96484375,RETURNED
3,10,256,0.98046875,5,31.06,0.24,30.82,0.0,1922,0.97265625,LOST
3,10,256,0.98828125,6,30.92,0.19,30.57,0.16,1889,0.984375,RETURNED
3,11,256,0.91015625,0,31.18,0.12,30.91,0.15,1908,0.625,RETURNED
3,11,256,0.95703125,1,30.81,0.23,30.51,0.08,1907,0.8515625,RETURNED
3,11,256,0.9609375,2,31.15,0.14,30.83,0.17,1909,0.90625,RETURNED
3,11,256,0.98828125,3,31.01,0.32,30.68,0.0,1914,0.9765625,LOST
3,11,256,0.98828125,4,30.9,0.12,30.58,0.21,1896,0.984375,RETURNED
3,11,256,0.98828125,5,31.04,0.26,30.79,0.0,1922,0.98828125,LOST
3,11,256,0.9921875,6,30.86,0.23,30.47,0.15,1889,0.984375,RETURNED
3,12,256,0.8828125,0,31.43,0.24,31.09,0.09,1908,0.62890625,RETURNED
3,12,256,0.9609375,1,31.05,0.17,30.8,0.07,1907,0.91015625,RETURNED
3,12,256,0.98046875,2,31.39,0.1,31.13,0.16,1909,0.9609375,RETURNED
3,12,256,0.984375,3,31.1,0.24,30.86,0.0,1914,0.9765625,LOST
3,12,256,0.9921875,4,31.06,0.17,30.8,0.08,1896,0.9765625,RETURNED
3,12,256,0.9921875,5,31.25,0.24,31.0,0.0,1922,0.9921875,LOST
3,12,256,0.99609375,6,30.96,0.12,30.74,0.09,1889,0.9921875,RETURNED
3,13,256,0.9140625,0,31.23,0.14,31.02,0.07,1908,0.640625,RETURNED
3,13,256,0.96484375,1,30.81,0.15,30.53,0.12,1907,0.90234375,RETURNED
3,13,256,0.9765625,2,31.13,0.12,30.91,0.1,1909,0.95703125,RETURNED
3,13,256,0.984375,3,30.84,0.16,30.68,0.0,1914,0.97265625,LOST
3,13,256,0.98828125,4,30.81,0.12,30.62,0.08,1896,0.984375,RETURNED
3,13,256,0.98828125,5,30.9,0.12,30.78,0.0,1922,0.98828125,LOST
3,13,256,0.99609375,6,30.74,0.14,30.52,0.07,1889,0.9921875,RETURNED
3,13,256,0.99609375,7,30.37,0.39,29.73,0.25,1882,0.99609375,RETURNED
3,14,256,0.8984375,0,31.24,0.12,30.99,0.13,1908,0.6171875,RETURNED
3,14,256,0.94140625,1,30.88,0.14,30.63,0.11,1907,0.90234375,RETURNED
3,14,256,0.96484375,2,31.4,0.2,30.96,0.24,1909,0.94140625,RETURNED
3,14,256,0.984375,3,30.83,0.1,30.72,0.0,1914,0.98046875,LOST
3,14,256,0.984375,4,30.99,0.17,30.61,0.21,1896,0.97265625,RETURNED
3,14,256,0.9921875,5,30.87,0.11,30.76,0.0,1922,0.98046875,LOST
3,14,256,1.0,6,28.14,0.23,27.91,0.0,1725,0.98828125,LOST
3,15,256,0.91015625,0,61.62,0.13,61.37,0.11,1908,0.625,RETURNED
3,15,256,0.97265625,1,61.47,0.1,61.28,0.09,1907,0.94921875,RETURNED
3,15,256,0.98828125,2,61.63,0.13,61.29,0.22,1909,0.98046875,RETURNED
3,15,256,0.9921875,3,59.05,0.16,58.89,0.0,1914,0.9921875,LOST
4,255.86,0.18
4,0,256,0.8984375,0,32.85,0.11,32.64,0.09,1908,0.62109375,RETURNED
4,0,256,0.953125,1,33.18,0.11,32.99,0.08,1907,0.8984375,RETURNED
4,0,256,0.98046875,2,32.71,0.1,32.52,0.08,1909,0.9609375,RETURNED
4,0,256,0.984375,3,33.32,0.19,33.13,0.0,1914,0.984375,LOST
4,0,256,0.98828125,4,32.58,0.13,32.33,0.12,1896,0.984375,RETURNED
4,0,256,0.98828125,5,33.32,0.11,33.21,0.0,1922,0.98046875,LOST
4,0,256,0.98828125,6,30.82,0.24,30.45,0.12,1889,0.984375,RETURNED
4,1,256,0.91796875,0,32.83,0.1,32.58,0.15,1908,0.6171875,RETURNED
4,1,256,0.9609375,1,33.28,0.23,32.97,0.08,1907,0.921875,RETURNED
4,1,256,0.984375,2,32.73,0.11,32.54,0.08,1909,0.95703125,RETURNED
4,1,256,0.9765625,3,33.33,0.1,33.22,0.0,1914,0.9765625,LOST
4,1,256,0.9609375,4,32.85,0.33,32.43,0.09,1896,0.98046875,RETURNED
4,1,256,0.9609375,5,33.49,0.27,33.22,0.0,1922,0.98046875,LOST
4,1,256,1.0,6,2.5,0.1,2.4,0.0,143,0.99609375,LOST
4,2,256,0.89453125,0,32.78,0.16,32.49,0.13,1908,0.62109375,RETURNED
4,2,256,0.953125,1,32.97,0.19,32.71,0.07,1907,0.890625,RETURNED
4,2,256,0.9609375,2,32.69,0.11,32.49,0.09,1909,0.9453125,RETURNED
4,2,256,0.984375,3,33.29,0.14,33.15,0.0,1914,0.96875,LOST
4,2,256,0.98828125,4,32.48,0.11,32.26,0.11,1896,0.98046875,RETURNED
4,2,256,0.98828125,5,33.54,0.25,33.29,0.0,1922,0.98828125,LOST
4,2,256,0.9921875,6,30.63,0.11,30.4,0.12,1889,0.984375,RETURNED
4,3,256,0.91015625,0,32.8,0.12,32.59,0.08,1908,0.625,RETURNED
4,3,256,0.96484375,1,33.4,0.13,32.93,0.34,1907,0.87109375,RETURNED
4,3,256,0.98046875,2,32.8,0.11,32.61,0.08,1909,0.95703125,RETURNED
4,3,256,0.98828125,3,33.24,0.12,33.12,0.0,1914,0.96484375,LOST
4,3,256,0.98828125,4,32.54,0.11,32.34,0.08,1896,0.98828125,RETURNED
4,3,256,0.99609375,5,33.39,0.17,33.21,0.0,1922,0.98828125,LOST
4,3,256,0.98828125,6,30.74,0.19,30.46,0.09,1889,0.984375,RETURNED
4,4,256,0.89453125,0,32.87,0.18,32.59,0.09,1908,0.6171875,RETURNED
4,4,256,0.953125,1,33.18,0.3,32.8,0.08,1907,0.9140625,RETURNED
4,4,256,0.96484375,2,32.76,0.09,32.51,0.16,1909,0.9296875,RETURNED
4,4,256,0.9921875,3,33.23,0.14,33.09,0.0,1914,0.9765625,LOST
4,4,256,0.984375,4,32.46,0.15,32.24,0.07,1896,0.98046875,RETURNED
4,4,256,0.9921875,5,33.1,0.12,32.98,0.0,1922,0.984375,LOST
4,4,256,0.99609375,6,30.85,0.2,30.41,0.24,1889,0.98046875,RETURNED
4,5,256,0.9140625,0,32.86,0.19,32.58,0.09,1908,0.63671875,RETURNED
4,5,256,0.94921875,1,33.58,0.49,33.02,0.08,1907,0.9140625,RETURNED
4,5,256,0.97265625,2,32.77,0.12,32.58,0.07,1909,0.9609375,RETURNED
4,5,256,0.98046875,3,33.44,0.12,33.32,0.0,1914,0.96484375,LOST
4,5,256,0.98828125,4,32.98,0.29,32.62,0.07,1896,0.98046875,RETURNED
4,5,256,0.98046875,5,33.33,0.14,33.19,0.0,1922,0.98828125,LOST
4,5,256,0.98828125,6,30.98,0.27,30.55,0.16,1889,0.98046875,RETURNED
4,6,256,0.890625,0,32.59,0.11,32.42,0.06,1908,0.6171875,RETURNED
4,6,256,0.9609375,1,32.92,0.1,32.75,0.07,1907,0.859375,RETURNED
4,6,256,0.97265625,2,32.69,0.19,32.42,0.07,1909,0.94921875,RETURNED
4,6,256,0.984375,3,33.28,0.22,33.06,0.0,1914,0.96875,LOST
4,6,256,0.96875,4,32.43,0.11,32.21,0.1,1896,0.97265625,RETURNED
4,6,256,0.99609375,5,33.03,0.1,32.93,0.0,1922,0.984375,LOST
4,6,256,1.0,6,20.77,0.1,20.6,0.07,1277,0.98828125,RETURNED
4,7,256,0.8984375,0,33.79,0.4,33.31,0.07,1908,0.625,RETURNED
4,7,256,0.95703125,1,33.68,0.33,33.27,0.08,1907,0.9140625,RETURNED
4,7,256,0.98046875,2,33.24,0.15,32.98,0.11,1909,0.953125,RETURNED
4,7,256,0.98046875,3,33.99,0.24,33.75,0.0,1914,0.97265625,LOST
4,7,256,0.98828125,4,33.39,0.18,33.15,0.07,1896,0.98046875,RETURNED
4,7,256,0.98828125,5,33.52,0.16,33.35,0.0,1922,0.984375,LOST
4,8,256,0.92578125,0,33.82,0.17,33.57,0.08,1908,0.62109375,RETURNED
4,8,256,0.953125,1,34.4,0.11,34.19,0.09,1907,0.90625,RETURNED
4,8,256,0.97265625,2,33.44,0.11,33.22,0.11,1909,0.95703125,RETURNED
4,8,256,0.984375,3,34.4,0.15,34.25,0.0,1914,0.98046875,LOST
4,8,256,0.984375,4,33.84,0.12,33.63,0.08,1896,0.98046875,RETURNED
4,8,256,0.99609375,5,34.08,0.17,33.91,0.0,1922,0.99609375,LOST
4,9,256,0.91796875,0,33.12,0.3,32.75,0.07,1908,0.62109375,RETURNED
4,9,256,0.94921875,1,33.82,0.26,33.45,0.12,1907,0.90234375,RETURNED
4,9,256,0.9765625,2,32.84,0.09,32.55,0.2,1909,0.9296875,RETURNED
4,9,256,0.98046875,3,33.79,0.26,33.53,0.0,1914,0.953125,LOST
4,9,256,0.98046875,4,33.24,0.22,32.87,0.15,1896,0.98046875,RETURNED
4,9,256,0.99609375,5,33.46,0.11,33.34,0.0,1922,0.98828125,LOST
4,9,256,1.0,6,2.06,0.1,1.88,0.08,112,0.99609375,RETURNED
4,10,256,0.91796875,0,33.16,0.17,32.91,0.08,1908,0.61328125,RETURNED
4,10,256,0.94140625,1,33.98,0.23,33.63,0.12,1907,0.9140625,RETURNED
4,10,256,0.9609375,2,33.42,0.3,33.04,0.08,1909,0.94140625,RETURNED
4,10,256,0.98828125,3,34.18,0.16,34.02,0.0,1914,0.98046875,LOST
4,10,256,0.99609375,4,33.51,0.1,33.32,0.09,1896,0.98046875,RETURNED
4,10,256,0.98828125,5,33.77,0.16,33.61,0.0,1922,0.98828125,LOST
4,10,256,1.0,6,28.9,0.43,28.32,0.16,1740,0.98828125,RETURNED
4,11,256,0.91796875,0,32.8,0.09,32.64,0.07,1908,0.62109375,RETURNED
4,11,256,0.9453125,1,33.48,0.1,33.27,0.11,1907,0.890625,RETURNED
4,11,256,0.9609375,2,32.97,0.19,32.66,0.13,1909,0.8984375,RETURNED
4,11,256,0.97265625,3,33.62,0.2,33.42,0.0,1914,0.9609375,LOST
4,11,256,0.98046875,4,32.65,0.11,32.3,0.23,1896,0.96875,RETURNED
4,11,256,0.99609375,5,33.81,0.17,33.64,0.0,1922,0.97265625,LOST
4,11,256,0.99609375,6,31.92,0.18,31.66,0.08,1889,0.98828125,RETURNED
4,12,256,0.9140625,0,33.14,0.16,32.91,0.06,1908,0.62109375,RETURNED
4,12,256,0.94921875,1,33.74,0.13,33.56,0.06,1907,0.91796875,RETURNED
4,12,256,0.94921875,2,33.49,0.34,33.04,0.11,1909,0.9140625,RETURNED
4,12,256,0.98828125,3,33.8,0.1,33.7,0.0,1914,0.96875,LOST
4,12,256,0.9765625,4,33.78,0.49,33.19,0.1,1896,0.97265625,RETURNED
4,12,256,0.98828125,5,33.5,0.11,33.38,0.0,1922,0.98828125,LOST
4,12,256,0.99609375,6,31.11,0.2,30.78,0.13,1889,0.98828125,RETURNED
4,13,256,0.90234375,0,32.84,0.17,32.59,0.08,1908,0.61328125,RETURNED
4,13,256,0.875,1,33.95,0.23,33.62,0.1,1907,0.625,RETURNED
4,13,256,0.97265625,2,32.95,0.11,32.77,0.08,1909,0.94921875,RETURNED
4,13,256,0.97265625,3,33.53,0.14,33.39,0.0,1914,0.9609375,LOST
4,13,256,0.984375,4,32.78,0.11,32.58,0.08,1896,0.984375,RETURNED
4,13,256,0.9921875,5,34.29,0.19,34.1,0.0,1922,0.984375,LOST
4,13,256,1.0,6,2.36,0.32,1.91,0.13,112,0.99609375,RETURNED
4,14,256,0.90234375,0,35.19,0.11,34.93,0.15,1908,0.6328125,RETURNED
4,14,256,0.95703125,1,35.46,0.41,34.93,0.12,1907,0.90625,RETURNED
4,14,256,0.9609375,2,35.19,0.19,34.89,0.11,1909,0.94921875,RETURNED
4,14,256,0.98046875,3,35.68,0.09,35.59,0.0,1914,0.984375,LOST
4,14,256,0.98046875,4,35.34,0.11,35.09,0.14,1896,0.98046875,RETURNED
4,14,256,0.9765625,5,35.3,0.13,35.17,0.0,1922,0.98046875,LOST
4,15,256,0.90625,0,35.26,0.17,34.96,0.12,1908,0.62109375,RETURNED
4,15,256,0.95703125,1,35.08,0.11,34.84,0.13,1907,0.90625,RETURNED
4,15,256,0.97265625,2,35.06,0.11,34.88,0.06,1909,0.9453125,RETURNED
4,15,256,0.9609375,3,35.52,0.31,35.21,0.0,1914,0.97265625,LOST
4,15,256,0.9765625,4,35.17,0.1,34.96,0.11,1896,0.9765625,RETURNED
4,15,256,0.99609375,5,35.39,0.13,35.26,0.0,1922,0.98828125,LOST
5,230.70,0.18
5,0,256,0.9296875,0,67.73,0.21,67.42,0.1,1908,0.6484375,RETURNED
5,0,256,0.95703125,1,70.59,0.28,70.22,0.08,1907,0.88671875,RETURNED
5,0,256,0.98828125,2,70.32,0.2,70.0,0.11,1909,0.96875,RETURNED
5,1,256,0.89453125,0,69.5,0.19,69.17,0.13,1908,0.609375,RETURNED
5,1,256,0.96484375,1,69.22,0.12,69.01,0.09,1907,0.94921875,RETURNED
5,1,256,0.9921875,2,66.21,0.27,65.86,0.08,1909,0.96875,RETURNED
5,2,256,0.90625,0,34.67,0.14,34.46,0.07,1908,0.61328125,RETURNED
5,2,256,0.96875,1,34.67,0.1,34.47,0.1,1907,0.9140625,RETURNED
5,2,256,0.98828125,2,35.12,0.25,34.79,0.08,1909,0.96875,RETURNED
5,2,256,0.984375,3,34.5,0.12,34.38,0.0,1914,0.97265625,LOST
5,2,256,0.98828125,4,34.83,0.17,34.5,0.16,1896,0.98046875,RETURNED
5,3,256,0.9140625,0,67.18,0.19,66.8,0.19,1908,0.61328125,RETURNED
5,3,256,0.92578125,1,69.95,0.11,69.6,0.24,1907,0.8984375,RETURNED
5,3,256,0.9921875,2,70.13,0.23,69.72,0.18,1909,0.97265625,RETURNED
5,4,256,0.9140625,0,70.45,0.1,70.23,0.11,1908,0.60546875,RETURNED
5,4,256,0.96484375,1,71.01,0.12,70.81,0.08,1907,0.95703125,RETURNED
5,4,256,0.98046875,2,64.82,0.1,64.64,0.08,1909,0.96484375,RETURNED
5,5,256,0.90625,0,34.72,0.25,34.38,0.09,1908,0.6171875,RETURNED
5,5,256,0.9453125,1,34.69,0.16,34.44,0.08,1907,0.90625,RETURNED
5,5,256,0.984375,2,34.87,0.17,34.59,0.12,1909,0.9609375,RETURNED
5,5,256,0.9921875,3,34.54,0.16,34.38,0.0,1914,0.984375,LOST
5,5,256,0.984375,4,34.89,0.33,34.46,0.1,1896,0.9765625,RETURNED
5,6,256,0.890625,0,35.16,0.18,34.86,0.12,1908,0.62109375,RETURNED
5,6,256,0.9375,1,34.93,0.16,34.68,0.09,1907,0.8515625,RETURNED
5,6,256,0.98828125,2,35.53,0.18,35.06,0.29,1909,0.95703125,RETURNED
5,6,256,0.98046875,3,34.97,0.32,34.65,0.0,1914,0.98046875,LOST
5,6,256,0.9921875,4,34.99,0.11,34.81,0.07,1896,0.98828125,RETURNED
5,7,256,0.90625,0,34.8,0.2,34.51,0.09,1908,0.625,RETURNED
5,7,256,0.94921875,1,34.49,0.13,34.28,0.09,1907,0.90625,RETURNED
5,7,256,0.97265625,2,34.92,0.14,34.67,0.11,1909,0.953125,RETURNED
5,7,256,0.98828125,3,34.41,0.09,34.32,0.0,1914,0.984375,LOST
5,7,256,0.9921875,4,35.24,0.62,34.43,0.18,1896,0.984375,RETURNED
5,8,256,0.8984375,0,33.16,0.17,32.83,0.17,1908,0.62109375,RETURNED
5,8,256,0.94140625,1,32.91,0.21,32.63,0.06,1907,0.90234375,RETURNED
5,8,256,0.98046875,2,33.4,0.12,33.15,0.13,1909,0.95703125,RETURNED
5,8,256,0.98828125,3,33.54,0.11,33.43,0.0,1914,0.9765625,LOST
5,8,256,0.9921875,4,32.05,0.25,31.59,0.21,1896,0.984375,RETURNED
5,9,256,0.90625,0,33.71,0.51,32.87,0.33,1908,0.6171875,RETURNED
5,9,256,0.9453125,1,32.82,0.12,32.63,0.08,1907,0.875,RETURNED
5,9,256,0.98046875,2,32.97,0.1,32.71,0.16,1909,0.9453125,RETURNED
5,9,256,0.9921875,3,33.51,0.23,33.28,0.0,1914,0.984375,LOST
5,9,256,0.98046875,4,31.72,0.17,31.41,0.14,1896,0.97265625,RETURNED
5,10,256,0.91796875,0,33.11,0.14,32.83,0.14,1908,0.625,RETURNED
5,10,256,0.96875,1,33.06,0.12,32.67,0.27,1907,0.90234375,RETURNED
5,10,256,0.9765625,2,33.16,0.27,32.76,0.14,1909,0.94921875,RETURNED
5,10,256,0.9921875,3,33.6,0.12,33.48,0.0,1914,0.984375,LOST
5,10,256,1.0,4,13.09,0.11,12.89,0.09,753,0.98828125,RETURNED
5,11,256,0.90625,0,33.21,0.16,32.96,0.09,1908,0.61328125,RETURNED
5,11,256,0.9453125,1,33.14,0.23,32.84,0.08,1907,0.90234375,RETURNED
5,11,256,0.9609375,2,33.68,0.37,33.19,0.12,1909,0.93359375,RETURNED
5,11,256,0.9921875,3,34.04,0.11,33.93,0.0,1914,0.9765625,LOST
5,11,256,0.9921875,4,32.13,0.12,31.88,0.13,1896,0.9765625,RETURNED
5,12,256,0.91015625,0,32.98,0.2,32.66,0.12,1908,0.6328125,RETURNED
5,12,256,0.93359375,1,33.05,0.25,32.54,0.26,1907,0.90625,RETURNED
5,12,256,0.984375,2,33.22,0.15,33.0,0.07,1909,0.97265625,RETURNED
5,12,256,0.97265625,3,33.7,0.1,33.59,0.0,1914,0.9609375,LOST
5,12,256,0.9921875,4,31.66,0.09,31.46,0.11,1896,0.984375,RETURNED
5,13,256,0.91796875,0,33.19,0.11,32.96,0.13,1908,0.62890625,RETURNED
5,13,256,0.94921875,1,32.79,0.11,32.6,0.07,1907,0.89453125,RETURNED
5,13,256,0.98046875,2,33.12,0.09,32.88,0.15,1909,0.94921875,RETURNED
5,13,256,0.9921875,3,33.43,0.1,33.33,0.0,1914,0.9765625,LOST
5,13,256,0.9921875,4,31.77,0.1,31.48,0.19,1896,0.98828125,RETURNED
5,14,256,0.90625,0,33.04,0.23,32.54,0.27,1908,0.609375,RETURNED
5,14,256,0.95703125,1,32.67,0.12,32.44,0.11,1907,0.91796875,RETURNED
5,14,256,0.9765625,2,32.9,0.09,32.72,0.09,1909,0.95703125,RETURNED
5,14,256,0.97265625,3,33.37,0.1,33.27,0.0,1914,0.9375,LOST
5,14,256,0.9921875,4,31.81,0.11,31.62,0.08,1896,0.984375,RETURNED
5,15,256,0.91796875,0,32.83,0.12,32.64,0.07,1908,0.62109375,RETURNED
5,15,256,0.97265625,1,32.78,0.18,32.5,0.11,1907,0.90625,RETURNED
5,15,256,0.96484375,2,33.26,0.14,32.92,0.21,1909,0.95703125,RETURNED
5,15,256,0.98046875,3,33.52,0.11,33.41,0.0,1914,0.96875,LOST
5,15,256,0.9765625,4,31.87,0.42,31.38,0.07,1896,0.97265625,RETURNED
6,298.66,0.19
6,0,256,0.9140625,0,34.91,0.12,34.65,0.14,1908,0.61328125,RETURNED
6,0,256,0.94921875,1,34.87,0.11,34.67,0.08,1907,0.91015625,RETURNED
6,0,256,0.984375,2,34.76,0.1,34.57,0.08,1909,0.97265625,RETURNED
6,0,256,0.98046875,3,35.06,0.27,34.79,0.0,1914,0.97265625,LOST
6,0,256,0.98046875,4,34.76,0.17,34.45,0.14,1896,0.9453125,RETURNED
6,0,256,0.9921875,5,35.09,0.19,34.9,0.0,1922,0.98828125,LOST
6,0,256,0.96484375,6,34.73,0.14,34.52,0.07,1889,0.98828125,RETURNED
6,1,256,0.91015625,0,34.88,0.24,34.57,0.07,1908,0.63671875,RETURNED
6,1,256,0.953125,1,34.9,0.11,34.56,0.24,1907,0.87890625,RETURNED
6,1,256,0.984375,2,34.85,0.08,34.58,0.18,1909,0.9609375,RETURNED
6,1,256,0.9921875,3,34.8,0.13,34.66,0.0,1914,0.984375,LOST
6,1,256,0.98828125,4,34.61,0.11,34.41,0.08,1896,0.96484375,RETURNED
6,1,256,0.98828125,5,34.95,0.2,34.75,0.0,1922,0.984375,LOST
6,1,256,0.99609375,6,34.48,0.11,34.29,0.08,1889,0.984375,RETURNED
6,2,256,0.921875,0,104.09,0.11,103.84,0.14,1908,0.62109375,RETURNED
6,2,256,0.984375,1,103.97,0.12,103.76,0.09,1907,0.9765625,RETURNED
6,2,256,0.984375,2,38.64,0.11,38.4,0.12,1909,0.98046875,RETURNED
6,3,256,0.90625,0,35.02,0.12,34.82,0.08,1908,0.62109375,RETURNED
6,3,256,0.96484375,1,35.02,0.1,34.84,0.09,1907,0.90625,RETURNED
6,3,256,0.9765625,2,35.15,0.21,34.73,0.21,1909,0.953125,RETURNED
6,3,256,0.9921875,3,35.15,0.3,34.85,0.0,1914,0.9765625,LOST
6,3,256,0.98828125,4,34.74,0.12,34.54,0.08,1896,0.97265625,RETURNED
6,3,256,0.984375,5,35.06,0.1,34.95,0.0,1922,0.984375,LOST
6,3,256,0.99609375,6,34.81,0.14,34.56,0.11,1889,0.984375,RETURNED
6,4,256,0.90625,0,70.03,0.12,69.8,0.11,1908,0.61328125,RETURNED
6,4,256,0.96484375,1,70.48,0.19,70.2,0.09,1907,0.96484375,RETURNED
6,4,256,0.984375,2,70.25,0.19,69.96,0.1,1909,0.984375,RETURNED
6,4,256,0.99609375,3,68.76,0.17,68.59,0.0,1914,0.9921875,LOST
6,5,256,0.90625,0,69.64,0.16,69.27,0.21,1908,0.61328125,RETURNED
6,5,256,0.9453125,1,69.23,0.24,68.81,0.18,1907,0.91796875,RETURNED
6,5,256,0.984375,2,69.18,0.13,68.95,0.1,1909,0.97265625,RETURNED
6,5,256,0.9921875,3,69.53,0.22,69.32,0.0,1914,0.98046875,LOST
6,6,256,0.91796875,0,106.55,0.17,106.27,0.12,1908,0.609375,RETURNED
6,6,256,0.9765625,1,106.48,0.12,106.22,0.14,1907,0.97265625,RETURNED
6,7,256,0.90234375,0,104.91,0.27,104.4,0.23,1908,0.6328125,RETURNED
6,7,256,0.98828125,1,104.48,0.44,103.96,0.08,1907,0.984375,RETURNED
6,8,256,0.90625,0,33.1,0.3,32.67,0.13,1908,0.62890625,RETURNED
6,8,256,0.94921875,1,33.49,0.17,33.23,0.08,1907,0.8828125,RETURNED
6,8,256,0.97265625,2,33.12,0.1,32.89,0.12,1909,0.94921875,RETURNED
6,8,256,0.9921875,3,33.06,0.16,32.9,0.0,1914,0.9765625,LOST
6,8,256,0.9765625,4,32.87,0.37,32.41,0.09,1896,0.984375,RETURNED
6,8,256,0.98046875,5,32.96,0.14,32.82,0.0,1922,0.984375,LOST
6,8,256,1.0,6,14.02,0.11,13.74,0.17,810,0.98828125,RETURNED
6,9,256,0.91015625,0,32.65,0.09,32.49,0.07,1908,0.62109375,RETURNED
6,9,256,0.9375,1,33.17,0.12,32.97,0.07,1907,0.8671875,RETURNED
6,9,256,0.9609375,2,32.83,0.15,32.59,0.1,1909,0.921875,RETURNED
6,9,256,0.97265625,3,32.76,0.11,32.65,0.0,1914,0.94921875,LOST
6,9,256,0.984375,4,32.64,0.2,32.18,0.27,1896,0.98046875,RETURNED
6,9,256,0.98046875,5,32.97,0.22,32.75,0.0,1922,0.96484375,LOST
6,9,256,0.98828125,6,31.28,0.17,31.05,0.07,1889,0.98828125,RETURNED
6,10,256,0.921875,0,32.75,0.15,32.53,0.07,1908,0.60546875,RETURNED
6,10,256,0.94140625,1,33.46,0.1,33.18,0.18,1907,0.84765625,RETURNED
6,10,256,0.9765625,2,33.05,0.1,32.88,0.08,1909,0.9453125,RETURNED
6,10,256,0.97265625,3,33.27,0.1,33.16,0.0,1914,0.96484375,LOST
6,10,256,0.9921875,4,32.79,0.15,32.56,0.08,1896,0.984375,RETURNED
6,10,256,0.9921875,5,33.12,0.13,32.98,0.0,1922,0.9921875,LOST
6,10,256,0.9921875,6,31.66,0.23,31.31,0.12,1889,0.9765625,RETURNED
6,11,256,0.8828125,0,32.77,0.14,32.47,0.17,1908,0.6328125,RETURNED
6,11,256,0.953125,1,33.38,0.25,33.04,0.09,1907,0.91015625,RETURNED
6,11,256,0.96875,2,33.06,0.14,32.85,0.07,1909,0.9296875,RETURNED
6,11,256,0.97265625,3,32.92,0.11,32.81,0.0,1914,0.96484375,LOST
6,11,256,0.984375,4,32.57,0.1,32.39,0.09,1896,0.97265625,RETURNED
6,11,256,0.98828125,5,33.14,0.29,32.86,0.0,1922,0.98046875,LOST
6,11,256,0.98828125,6,31.32,0.12,31.07,0.12,1889,0.98046875,RETURNED
6,12,256,0.8984375,0,32.73,0.17,32.39,0.17,1908,0.61328125,RETURNED
6,12,256,0.9453125,1,33.6,0.13,33.11,0.36,1907,0.921875,RETURNED
6,12,256,0.9765625,2,33.26,0.26,32.85,0.16,1909,0.94921875,RETURNED
6,12,256,0.97265625,3,33.02,0.18,32.85,0.0,1914,0.96484375,LOST
6,12,256,0.984375,4,32.61,0.12,32.27,0.21,1896,0.98046875,RETURNED
6,12,256,0.98828125,5,32.9,0.12,32.79,0.0,1922,0.984375,LOST
6,12,256,0.9921875,6,31.42,0.19,31.15,0.08,1889,0.98828125,RETURNED
6,13,256,0.88671875,0,32.87,0.13,32.62,0.13,1908,0.625,RETURNED
6,13,256,0.953125,1,33.51,0.09,33.26,0.15,1907,0.87109375,RETURNED
6,13,256,0.96484375,2,32.94,0.11,32.77,0.07,1909,0.94921875,RETURNED
6,13,256,0.984375,3,33.29,0.12,33.17,0.0,1914,0.9765625,LOST
6,13,256,0.984375,4,32.71,0.2,32.38,0.13,1896,0.9765625,RETURNED
6,13,256,0.9921875,5,33.11,0.25,32.86,0.0,1922,0.9921875,LOST
6,13,256,0.984375,6,31.39,0.13,31.15,0.12,1889,0.98828125,RETURNED
6,14,256,0.91796875,0,32.73,0.11,32.49,0.13,1908,0.62890625,RETURNED
6,14,256,0.93359375,1,33.51,0.14,33.19,0.18,1907,0.87890625,RETURNED
6,14,256,0.95703125,2,33.04,0.12,32.86,0.07,1909,0.9375,RETURNED
6,14,256,0.9765625,3,33.18,0.1,33.08,0.0,1914,0.95703125,LOST
6,14,256,0.984375,4,32.72,0.19,32.43,0.1,1896,0.97265625,RETURNED
6,14,256,0.9765625,5,32.97,0.11,32.85,0.0,1922,0.984375,LOST
6,14,256,1.0,6,14.0,0.17,13.75,0.08,810,0.9921875,RETURNED
6,15,256,0.90625,0,32.91,0.11,32.67,0.13,1908,0.61328125,RETURNED
6,15,256,0.97265625,1,34.01,0.33,33.57,0.12,1907,0.90234375,RETURNED
6,15,256,0.9765625,2,33.59,0.09,33.37,0.13,1909,0.94921875,RETURNED
6,15,256,0.98046875,3,33.41,0.14,33.27,0.0,1914,0.96875,LOST
6,15,256,0.98046875,4,33.29,0.2,33.03,0.06,1896,0.98046875,RETURNED
6,15,256,0.98046875,5,33.5,0.15,33.35,0.0,1922,0.9765625,LOST
6,15,256,0.98828125,6,31.76,0.21,31.39,0.16,1889,0.984375,RETURNED
7,229.41,0.17
7,0,256,0.91015625,0,33.36,0.1,33.14,0.12,1908,0.6484375,RETURNED
7,0,256,0.93359375,1,33.64,0.15,33.33,0.16,1907,0.91015625,RETURNED
7,0,256,0.95703125,2,32.91,0.13,32.67,0.11,1909,0.94140625,RETURNED
7,0,256,0.9921875,3,33.54,0.1,33.44,0.0,1914,0.98046875,LOST
7,0,256,0.984375,4,33.23,0.12,32.96,0.14,1896,0.9765625,RETURNED
7,0,256,0.98828125,5,34.65,0.2,34.46,0.0,1922,0.9921875,LOST
7,1,256,0.91015625,0,33.2,0.12,33.01,0.08,1908,0.6171875,RETURNED
7,1,256,0.95703125,1,33.91,0.16,33.45,0.3,1907,0.9140625,RETURNED
7,1,256,0.97265625,2,32.75,0.13,32.5,0.13,1909,0.95703125,RETURNED
7,1,256,0.9921875,3,33.97,0.21,33.76,0.0,1914,0.98046875,LOST
7,1,256,0.9921875,4,33.39,0.25,33.02,0.13,1896,0.98046875,RETURNED
7,1,256,0.98828125,5,34.06,0.13,33.93,0.0,1922,0.9921875,LOST
7,2,256,0.91796875,0,33.66,0.18,33.37,0.11,1908,0.6171875,RETURNED
7,2,256,0.9296875,1,33.7,0.11,33.5,0.1,1907,0.91015625,RETURNED
7,2,256,0.97265625,2,33.2,0.1,32.97,0.13,1909,0.94140625,RETURNED
7,2,256,0.98046875,3,33.4,0.11,33.29,0.0,1914,0.96875,LOST
7,2,256,0.984375,4,33.8,0.17,33.5,0.12,1896,0.98046875,RETURNED
7,2,256,0.98828125,5,34.56,0.13,34.44,0.0,1922,0.9921875,LOST
7,3,256,0.91015625,0,33.48,0.19,33.21,0.08,1908,0.625,RETURNED
7,3,256,0.95703125,1,33.66,0.11,33.37,0.18,1907,0.921875,RETURNED
7,3,256,0.9765625,2,32.9,0.14,32.67,0.1,1909,0.9609375,RETURNED
7,3,256,0.9921875,3,33.66,0.44,33.23,0.0,1914,0.98046875,LOST
7,3,256,0.98828125,4,33.21,0.25,32.86,0.1,1896,0.9765625,RETURNED
7,3,256,0.99609375,5,34.1,0.1,34.0,0.0,1922,0.98828125,LOST
7,4,256,0.91796875,0,33.28,0.11,33.09,0.08,1908,0.61328125,RETURNED
7,4,256,0.953125,1,34.53,0.17,34.1,0.25,1907,0.8828125,RETURNED
7,4,256,0.96875,2,33.26,0.17,32.96,0.13,1909,0.953125,RETURNED
7,4,256,0.984375,3,33.82,0.23,33.59,0.0,1914,0.9765625,LOST
7,4,256,0.98828125,4,33.86,0.09,33.63,0.14,1896,0.9765625,RETURNED
7,4,256,0.99609375,5,34.49,0.11,34.38,0.0,1922,0.99609375,LOST
7,5,256,0.890625,0,33.47,0.26,33.11,0.1,1908,0.61328125,RETURNED
7,5,256,0.9765625,1,34.18,0.11,33.73,0.34,1907,0.9296875,RETURNED
7,5,256,0.9765625,2,33.32,0.27,32.97,0.09,1909,0.9609375,RETURNED
7,5,256,0.98828125,3,33.45,0.1,33.35,0.0,1914,0.97265625,LOST
7,5,256,0.9921875,4,33.35,0.09,33.08,0.17,1896,0.98046875,RETURNED
7,5,256,0.984375,5,33.84,0.13,33.72,0.0,1922,0.98828125,LOST
7,6,256,0.92578125,0,105.43,0.1,105.24,0.09,1908,0.62890625,RETURNED
7,6,256,0.96484375,1,104.81,0.21,104.47,0.13,1907,0.9765625,RETURNED
7,7,256,0.8828125,0,105.28,0.14,104.68,0.46,1908,0.625,RETURNED
7,7,256,0.98046875,1,104.37,0.2,104.06,0.11,1907,0.97265625,RETURNED
7,8,256,0.90234375,0,35.0,0.11,34.74,0.15,1908,0.6328125,RETURNED
7,8,256,0.9609375,1,34.93,0.12,34.7,0.11,1907,0.921875,RETURNED
7,8,256,0.94921875,2,34.74,0.12,34.55,0.08,1909,0.9453125,RETURNED
7,8,256,0.9921875,3,35.02,0.12,34.91,0.0,1914,0.9765625,LOST
7,8,256,0.984375,4,34.89,0.22,34.57,0.11,1896,0.9765625,RETURNED
7,8,256,0.984375,5,35.01,0.11,34.9,0.0,1922,0.98828125,LOST
7,9,256,0.92578125,0,34.81,0.13,34.57,0.11,1908,0.625,RETURNED
7,9,256,0.95703125,1,34.93,0.11,34.74,0.08,1907,0.91796875,RETURNED
7,9,256,0.98046875,2,35.0,0.16,34.75,0.09,1909,0.95703125,RETURNED
7,9,256,0.98828125,3,34.97,0.12,34.85,0.0,1914,0.98046875,LOST
7,9,256,0.99609375,4,34.9,0.32,34.43,0.15,1896,0.9765625,RETURNED
7,9,256,0.98046875,5,34.87,0.11,34.76,0.0,1922,0.984375,LOST
7,10,256,0.90234375,0,34.71,0.13,34.49,0.09,1908,0.63671875,RETURNED
7,10,256,0.94140625,1,34.81,0.1,34.63,0.07,1907,0.890625,RETURNED
7,10,256,0.98046875,2,34.95,0.12,34.64,0.2,1909,0.95703125,RETURNED
7,10,256,0.98828125,3,34.93,0.11,34.82,0.0,1914,0.97265625,LOST
7,10,256,0.98828125,4,34.6,0.09,34.44,0.07,1896,0.9765625,RETURNED
7,10,256,0.98828125,5,35.07,0.22,34.85,0.0,1922,0.9921875,LOST
7,11,256,0.9140625,0,104.62,0.11,104.42,0.09,1908,0.63671875,RETURNED
7,11,256,0.984375,1,103.7,0.1,103.47,0.13,1907,0.9765625,RETURNED
7,12,256,0.921875,0,70.31,0.15,70.07,0.09,1908,0.6171875,RETURNED
7,12,256,0.96484375,1,70.41,0.11,70.21,0.09,1907,0.9296875,RETURNED
7,12,256,0.984375,2,69.14,0.32,68.71,0.11,1909,0.97265625,RETURNED
7,13,256,0.90625,0,69.17,0.16,68.86,0.15,1908,0.60546875,RETURNED
7,13,256,0.95703125,1,69.64,0.11,69.3,0.24,1907,0.91015625,RETURNED
7,13,256,0.984375,2,69.16,0.11,68.94,0.11,1909,0.984375,RETURNED
7,14,256,0.90625,0,30.36,0.1,30.19,0.08,1908,0.625,RETURNED
7,14,256,0.94140625,1,30.46,0.15,30.22,0.09,1907,0.90234375,RETURNED
7,14,256,0.9765625,2,30.43,0.14,30.2,0.09,1909,0.94140625,RETURNED
7,14,256,0.9921875,3,30.44,0.11,30.32,0.0,1914,0.9765625,LOST
7,14,256,0.984375,4,30.15,0.09,29.98,0.08,1896,0.9765625,RETURNED
7,14,256,0.98828125,5,30.61,0.17,30.44,0.0,1922,0.9921875,LOST
7,14,256,1.0,6,2.38,0.11,2.27,0.0,143,0.9921875,LOST
7,15,256,0.921875,0,30.13,0.09,29.96,0.07,1908,0.61328125,RETURNED
7,15,256,0.95703125,1,30.31,0.11,30.1,0.09,1907,0.91796875,RETURNED
7,15,256,0.96484375,2,30.39,0.15,30.15,0.09,1909,0.9296875,RETURNED
7,15,256,0.984375,3,30.71,0.44,30.26,0.0,1914,0.97265625,LOST
7,15,256,0.9921875,4,30.41,0.43,29.89,0.08,1896,0.97265625,RETURNED
7,15,256,0.984375,5,30.54,0.18,30.36,0.0,1922,0.984375,LOST
7,15,256,0.9921875,6,30.1,0.19,29.78,0.13,1889,0.9921875,RETURNED
8,159.89,0.17
8,0,256,0.9375,0,32.91,0.19,32.56,0.16,1908,0.6171875,RETURNED
8,0,256,0.96484375,1,33.22,0.12,32.99,0.11,1907,0.93359375,RETURNED
8,0,256,0.98046875,2,33.02,0.29,32.67,0.06,1909,0.953125,RETURNED
8,0,256,0.9921875,3,32.31,0.14,32.17,0.0,1914,0.98828125,LOST
8,1,256,0.91015625,0,33.31,0.13,32.83,0.34,1908,0.609375,RETURNED
8,1,256,0.95703125,1,33.46,0.25,33.13,0.09,1907,0.91796875,RETURNED
8,1,256,0.984375,2,33.5,0.47,32.97,0.07,1909,0.9609375,RETURNED
8,1,256,0.9921875,3,32.35,0.12,32.23,0.0,1914,0.98828125,LOST
8,2,256,0.89453125,0,32.81,0.13,32.41,0.26,1908,0.625,RETURNED
8,2,256,0.95703125,1,33.36,0.26,32.95,0.14,1907,0.90234375,RETURNED
8,2,256,0.984375,2,32.67,0.16,32.44,0.07,1909,0.96484375,RETURNED
8,2,256,0.9921875,3,32.38,0.3,32.08,0.0,1914,0.98828125,LOST
8,3,256,0.90625,0,32.88,0.14,32.6,0.13,1908,0.62890625,RETURNED
8,3,256,0.95703125,1,33.39,0.29,32.92,0.18,1907,0.90625,RETURNED
8,3,256,0.984375,2,33.2,0.25,32.71,0.24,1909,0.95703125,RETURNED
8,3,256,1.0,3,16.52,0.24,16.2,0.08,931,0.984375,RETURNED
8,4,256,0.91015625,0,32.87,0.25,32.54,0.08,1908,0.61328125,RETURNED
8,4,256,0.96484375,1,33.37,0.25,32.97,0.15,1907,0.9296875,RETURNED
8,4,256,0.98828125,2,32.84,0.14,32.61,0.09,1909,0.9609375,RETURNED
8,4,256,0.98828125,3,32.09,0.12,31.97,0.0,1914,0.98046875,LOST
8,5,256,0.92578125,0,33.12,0.3,32.7,0.12,1908,0.61328125,RETURNED
8,5,256,0.96875,1,33.31,0.1,33.09,0.12,1907,0.921875,RETURNED
8,5,256,0.98828125,2,32.9,0.12,32.7,0.08,1909,0.96875,RETURNED
8,5,256,0.9921875,3,32.25,0.11,32.14,0.0,1914,0.98828125,LOST
8,6,256,0.8828125,0,33.05,0.22,32.74,0.09,1908,0.625,RETURNED
8,6,256,0.9609375,1,33.12,0.12,32.91,0.08,1907,0.92578125,RETURNED
8,6,256,0.96484375,2,32.93,0.2,32.64,0.09,1909,0.94140625,RETURNED
8,6,256,0.9921875,3,32.3,0.23,32.06,0.0,1914,0.9765625,LOST
8,7,256,0.91015625,0,33.65,0.21,33.36,0.07,1908,0.63671875,RETURNED
8,7,256,0.95703125,1,34.11,0.17,33.83,0.12,1907,0.921875,RETURNED
8,7,256,0.98046875,2,34.02,0.13,33.79,0.09,1909,0.953125,RETURNED
8,7,256,0.984375,3,32.98,0.16,32.82,0.0,1914,0.9765625,LOST
8,8,256,0.92578125,0,33.59,0.11,33.39,0.09,1908,0.62890625,RETURNED
8,8,256,0.96484375,1,33.72,0.11,33.44,0.16,1907,0.9140625,RETURNED
8,8,256,0.97265625,2,33.79,0.09,33.61,0.09,1909,0.95703125,RETURNED
8,8,256,0.9765625,3,33.62,0.1,33.51,0.0,1914,0.96484375,LOST
8,9,256,0.91015625,0,33.6,0.29,33.1,0.22,1908,0.62890625,RETURNED
8,9,256,0.94140625,1,33.16,0.21,32.87,0.08,1907,0.89453125,RETURNED
8,9,256,0.984375,2,33.21,0.18,32.94,0.09,1909,0.96484375,RETURNED
8,9,256,0.9765625,3,33.64,0.26,33.38,0.0,1914,0.98046875,LOST
8,10,256,0.88671875,0,33.0,0.11,32.78,0.11,1908,0.609375,RETURNED
8,10,256,0.96484375,1,33.49,0.27,33.07,0.15,1907,0.8984375,RETURNED
8,10,256,0.98046875,2,32.84,0.11,32.65,0.08,1909,0.953125,RETURNED
8,10,256,0.98828125,3,34.34,0.2,34.14,0.0,1914,0.984375,LOST
8,11,256,0.921875,0,33.3,0.14,33.0,0.16,1908,0.61328125,RETURNED
8,11,256,0.90625,1,33.15,0.12,32.97,0.06,1907,0.625,RETURNED
8,11,256,0.984375,2,33.2,0.22,32.8,0.18,1909,0.9609375,RETURNED
8,11,256,0.98828125,3,33.81,0.24,33.57,0.0,1914,0.984375,LOST
8,12,256,0.9140625,0,33.76,0.14,33.48,0.14,1908,0.62109375,RETURNED
8,12,256,0.95703125,1,33.41,0.09,33.24,0.07,1907,0.90234375,RETURNED
8,12,256,0.96484375,2,33.1,0.13,32.82,0.15,1909,0.95703125,RETURNED
8,12,256,0.9921875,3,33.8,0.12,33.68,0.0,1914,0.98046875,LOST
8,13,256,0.9140625,0,33.74,0.11,33.45,0.18,1908,0.6328125,RETURNED
8,13,256,0.953125,1,33.72,0.24,33.39,0.08,1907,0.8828125,RETURNED
8,13,256,0.9765625,2,33.31,0.17,33.04,0.09,1909,0.95703125,RETURNED
8,13,256,0.99609375,3,34.07,0.18,33.9,0.0,1914,0.98046875,LOST
8,14,256,0.9140625,0,30.73,0.2,30.38,0.15,1908,0.61328125,RETURNED
8,14,256,0.9609375,1,30.44,0.11,30.2,0.14,1907,0.9140625,RETURNED
8,14,256,0.98828125,2,30.46,0.12,30.13,0.2,1909,0.9609375,RETURNED
8,14,256,0.9765625,3,30.5,0.19,30.32,0.0,1914,0.97265625,LOST
8,15,256,0.90625,0,31.07,0.1,30.88,0.1,1908,0.62890625,RETURNED
8,15,256,0.953125,1,30.79,0.12,30.53,0.15,1907,0.9140625,RETURNED
8,15,256,0.98046875,2,30.28,0.19,30.02,0.07,1909,0.9140625,RETURNED
8,15,256,0.9921875,3,30.52,0.27,30.25,0.0,1914,0.98046875,LOST
9,150.37,0.18
9,0,256,0.90625,0,37.14,0.24,36.82,0.08,1908,0.6171875,RETURNED
9,0,256,0.953125,1,36.52,0.1,36.16,0.26,1907,0.875,RETURNED
9,0,256,0.9765625,2,36.89,0.11,36.56,0.22,1909,0.96875,RETURNED
9,1,256,0.91015625,0,36.21,0.12,36.01,0.08,1908,0.62109375,RETURNED
9,1,256,0.953125,1,36.72,0.46,36.13,0.13,1907,0.921875,RETURNED
9,1,256,0.9765625,2,37.13,0.23,36.76,0.14,1909,0.953125,RETURNED
9,2,256,0.9140625,0,37.44,0.15,37.12,0.16,1908,0.61328125,RETURNED
9,2,256,0.94921875,1,37.09,0.09,36.93,0.07,1907,0.921875,RETURNED
9,2,256,0.97265625,2,36.59,0.23,36.25,0.11,1909,0.9609375,RETURNED
9,3,256,0.921875,0,35.24,0.12,34.99,0.13,1908,0.60546875,RETURNED
9,3,256,0.96484375,1,35.02,0.13,34.65,0.24,1907,0.921875,RETURNED
9,3,256,0.9765625,2,35.81,0.12,35.62,0.07,1909,0.9609375,RETURNED
9,3,256,1.0,3,18.02,0.11,17.82,0.08,1009,0.9765625,RETURNED
9,4,256,0.921875,0,35.94,0.15,35.71,0.07,1908,0.609375,RETURNED
9,4,256,0.9609375,1,35.66,0.11,35.38,0.16,1907,0.921875,RETURNED
9,4,256,0.9765625,2,36.1,0.13,35.9,0.07,1909,0.96875,RETURNED
9,5,256,0.91796875,0,36.47,0.1,36.27,0.11,1908,0.62109375,RETURNED
9,5,256,0.9453125,1,36.36,0.11,36.12,0.12,1907,0.921875,RETURNED
9,5,256,0.984375,2,36.53,0.1,36.3,0.13,1909,0.953125,RETURNED
9,6,256,0.93359375,0,35.79,0.13,35.49,0.17,1908,0.6171875,RETURNED
9,6,256,0.96875,1,35.17,0.1,34.98,0.09,1907,0.9296875,RETURNED
9,6,256,0.96875,2,36.05,0.12,35.76,0.16,1909,0.93359375,RETURNED
9,7,256,0.9296875,0,36.23,0.11,35.98,0.14,1908,0.61328125,RETURNED
9,7,256,0.9609375,1,36.15,0.18,35.87,0.1,1907,0.90625,RETURNED
9,7,256,0.9921875,2,36.49,0.16,36.23,0.1,1909,0.9609375,RETURNED
9,8,256,0.90234375,0,33.2,0.18,32.93,0.1,1908,0.6328125,RETURNED
9,8,256,0.9765625,1,32.59,0.22,32.29,0.08,1907,0.90234375,RETURNED
9,8,256,0.9765625,2,33.14,0.1,32.97,0.07,1909,0.96484375,RETURNED
9,8,256,0.9765625,3,31.72,0.24,31.49,0.0,1914,0.96875,LOST
9,9,256,0.91796875,0,33.11,0.1,32.93,0.08,1908,0.61328125,RETURNED
9,9,256,0.96484375,1,32.52,0.1,32.35,0.07,1907,0.91015625,RETURNED
9,9,256,0.97265625,2,33.25,0.11,33.05,0.08,1909,0.953125,RETURNED
9,9,256,0.99609375,3,31.64,0.15,31.49,0.0,1914,0.9765625,LOST
9,10,256,0.875,0,33.34,0.12,32.97,0.26,1908,0.61328125,RETURNED
9,10,256,0.94921875,1,32.54,0.09,32.36,0.09,1907,0.8828125,RETURNED
9,10,256,0.96875,2,33.26,0.1,32.95,0.21,1909,0.94140625,RETURNED
9,10,256,0.98828125,3,31.81,0.23,31.58,0.0,1914,0.9765625,LOST
9,11,256,0.91796875,0,33.01,0.11,32.79,0.1,1908,0.6171875,RETURNED
9,11,256,0.92578125,1,32.54,0.12,32.3,0.13,1907,0.78515625,RETURNED
9,11,256,0.96875,2,33.04,0.19,32.73,0.12,1909,0.9296875,RETURNED
9,11,256,0.98828125,3,31.64,0.19,31.44,0.0,1914,0.96875,LOST
9,12,256,0.8984375,0,33.33,0.13,33.01,0.2,1908,0.62109375,RETURNED
9,12,256,0.9609375,1,32.55,0.11,32.31,0.13,1907,0.90234375,RETURNED
9,12,256,0.9921875,2,33.35,0.12,33.16,0.07,1909,0.9765625,RETURNED
9,12,256,0.984375,3,31.65,0.1,31.54,0.0,1914,0.97265625,LOST
9,13,256,0.921875,0,33.91,0.16,33.45,0.29,1908,0.6328125,RETURNED
9,13,256,0.95703125,1,33.37,0.11,33.15,0.11,1907,0.91796875,RETURNED
9,13,256,0.9609375,2,33.58,0.1,33.4,0.08,1909,0.94140625,RETURNED
9,13,256,0.9921875,3,32.01,0.12,31.89,0.0,1914,0.9765625,LOST
9,14,256,0.91796875,0,33.16,0.18,32.9,0.08,1908,0.6171875,RETURNED
9,14,256,0.95703125,1,32.69,0.2,32.4,0.1,1907,0.88671875,RETURNED
9,14,256,0.9609375,2,33.18,0.17,32.91,0.1,1909,0.96484375,RETURNED
9,14,256,0.97265625,3,31.75,0.15,31.6,0.0,1914,0.9375,LOST
9,15,256,0.8984375,0,34.04,0.15,33.81,0.07,1908,0.6484375,RETURNED
9,15,256,0.95703125,1,33.55,0.16,33.26,0.13,1907,0.9140625,RETURNED
9,15,256,0.98828125,2,34.07,0.11,33.88,0.09,1909,0.9765625,RETURNED
9,15,256,1.0,3,13.13,0.12,12.95,0.06,739,0.9921875,RETURNED
10,193.31,0.17
10,0,256,0.89453125,0,33.25,0.12,33.05,0.07,1908,0.62890625,RETURNED
10,0,256,0.9453125,1,33.71,0.16,33.45,0.1,1907,0.87109375,RETURNED
10,0,256,0.98046875,2,33.37,0.18,33.07,0.12,1909,0.9453125,RETURNED
10,0,256,0.98046875,3,33.86,0.12,33.74,0.0,1914,0.96484375,LOST
10,0,256,0.98046875,4,33.22,0.11,32.97,0.14,1896,0.9765625,RETURNED
10,1,256,0.90625,0,32.61,0.11,32.39,0.11,1908,0.65234375,RETURNED
10,1,256,0.9765625,1,33.38,0.34,32.96,0.08,1907,0.90625,RETURNED
10,1,256,0.984375,2,32.49,0.11,32.31,0.08,1909,0.9765625,RETURNED
10,1,256,0.9921875,3,33.09,0.1,32.99,0.0,1914,0.9765625,LOST
10,1,256,0.98828125,4,32.59,0.12,32.35,0.11,1896,0.96875,RETURNED
10,2,256,0.8828125,0,33.14,0.36,32.68,0.11,1908,0.61328125,RETURNED
10,2,256,0.9375,1,33.09,0.19,32.83,0.07,1907,0.87890625,RETURNED
10,2,256,0.95703125,2,32.58,0.14,32.31,0.12,1909,0.953125,RETURNED
10,2,256,0.9765625,3,33.02,0.12,32.9,0.0,1914,0.96875,LOST
10,2,256,0.9765625,4,33.12,0.33,32.5,0.28,1896,0.97265625,RETURNED
10,3,256,0.8984375,0,32.89,0.2,32.62,0.07,1908,0.625,RETURNED
10,3,256,0.94921875,1,33.22,0.14,33.0,0.08,1907,0.91015625,RETURNED
10,3,256,0.96875,2,32.63,0.15,32.4,0.07,1909,0.94921875,RETURNED
10,3,256,0.98828125,3,33.35,0.13,33.22,0.0,1914,0.984375,LOST
10,3,256,0.98046875,4,32.91,0.21,32.64,0.07,1896,0.96875,RETURNED
10,4,256,0.91015625,0,32.75,0.12,32.55,0.08,1908,0.61328125,RETURNED
10,4,256,0.95703125,1,33.3,0.13,33.07,0.1,1907,0.89453125,RETURNED
10,4,256,0.97265625,2,32.79,0.12,32.51,0.16,1909,0.94921875,RETURNED
10,4,256,0.984375,3,33.44,0.17,33.26,0.0,1914,0.98828125,LOST
10,4,256,0.98046875,4,32.91,0.11,32.73,0.07,1896,0.97265625,RETURNED
10,5,256,0.91015625,0,32.88,0.29,32.47,0.13,1908,0.60546875,RETURNED
10,5,256,0.96484375,1,33.25,0.23,32.9,0.12,1907,0.8984375,RETURNED
10,5,256,0.98046875,2,32.65,0.12,32.41,0.12,1909,0.95703125,RETURNED
10,5,256,0.98828125,3,33.16,0.13,33.03,0.0,1914,0.98828125,LOST
10,5,256,0.98046875,4,32.62,0.11,32.43,0.08,1896,0.96875,RETURNED
10,6,256,0.90625,0,32.86,0.11,32.61,0.13,1908,0.61328125,RETURNED
10,6,256,0.9375,1,33.36,0.11,32.83,0.41,1907,0.90625,RETURNED
10,6,256,0.98046875,2,32.52,0.11,32.33,0.08,1909,0.95703125,RETURNED
10,6,256,0.98828125,3,33.14,0.1,33.05,0.0,1914,0.98046875,LOST
10,6,256,0.9921875,4,32.76,0.16,32.52,0.09,1896,0.98046875,RETURNED
10,7,256,0.90625,0,32.78,0.1,32.59,0.08,1908,0.6171875,RETURNED
10,7,256,0.94921875,1,33.31,0.23,32.98,0.11,1907,0.90625,RETURNED
10,7,256,0.96875,2,32.85,0.14,32.63,0.08,1909,0.9453125,RETURNED
10,7,256,0.98828125,3,33.46,0.19,33.27,0.0,1914,0.98828125,LOST
10,7,256,0.98828125,4,32.72,0.12,32.53,0.07,1896,0.96875,RETURNED
10,8,256,0.8984375,0,32.91,0.13,32.65,0.12,1908,0.61328125,RETURNED
10,8,256,0.9296875,1,33.09,0.14,32.86,0.09,1907,0.90625,RETURNED
10,8,256,0.9765625,2,32.82,0.13,32.57,0.12,1909,0.9296875,RETURNED
10,8,256,0.984375,3,33.25,0.17,33.08,0.0,1914,0.9609375,LOST
10,8,256,0.984375,4,32.18,0.29,31.82,0.07,1896,0.97265625,RETURNED
10,9,256,0.9296875,0,32.93,0.12,32.72,0.08,1908,0.62890625,RETURNED
10,9,256,0.9375,1,33.37,0.17,33.04,0.17,1907,0.87890625,RETURNED
10,9,256,0.96875,2,32.9,0.16,32.62,0.12,1909,0.94140625,RETURNED
10,9,256,0.98046875,3,33.65,0.11,33.54,0.0,1914,0.96875,LOST
10,9,256,0.9765625,4,32.33,0.16,32.09,0.07,1896,0.98828125,RETURNED
10,10,256,0.90234375,0,32.91,0.12,32.7,0.09,1908,0.625,RETURNED
10,10,256,0.95703125,1,33.15,0.1,32.99,0.06,1907,0.90625,RETURNED
10,10,256,0.96484375,2,32.75,0.16,32.51,0.08,1909,0.9453125,RETURNED
10,10,256,0.984375,3,33.26,0.12,33.14,0.0,1914,0.97265625,LOST
10,10,256,0.98828125,4,32.09,0.14,31.84,0.11,1896,0.98046875,RETURNED
10,11,256,0.9140625,0,33.2,0.34,32.78,0.08,1908,0.62109375,RETURNED
10,11,256,0.94921875,1,33.43,0.31,33.01,0.1,1907,0.90625,RETURNED
10,11,256,0.98828125,2,33.0,0.19,32.67,0.14,1909,0.9765625,RETURNED
10,11,256,0.98828125,3,33.26,0.1,33.16,0.0,1914,0.98046875,LOST
10,11,256,0.98828125,4,32.19,0.2,31.91,0.08,1896,0.953125,RETURNED
10,12,256,0.90625,0,33.0,0.13,32.79,0.08,1908,0.609375,RETURNED
10,12,256,0.953125,1,33.23,0.12,33.04,0.08,1907,0.92578125,RETURNED
10,12,256,0.97265625,2,33.0,0.12,32.82,0.06,1909,0.95703125,RETURNED
10,12,256,0.98828125,3,33.42,0.11,33.32,0.0,1914,0.984375,LOST
10,12,256,0.98828125,4,32.38,0.13,32.14,0.11,1896,0.98046875,RETURNED
10,13,256,0.91796875,0,32.46,0.13,32.23,0.09,1908,0.62109375,RETURNED
10,13,256,0.9140625,1,32.99,0.23,32.65,0.11,1907,0.61328125,RETURNED
10,13,256,0.95703125,2,32.72,0.15,32.26,0.31,1909,0.91015625,RETURNED
10,13,256,0.9609375,3,33.27,0.37,32.9,0.0,1914,0.94921875,LOST
10,13,256,0.984375,4,31.98,0.12,31.73,0.13,1896,0.98046875,RETURNED
10,14,256,0.91015625,0,32.75,0.12,32.54,0.09,1908,0.62109375,RETURNED
10,14,256,0.95703125,1,32.93,0.1,32.74,0.09,1907,0.90234375,RETURNED
10,14,256,0.96484375,2,32.77,0.26,32.41,0.1,1909,0.90625,RETURNED
10,14,256,0.9765625,3,33.28,0.11,33.17,0.0,1914,0.96484375,LOST
10,14,256,1.0,4,20.53,0.1,20.34,0.09,1189,0.984375,RETURNED
10,15,256,0.9140625,0,32.92,0.17,32.66,0.09,1908,0.60546875,RETURNED
10,15,256,0.95703125,1,33.06,0.1,32.89,0.06,1907,0.9296875,RETURNED
10,15,256,0.95703125,2,32.89,0.13,32.57,0.18,1909,0.88671875,RETURNED
10,15,256,0.99609375,3,33.67,0.2,33.47,0.0,1914,0.9765625,LOST
10,15,256,0.98828125,4,32.3,0.33,31.89,0.07,1896,0.98828125,RETURNED
11,248.86,0.17
11,0,256,0.91015625,0,35.38,0.12,35.14,0.12,1908,0.609375,RETURNED
11,0,256,0.953125,1,35.17,0.13,34.82,0.21,1907,0.9140625,RETURNED
11,0,256,0.98046875,2,35.95,0.13,35.75,0.07,1909,0.95703125,RETURNED
11,0,256,0.9921875,3,35.56,0.19,35.37,0.0,1914,0.9765625,LOST
11,0,256,0.98828125,4,35.79,0.34,35.38,0.07,1896,0.98046875,RETURNED
11,0,256,0.98828125,5,36.16,0.09,36.07,0.0,1922,0.9921875,LOST
11,1,256,0.90234375,0,37.32,0.21,36.99,0.12,1908,0.609375,RETURNED
11,1,256,0.9609375,1,36.91,0.15,36.62,0.15,1907,0.921875,RETURNED
11,1,256,0.98046875,2,37.53,0.16,37.28,0.09,1909,0.9375,RETURNED
11,1,256,0.98828125,3,37.25,0.13,37.12,0.0,1914,0.98046875,LOST
11,1,256,0.9765625,4,36.89,0.09,36.7,0.1,1896,0.96875,RETURNED
11,1,256,0.98828125,5,37.72,0.15,37.57,0.0,1922,0.98828125,LOST
11,2,256,0.9140625,0,35.99,0.1,35.8,0.08,1908,0.625,RETURNED
11,2,256,0.95703125,1,35.65,0.13,35.4,0.12,1907,0.90625,RETURNED
11,2,256,0.98046875,2,36.16,0.18,35.89,0.09,1909,0.9609375,RETURNED
11,2,256,0.9921875,3,35.88,0.37,35.52,0.0,1914,0.98046875,LOST
11,2,256,0.98046875,4,35.8,0.18,35.53,0.09,1896,0.984375,RETURNED
11,2,256,0.9921875,5,36.42,0.12,36.3,0.0,1922,0.9921875,LOST
11,3,256,0.88671875,0,37.02,0.34,36.56,0.12,1908,0.62109375,RETURNED
11,3,256,0.921875,1,36.42,0.16,36.14,0.12,1907,0.87890625,RETURNED
11,3,256,0.984375,2,36.68,0.11,36.49,0.09,1909,0.94140625,RETURNED
11,3,256,0.984375,3,36.37,0.19,36.17,0.0,1914,0.984375,LOST
11,3,256,0.984375,4,36.32,0.19,36.01,0.12,1896,0.96875,RETURNED
11,3,256,0.9921875,5,37.37,0.17,37.2,0.0,1922,0.9921875,LOST
11,4,256,0.9140625,0,36.38,0.19,36.04,0.14,1908,0.62109375,RETURNED
11,4,256,0.953125,1,35.72,0.09,35.55,0.07,1907,0.90234375,RETURNED
11,4,256,0.96484375,2,36.75,0.23,36.38,0.15,1909,0.9453125,RETURNED
11,4,256,0.97265625,3,35.83,0.09,35.74,0.0,1914,0.96875,LOST
11,4,256,0.984375,4,35.96,0.11,35.77,0.08,1896,0.984375,RETURNED
11,4,256,0.98828125,5,36.77,0.1,36.67,0.0,1922,0.98828125,LOST
11,5,256,0.90625,0,35.84,0.1,35.47,0.27,1908,0.62109375,RETURNED
11,5,256,0.9453125,1,36.01,0.6,35.33,0.09,1907,0.90625,RETURNED
11,5,256,0.9765625,2,36.09,0.2,35.8,0.09,1909,0.953125,RETURNED
11,5,256,0.98828125,3,35.63,0.12,35.51,0.0,1914,0.9765625,LOST
11,5,256,0.99609375,4,36.08,0.28,35.72,0.08,1896,0.97265625,RETURNED
11,5,256,0.99609375,5,36.44,0.12,36.31,0.0,1922,0.98828125,LOST
11,6,256,0.8984375,0,36.75,0.16,36.51,0.08,1908,0.6328125,RETURNED
11,6,256,0.9453125,1,36.05,0.12,35.84,0.09,1907,0.8984375,RETURNED
11,6,256,0.97265625,2,36.55,0.1,36.38,0.08,1909,0.9453125,RETURNED
11,6,256,0.984375,3,36.36,0.13,36.22,0.0,1914,0.98046875,LOST
11,6,256,0.984375,4,36.3,0.14,36.1,0.07,1896,0.984375,RETURNED
11,6,256,0.98828125,5,37.22,0.18,37.03,0.0,1922,0.98828125,LOST
11,7,256,0.91015625,0,35.97,0.31,35.6,0.06,1908,0.609375,RETURNED
11,7,256,0.953125,1,35.75,0.34,35.3,0.11,1907,0.9140625,RETURNED
11,7,256,0.984375,2,35.97,0.19,35.68,0.1,1909,0.953125,RETURNED
11,7,256,0.98828125,3,35.55,0.14,35.41,0.0,1914,0.97265625,LOST
11,7,256,0.98828125,4,35.59,0.1,35.38,0.1,1896,0.9765625,RETURNED
11,7,256,0.9921875,5,36.34,0.1,36.24,0.0,1922,0.98828125,LOST
11,8,256,0.90234375,0,32.49,0.09,32.28,0.12,1908,0.625,RETURNED
11,8,256,0.90234375,1,32.99,0.11,32.79,0.08,1907,0.62109375,RETURNED
11,8,256,0.9453125,2,32.74,0.09,32.51,0.14,1909,0.90625,RETURNED
11,8,256,0.96875,3,32.55,0.13,32.41,0.0,1914,0.95703125,LOST
11,8,256,0.984375,4,32.37,0.17,32.11,0.08,1896,0.984375,RETURNED
11,8,256,0.984375,5,32.59,0.11,32.48,0.0,1922,0.984375,LOST
11,9,256,0.91796875,0,32.77,0.18,32.51,0.08,1908,0.640625,RETURNED
11,9,256,0.94140625,1,33.17,0.09,32.96,0.11,1907,0.90625,RETURNED
11,9,256,0.9765625,2,33.07,0.1,32.85,0.13,1909,0.94140625,RETURNED
11,9,256,0.97265625,3,33.08,0.37,32.71,0.0,1914,0.9609375,LOST
11,9,256,0.984375,4,32.89,0.11,32.59,0.18,1896,0.9765625,RETURNED
11,9,256,1.0,5,29.65,0.18,29.48,0.0,1725,0.984375,LOST
11,10,256,0.890625,0,32.59,0.1,32.39,0.1,1908,0.6328125,RETURNED
11,10,256,0.9375,1,33.28,0.2,32.96,0.11,1907,0.8828125,RETURNED
11,10,256,0.97265625,2,33.14,0.24,32.82,0.08,1909,0.9375,RETURNED
11,10,256,0.9921875,3,32.7,0.15,32.55,0.0,1914,0.9765625,LOST
11,10,256,0.98046875,4,32.71,0.17,32.42,0.11,1896,0.984375,RETURNED
11,10,256,0.9921875,5,32.8,0.19,32.61,0.0,1922,0.98046875,LOST
11,11,256,0.890625,0,32.78,0.22,32.48,0.08,1908,0.6171875,RETURNED
11,11,256,0.92578125,1,33.2,0.13,32.97,0.09,1907,0.875,RETURNED
11,11,256,0.9765625,2,33.08,0.11,32.82,0.14,1909,0.94140625,RETURNED
11,11,256,0.984375,3,32.89,0.2,32.69,0.0,1914,0.96484375,LOST
11,11,256,0.98828125,4,32.9,0.11,32.72,0.07,1896,0.98046875,RETURNED
11,11,256,0.99609375,5,32.74,0.13,32.61,0.0,1922,0.98046875,LOST
11,12,256,0.90625,0,32.83,0.11,32.64,0.08,1908,0.62109375,RETURNED
11,12,256,0.9453125,1,33.69,0.18,33.43,0.08,1907,0.8984375,RETURNED
11,12,256,0.96875,2,33.47,0.28,33.09,0.1,1909,0.94140625,RETURNED
11,12,256,0.9921875,3,32.99,0.15,32.84,0.0,1914,0.97265625,LOST
11,12,256,0.9921875,4,33.12,0.13,32.9,0.09,1896,0.98046875,RETURNED
11,12,256,0.99609375,5,32.93,0.12,32.81,0.0,1922,0.9921875,LOST
11,13,256,0.8984375,0,32.67,0.14,32.47,0.07,1908,0.61328125,RETURNED
11,13,256,0.94140625,1,32.98,0.1,32.8,0.07,1907,0.89453125,RETURNED
11,13,256,0.9609375,2,32.99,0.15,32.73,0.12,1909,0.89453125,RETURNED
11,13,256,0.9609375,3,32.77,0.31,32.46,0.0,1914,0.94140625,LOST
11,13,256,0.984375,4,32.57,0.1,32.37,0.1,1896,0.98046875,RETURNED
11,13,256,0.98828125,5,32.76,0.19,32.57,0.0,1922,0.984375,LOST
11,14,256,0.92578125,0,32.7,0.1,32.48,0.12,1908,0.625,RETURNED
11,14,256,0.95703125,1,33.67,0.26,33.04,0.37,1907,0.921875,RETURNED
11,14,256,0.97265625,2,32.99,0.1,32.8,0.09,1909,0.92578125,RETURNED
11,14,256,0.98828125,3,32.88,0.2,32.69,0.0,1914,0.96484375,LOST
11,14,256,0.98828125,4,32.71,0.16,32.48,0.07,1896,0.984375,RETURNED
11,14,256,0.9921875,5,32.82,0.17,32.65,0.0,1922,0.984375,LOST
11,15,256,0.92578125,0,33.32,0.27,32.98,0.07,1908,0.64453125,RETURNED
11,15,256,0.9609375,1,33.66,0.1,33.44,0.12,1907,0.91796875,RETURNED
11,15,256,0.9765625,2,33.52,0.1,33.33,0.08,1909,0.94140625,RETURNED
11,15,256,0.99609375,3,33.33,0.13,33.19,0.0,1914,0.9765625,LOST
11,15,256,0.9921875,4,33.29,0.12,33.07,0.09,1896,0.984375,RETURNED
11,15,256,0.9921875,5,33.16,0.09,33.07,0.0,1922,0.9921875,LOST
12,221.69,0.17
12,0,256,0.9140625,0,33.08,0.11,32.77,0.2,1908,0.62890625,RETURNED
12,0,256,0.9609375,1,32.84,0.12,32.63,0.09,1907,0.890625,RETURNED
12,0,256,0.9765625,2,33.1,0.18,32.8,0.12,1909,0.95703125,RETURNED
12,0,256,0.98828125,3,32.95,0.17,32.77,0.0,1914,0.96875,LOST
12,0,256,0.99609375,4,33.3,0.18,33.06,0.06,1896,0.98828125,RETURNED
12,0,256,0.99609375,5,30.99,0.21,30.78,0.0,1922,0.99609375,LOST
12,1,256,0.90625,0,33.15,0.18,32.81,0.15,1908,0.6171875,RETURNED
12,1,256,0.94140625,1,32.92,0.12,32.73,0.07,1907,0.92578125,RETURNED
12,1,256,0.984375,2,33.12,0.11,32.86,0.15,1909,0.95703125,RETURNED
12,1,256,0.99609375,3,32.99,0.22,32.77,0.0,1914,0.9921875,LOST
12,1,256,0.98828125,4,33.47,0.17,33.23,0.07,1896,0.984375,RETURNED
12,1,256,0.984375,5,30.9,0.11,30.79,0.0,1922,0.9921875,LOST
12,2,256,0.9140625,0,33.04,0.13,32.84,0.06,1908,0.62109375,RETURNED
12,2,256,0.96484375,1,33.01,0.23,32.64,0.13,1907,0.90625,RETURNED
12,2,256,0.97265625,2,33.18,0.15,32.96,0.07,1909,0.94921875,RETURNED
12,2,256,0.9765625,3,32.9,0.22,32.68,0.0,1914,0.96484375,LOST
12,2,256,0.99609375,4,33.41,0.17,33.17,0.07,1896,0.98828125,RETURNED
12,2,256,0.98046875,5,30.93,0.13,30.8,0.0,1922,0.98828125,LOST
12,3,256,0.9140625,0,33.22,0.23,32.9,0.09,1908,0.6171875,RETURNED
12,3,256,0.96484375,1,32.98,0.26,32.56,0.15,1907,0.91796875,RETURNED
12,3,256,0.984375,2,32.98,0.09,32.78,0.11,1909,0.9609375,RETURNED
12,3,256,0.984375,3,32.81,0.1,32.71,0.0,1914,0.97265625,LOST
12,3,256,0.9921875,4,33.23,0.11,33.02,0.1,1896,0.984375,RETURNED
12,3,256,0.9921875,5,30.94,0.18,30.76,0.0,1922,0.98828125,LOST
12,4,256,0.91796875,0,33.51,0.21,33.2,0.1,1908,0.625,RETURNED
12,4,256,0.9609375,1,33.33,0.11,33.09,0.13,1907,0.9140625,RETURNED
12,4,256,0.9765625,2,33.63,0.1,33.34,0.18,1909,0.94921875,RETURNED
12,4,256,0.9765625,3,33.26,0.13,33.13,0.0,1914,0.9765625,LOST
12,4,256,0.99609375,4,33.73,0.11,33.53,0.08,1896,0.9921875,RETURNED
12,5,256,0.91796875,0,33.25,0.29,32.88,0.09,1908,0.62109375,RETURNED
12,5,256,0.9609375,1,32.73,0.11,32.55,0.07,1907,0.9140625,RETURNED
12,5,256,0.95703125,2,33.47,0.53,32.81,0.12,1909,0.90625,RETURNED
12,5,256,0.984375,3,32.69,0.12,32.56,0.0,1914,0.97265625,LOST
12,5,256,0.98046875,4,33.23,0.16,32.94,0.14,1896,0.98828125,RETURNED
12,5,256,0.984375,5,30.94,0.26,30.69,0.0,1922,0.98828125,LOST
12,6,256,0.921875,0,33.12,0.24,32.81,0.07,1908,0.6328125,RETURNED
12,6,256,0.94921875,1,33.04,0.19,32.67,0.17,1907,0.9140625,RETURNED
12,6,256,0.97265625,2,33.04,0.12,32.82,0.1,1909,0.95703125,RETURNED
12,6,256,0.98828125,3,32.86,0.13,32.72,0.0,1914,0.98046875,LOST
12,6,256,0.984375,4,33.54,0.2,33.27,0.06,1896,0.984375,RETURNED
12,6,256,1.0,5,0.9,0.11,0.72,0.07,45,0.99609375,RETURNED
12,7,256,0.92578125,0,33.35,0.12,33.08,0.15,1908,0.640625,RETURNED
12,7,256,0.9609375,1,32.98,0.1,32.81,0.07,1907,0.90234375,RETURNED
12,7,256,0.9921875,2,33.24,0.26,32.88,0.1,1909,0.9609375,RETURNED
12,7,256,0.98828125,3,32.99,0.11,32.87,0.0,1914,0.98046875,LOST
12,7,256,0.98046875,4,33.48,0.1,33.23,0.15,1896,0.98046875,RETURNED
12,7,256,0.984375,5,31.06,0.13,30.94,0.0,1922,0.98828125,LOST
12,8,256,0.89453125,0,36.7,0.12,36.5,0.08,1908,0.609375,RETURNED
12,8,256,0.94140625,1,35.51,0.16,35.17,0.18,1907,0.92578125,RETURNED
12,8,256,0.98828125,2,36.77,0.1,36.3,0.36,1909,0.953125,RETURNED
12,8,256,0.9921875,3,36.41,0.25,36.16,0.0,1914,0.98828125,LOST
12,8,256,0.98828125,4,35.14,0.24,34.82,0.08,1896,0.9765625,RETURNED
12,9,256,0.90234375,0,37.08,0.12,36.88,0.09,1908,0.625,RETURNED
12,9,256,0.95703125,1,35.95,0.26,35.6,0.09,1907,0.91796875,RETURNED
12,9,256,0.97265625,2,36.94,0.24,36.56,0.14,1909,0.94921875,RETURNED
12,9,256,0.9921875,3,36.46,0.17,36.29,0.0,1914,0.98828125,LOST
12,9,256,0.984375,4,35.61,0.1,35.37,0.14,1896,0.98046875,RETURNED
12,10,256,0.8984375,0,38.14,0.1,37.81,0.22,1908,0.6171875,RETURNED
12,10,256,0.9453125,1,36.19,0.13,35.95,0.11,1907,0.91015625,RETURNED
12,10,256,0.96875,2,37.05,0.13,36.79,0.13,1909,0.94921875,RETURNED
12,10,256,0.9921875,3,36.98,0.19,36.78,0.0,1914,0.9921875,LOST
12,10,256,0.98828125,4,35.95,0.12,35.64,0.19,1896,0.98828125,RETURNED
12,11,256,0.8984375,0,37.99,0.12,37.65,0.22,1908,0.609375,RETURNED
12,11,256,0.96484375,1,36.49,0.11,36.28,0.1,1907,0.91796875,RETURNED
12,11,256,0.98828125,2,37.55,0.11,37.36,0.08,1909,0.953125,RETURNED
12,11,256,0.99609375,3,37.42,0.16,37.25,0.0,1914,0.9921875,LOST
12,11,256,0.97265625,4,36.51,0.12,36.32,0.07,1896,0.97265625,RETURNED
12,12,256,0.9140625,0,36.9,0.17,36.62,0.11,1908,0.625,RETURNED
12,12,256,0.96484375,1,35.4,0.26,35.06,0.09,1907,0.91796875,RETURNED
12,12,256,0.98046875,2,36.38,0.11,36.17,0.1,1909,0.96484375,RETURNED
12,12,256,0.984375,3,36.05,0.22,35.83,0.0,1914,0.98046875,LOST
12,12,256,0.98828125,4,35.27,0.27,34.91,0.1,1896,0.9765625,RETURNED
12,13,256,0.90234375,0,37.29,0.16,37.06,0.07,1908,0.62890625,RETURNED
12,13,256,0.96875,1,36.25,0.13,35.7,0.41,1907,0.8984375,RETURNED
12,13,256,0.9765625,2,36.84,0.14,36.6,0.1,1909,0.9609375,RETURNED
12,13,256,0.98828125,3,36.57,0.16,36.4,0.0,1914,0.98046875,LOST
12,13,256,0.98828125,4,36.08,0.55,35.44,0.09,1896,0.984375,RETURNED
12,14,256,0.9140625,0,37.02,0.1,36.82,0.09,1908,0.62890625,RETURNED
12,14,256,0.96875,1,35.56,0.11,35.37,0.08,1907,0.91796875,RETURNED
12,14,256,0.98828125,2,36.84,0.23,36.51,0.09,1909,0.96484375,RETURNED
12,14,256,0.9921875,3,37.15,0.49,36.66,0.0,1914,0.98828125,LOST
12,14,256,0.99609375,4,35.23,0.24,34.9,0.09,1896,0.9921875,RETURNED
12,15,256,0.89453125,0,36.37,0.1,36.2,0.07,1908,0.6328125,RETURNED
12,15,256,0.94140625,1,35.26,0.27,34.86,0.13,1907,0.87890625,RETURNED
12,15,256,0.98828125,2,36.0,0.16,35.77,0.07,1909,0.9609375,RETURNED
12,15,256,0.99609375,3,35.59,0.12,35.46,0.0,1914,0.9921875,LOST
12,15,256,0.984375,4,35.05,0.29,34.61,0.15,1896,0.9765625,RETURNED
13,204.91,0.19
13,0,256,0.91015625,0,30.82,0.12,30.57,0.13,1908,0.62109375,RETURNED
13,0,256,0.95703125,1,30.91,0.22,30.54,0.15,1907,0.86328125,RETURNED
13,0,256,0.9609375,2,30.6,0.11,30.43,0.07,1909,0.9375,RETURNED
13,0,256,0.9765625,3,30.62,0.11,30.51,0.0,1914,0.97265625,LOST
13,0,256,1.0,4,26.81,0.12,26.69,0.0,1660,0.984375,LOST
13,1,256,0.92578125,0,30.84,0.11,30.6,0.12,1908,0.6328125,RETURNED
13,1,256,0.94921875,1,30.83,0.22,30.51,0.09,1907,0.69921875,RETURNED
13,1,256,0.97265625,2,30.88,0.46,30.35,0.06,1909,0.953125,RETURNED
13,1,256,0.984375,3,30.62,0.11,30.51,0.0,1914,0.97265625,LOST
13,1,256,0.984375,4,30.57,0.28,30.15,0.14,1896,0.96875,RETURNED
13,2,256,0.90625,0,60.64,0.18,60.33,0.13,1908,0.62890625,RETURNED
13,2,256,0.96875,1,61.34,0.19,61.05,0.1,1907,0.90625,RETURNED
13,2,256,0.96484375,2,61.28,0.08,61.05,0.15,1909,0.96875,RETURNED
13,3,256,0.921875,0,30.93,0.24,30.55,0.14,1908,0.62890625,RETURNED
13,3,256,0.9609375,1,30.66,0.08,30.51,0.07,1907,0.859375,RETURNED
13,3,256,0.96875,2,30.64,0.17,30.34,0.13,1909,0.9453125,RETURNED
13,3,256,0.96484375,3,30.62,0.09,30.52,0.0,1914,0.95703125,LOST
13,3,256,0.99609375,4,30.35,0.11,30.14,0.09,1896,0.98046875,RETURNED
13,4,256,0.890625,0,61.84,0.14,61.2,0.51,1908,0.61328125,RETURNED
13,4,256,0.95703125,1,62.44,0.18,62.02,0.24,1907,0.94140625,RETURNED
13,4,256,0.984375,2,62.14,0.17,61.79,0.18,1909,0.9765625,RETURNED
13,5,256,0.8984375,0,31.61,0.15,30.83,0.64,1908,0.61328125,RETURNED
13,5,256,0.9609375,1,31.23,0.15,31.0,0.08,1907,0.91796875,RETURNED
13,5,256,0.9765625,2,30.86,0.17,30.48,0.22,1909,0.9375,RETURNED
13,5,256,0.984375,3,30.82,0.11,30.71,0.0,1914,0.96875,LOST
13,5,256,0.984375,4,30.66,0.21,30.34,0.12,1896,0.96875,RETURNED
13,6,256,0.91796875,0,61.47,0.15,61.23,0.09,1908,0.62109375,RETURNED
13,6,256,0.953125,1,61.44,0.12,61.24,0.09,1907,0.8984375,RETURNED
13,6,256,0.97265625,2,58.4,0.11,58.22,0.07,1909,0.953125,RETURNED
13,7,256,0.91015625,0,61.08,0.11,60.89,0.09,1908,0.60546875,RETURNED
13,7,256,0.96484375,1,61.2,0.09,60.99,0.12,1907,0.9453125,RETURNED
13,7,256,0.96875,2,60.47,0.1,60.19,0.17,1909,0.96875,RETURNED
13,8,256,0.90625,0,36.03,0.18,35.77,0.07,1908,0.62109375,RETURNED
13,8,256,0.9296875,1,36.98,0.22,36.42,0.34,1907,0.90234375,RETURNED
13,8,256,0.98046875,2,36.24,0.08,36.08,0.08,1909,0.97265625,RETURNED
13,8,256,0.984375,3,36.42,0.12,36.3,0.0,1914,0.984375,LOST
13,9,256,0.91015625,0,35.51,0.28,35.08,0.15,1908,0.609375,RETURNED
13,9,256,0.953125,1,36.21,0.1,36.02,0.09,1907,0.90625,RETURNED
13,9,256,0.97265625,2,35.69,0.45,35.18,0.07,1909,0.9609375,RETURNED
13,9,256,0.98828125,3,35.6,0.2,35.39,0.0,1914,0.96875,LOST
13,10,256,0.9140625,0,36.32,0.29,35.91,0.11,1908,0.6171875,RETURNED
13,10,256,0.9609375,1,36.65,0.12,36.44,0.09,1907,0.921875,RETURNED
13,10,256,0.98828125,2,36.5,0.18,36.23,0.08,1909,0.95703125,RETURNED
13,10,256,0.984375,3,36.55,0.14,36.41,0.0,1914,0.97265625,LOST
13,11,256,0.90625,0,35.69,0.09,35.47,0.13,1908,0.61328125,RETURNED
13,11,256,0.94140625,1,36.65,0.32,36.23,0.1,1907,0.859375,RETURNED
13,11,256,0.96484375,2,36.29,0.28,35.87,0.14,1909,0.94921875,RETURNED
13,11,256,0.9921875,3,36.35,0.29,36.06,0.0,1914,0.9765625,LOST
13,12,256,0.8828125,0,36.53,0.11,36.33,0.08,1908,0.61328125,RETURNED
13,12,256,0.94921875,1,37.1,0.15,36.88,0.07,1907,0.921875,RETURNED
13,12,256,0.984375,2,36.85,0.11,36.67,0.07,1909,0.9609375,RETURNED
13,12,256,0.9921875,3,36.69,0.11,36.58,0.0,1914,0.98046875,LOST
13,13,256,0.90234375,0,35.88,0.09,35.33,0.46,1908,0.6171875,RETURNED
13,13,256,0.95703125,1,36.24,0.11,35.87,0.25,1907,0.92578125,RETURNED
13,13,256,0.96875,2,35.93,0.11,35.56,0.26,1909,0.94140625,RETURNED
13,13,256,0.9921875,3,36.14,0.3,35.84,0.0,1914,0.97265625,LOST
13,14,256,0.921875,0,34.41,0.12,34.13,0.16,1908,0.6171875,RETURNED
13,14,256,0.9609375,1,34.84,0.11,34.65,0.08,1907,0.89453125,RETURNED
13,14,256,0.9765625,2,34.57,0.22,34.27,0.08,1909,0.953125,RETURNED
13,14,256,0.9921875,3,34.63,0.22,34.41,0.0,1914,0.9765625,LOST
13,14,256,0.984375,4,33.61,0.15,33.21,0.26,1896,0.9765625,RETURNED
13,15,256,0.890625,0,35.94,0.22,35.63,0.08,1908,0.62109375,RETURNED
13,15,256,0.97265625,1,36.74,0.28,36.33,0.13,1907,0.91015625,RETURNED
13,15,256,0.9609375,2,36.37,0.21,36.02,0.14,1909,0.9453125,RETURNED
13,15,256,0.98828125,3,36.33,0.28,36.05,0.0,1914,0.9765625,LOST
14,214.76,0.22
14,0,256,0.90234375,0,31.21,0.19,30.85,0.18,1908,0.62109375,RETURNED
14,0,256,0.9609375,1,30.92,0.17,30.57,0.18,1907,0.890625,RETURNED
14,0,256,0.95703125,2,30.85,0.12,30.65,0.09,1909,0.90625,RETURNED
14,0,256,0.953125,3,30.77,0.1,30.67,0.0,1914,0.94921875,LOST
14,0,256,0.984375,4,30.91,0.25,30.57,0.09,1896,0.9765625,RETURNED
14,1,256,0.90625,0,31.08,0.1,30.89,0.08,1908,0.625,RETURNED
14,1,256,0.96875,1,30.85,0.22,30.56,0.07,1907,0.90625,RETURNED
14,1,256,0.96484375,2,30.88,0.16,30.66,0.07,1909,0.9296875,RETURNED
14,1,256,0.98046875,3,30.81,0.15,30.66,0.0,1914,0.9609375,LOST
14,1,256,0.9765625,4,30.96,0.22,30.63,0.11,1896,0.96875,RETURNED
14,2,256,0.93359375,0,61.15,0.28,60.68,0.19,1908,0.60546875,RETURNED
14,2,256,0.94921875,1,61.69,0.35,61.17,0.17,1907,0.87109375,RETURNED
14,2,256,0.9765625,2,61.4,0.1,61.21,0.09,1909,0.96875,RETURNED
14,3,256,0.91015625,0,30.94,0.1,30.73,0.12,1908,0.609375,RETURNED
14,3,256,0.89453125,1,30.64,0.14,30.42,0.08,1907,0.6171875,RETURNED
14,3,256,0.97265625,2,30.73,0.12,30.53,0.08,1909,0.92578125,RETURNED
14,3,256,0.96875,3,31.04,0.45,30.59,0.0,1914,0.94921875,LOST
14,3,256,0.99609375,4,30.66,0.12,30.46,0.07,1896,0.98046875,RETURNED
14,4,256,0.91796875,0,60.88,0.15,60.63,0.1,1908,0.62890625,RETURNED
14,4,256,0.95703125,1,61.42,0.11,61.23,0.08,1907,0.92578125,RETURNED
14,4,256,0.984375,2,61.16,0.15,60.91,0.09,1909,0.95703125,RETURNED
14,5,256,0.91796875,0,31.28,0.21,30.84,0.23,1908,0.63671875,RETURNED
14,5,256,0.94921875,1,30.8,0.19,30.52,0.09,1907,0.84765625,RETURNED
14,5,256,0.98046875,2,30.8,0.1,30.63,0.08,1909,0.9609375,RETURNED
14,5,256,0.984375,3,30.85,0.13,30.72,0.0,1914,0.96875,LOST
14,5,256,0.97265625,4,30.96,0.16,30.65,0.16,1896,0.9609375,RETURNED
14,6,256,0.890625,0,61.2,0.27,60.81,0.13,1908,0.6171875,RETURNED
14,6,256,0.9609375,1,61.17,0.12,60.95,0.1,1907,0.95703125,RETURNED
14,6,256,0.984375,2,59.73,0.12,59.31,0.29,1909,0.96875,RETURNED
14,7,256,0.90234375,0,61.51,0.29,61.13,0.09,1908,0.6171875,RETURNED
14,7,256,0.953125,1,61.33,0.1,61.02,0.21,1907,0.9140625,RETURNED
14,7,256,0.984375,2,59.04,0.21,58.77,0.07,1909,0.97265625,RETURNED
14,8,256,0.90625,0,33.53,0.14,33.31,0.07,1908,0.62109375,RETURNED
14,8,256,0.9453125,1,32.99,0.09,32.77,0.13,1907,0.8671875,RETURNED
14,8,256,0.97265625,2,33.28,0.12,33.09,0.07,1909,0.9453125,RETURNED
14,8,256,0.9765625,3,32.8,0.1,32.7,0.0,1914,0.9765625,LOST
14,8,256,0.984375,4,33.54,0.11,33.29,0.15,1896,0.9765625,RETURNED
14,9,256,0.90625,0,33.41,0.16,33.1,0.14,1908,0.61328125,RETURNED
14,9,256,0.96875,1,32.92,0.21,32.63,0.07,1907,0.91796875,RETURNED
14,9,256,0.9765625,2,33.03,0.11,32.84,0.08,1909,0.953125,RETURNED
14,9,256,0.9765625,3,32.69,0.12,32.58,0.0,1914,0.95703125,LOST
14,9,256,0.984375,4,33.11,0.11,32.92,0.08,1896,0.9765625,RETURNED
14,10,256,0.921875,0,33.33,0.12,33.13,0.08,1908,0.6171875,RETURNED
14,10,256,0.9609375,1,33.02,0.17,32.69,0.16,1907,0.921875,RETURNED
14,10,256,0.98046875,2,33.14,0.1,32.93,0.11,1909,0.9609375,RETURNED
14,10,256,0.98828125,3,32.85,0.18,32.67,0.0,1914,0.96875,LOST
14,10,256,0.98046875,4,33.36,0.26,33.03,0.06,1896,0.96875,RETURNED
14,11,256,0.9140625,0,33.36,0.2,33.0,0.17,1908,0.625,RETURNED
14,11,256,0.94140625,1,32.93,0.19,32.51,0.23,1907,0.89453125,RETURNED
14,11,256,0.9765625,2,32.9,0.1,32.7,0.1,1909,0.9609375,RETURNED
14,11,256,0.98046875,3,32.61,0.18,32.43,0.0,1914,0.9375,LOST
14,11,256,0.9609375,4,32.95,0.12,32.67,0.16,1896,0.97265625,RETURNED
14,12,256,0.91015625,0,33.16,0.12,32.9,0.14,1908,0.62109375,RETURNED
14,12,256,0.94921875,1,32.77,0.11,32.59,0.07,1907,0.90234375,RETURNED
14,12,256,0.96484375,2,33.12,0.19,32.82,0.11,1909,0.93359375,RETURNED
14,12,256,0.98046875,3,32.71,0.15,32.56,0.0,1914,0.95703125,LOST
14,12,256,0.98046875,4,32.99,0.14,32.76,0.09,1896,0.9765625,RETURNED
14,13,256,0.91015625,0,33.14,0.1,32.96,0.08,1908,0.6171875,RETURNED
14,13,256,0.9453125,1,32.89,0.28,32.54,0.07,1907,0.9140625,RETURNED
14,13,256,0.953125,2,33.09,0.09,32.9,0.1,1909,0.921875,RETURNED
14,13,256,0.96875,3,32.7,0.19,32.51,0.0,1914,0.96484375,LOST
14,13,256,0.9921875,4,33.02,0.18,32.73,0.1,1896,0.98046875,RETURNED
14,14,256,0.93359375,0,34.8,0.17,34.46,0.17,1908,0.609375,RETURNED
14,14,256,0.953125,1,34.76,0.1,34.48,0.18,1907,0.8984375,RETURNED
14,14,256,0.96875,2,34.9,0.2,34.62,0.08,1909,0.94921875,RETURNED
14,14,256,0.98046875,3,34.89,0.21,34.68,0.0,1914,0.96875,LOST
14,14,256,1.0,4,12.95,0.22,12.65,0.07,695,0.98046875,RETURNED
14,15,256,0.890625,0,50.07,0.12,49.83,0.12,1908,0.6171875,RETURNED
14,15,256,0.9375,1,51.87,0.24,51.51,0.12,1907,0.875,RETURNED
14,15,256,0.98828125,2,49.08,0.17,48.78,0.13,1909,0.98046875,RETURNED
14,15,256,0.9921875,3,46.47,0.2,46.28,0.0,1914,0.98828125,LOST
