0,284.78,10.87
0,0,256,0.9140625,0,31.53,0.31,31.0,0.22,1908,0.62109375,RETURNED
0,0,256,0.921875,1,31.32,0.19,31.05,0.08,1907,0.625,RETURNED
0,0,256,0.95703125,2,31.01,0.19,30.7,0.12,1909,0.90625,RETURNED
0,0,256,0.97265625,3,31.22,0.19,31.03,0.0,1914,0.953125,LOST
0,0,256,0.98046875,4,30.97,0.2,30.58,0.19,1896,0.9609375,RETURNED
0,0,256,0.984375,5,31.51,0.18,31.34,0.0,1922,0.953125,LOST
0,0,256,0.9921875,6,31.12,0.43,30.56,0.13,1889,0.96875,RETURNED
0,0,256,0.99609375,7,30.9,0.25,30.54,0.12,1882,0.98046875,RETURNED
0,1,256,0.89453125,0,31.68,0.32,31.24,0.12,1908,0.62109375,RETURNED
0,1,256,0.9609375,1,31.56,0.18,31.2,0.17,1907,0.84765625,RETURNED
0,1,256,0.9453125,2,31.4,0.32,30.98,0.09,1909,0.90234375,RETURNED
0,1,256,0.98046875,3,31.36,0.15,31.2,0.0,1914,0.94921875,LOST
0,1,256,0.95703125,4,31.37,0.39,30.75,0.22,1896,0.9296875,RETURNED
0,1,256,0.98046875,5,32.28,0.71,31.57,0.0,1922,0.94140625,LOST
0,1,256,0.984375,6,31.21,0.2,30.79,0.21,1889,0.95703125,RETURNED
0,1,256,1.0,7,30.92,0.1,30.69,0.12,1882,0.99609375,RETURNED
0,2,256,0.89453125,0,31.39,0.22,31.03,0.14,1908,0.625,RETURNED
0,2,256,0.91796875,1,31.31,0.17,31.03,0.1,1907,0.62890625,RETURNED
0,2,256,0.953125,2,31.12,0.33,30.7,0.09,1909,0.87890625,RETURNED
0,2,256,0.97265625,3,31.17,0.11,31.05,0.0,1914,0.953125,LOST
0,2,256,0.98828125,4,31.09,0.39,30.61,0.09,1896,0.95703125,RETURNED
0,2,256,0.984375,5,31.53,0.18,31.36,0.0,1922,0.96875,LOST
0,2,256,0.99609375,6,31.21,0.43,30.64,0.14,1889,0.98046875,RETURNED
0,2,256,1.0,7,30.87,0.11,30.53,0.23,1882,0.9921875,RETURNED
0,3,256,0.921875,0,31.53,0.17,31.2,0.15,1908,0.62109375,RETURNED
0,3,256,0.94921875,1,31.55,0.27,31.18,0.09,1907,0.89453125,RETURNED
0,3,256,0.96875,2,31.35,0.26,30.97,0.13,1909,0.921875,RETURNED
0,3,256,0.96875,3,31.5,0.31,31.19,0.0,1914,0.94140625,LOST
0,3,256,0.96484375,4,30.94,0.17,30.68,0.1,1896,0.94921875,RETURNED
0,3,256,0.96875,5,31.82,0.34,31.48,0.0,1922,0.96484375,LOST
0,3,256,0.99609375,6,31.21,0.31,30.72,0.18,1889,0.984375,RETURNED
0,3,256,0.99609375,7,31.31,0.6,30.57,0.14,1882,0.9921875,RETURNED
1,273.32,0.28
1,0,256,0.9140625,0,34.97,0.11,34.6,0.25,1908,0.640625,RETURNED
1,0,256,0.9140625,1,34.93,0.21,34.59,0.13,1907,0.625,RETURNED
1,0,256,0.9453125,2,34.96,0.18,34.61,0.17,1909,0.87109375,RETURNED
1,0,256,0.95703125,3,34.81,0.1,34.71,0.0,1914,0.8984375,LOST
1,0,256,0.9921875,4,34.77,0.2,34.39,0.18,1896,0.98046875,RETURNED
1,0,256,0.9453125,5,35.06,0.17,34.9,0.0,1922,0.89453125,LOST
1,0,256,1.0,6,9.69,0.28,9.29,0.12,511,0.9765625,RETURNED
1,1,256,0.90234375,0,35.24,0.29,34.76,0.2,1908,0.6171875,RETURNED
1,1,256,0.953125,1,35.12,0.31,34.7,0.11,1907,0.91015625,RETURNED
1,1,256,0.98046875,2,34.95,0.12,34.75,0.08,1909,0.9609375,RETURNED
1,1,256,0.9921875,3,34.9,0.12,34.79,0.0,1914,0.97265625,LOST
1,1,256,0.97265625,4,34.78,0.1,34.56,0.12,1896,0.9453125,RETURNED
1,1,256,0.98046875,5,35.15,0.1,35.05,0.0,1922,0.953125,LOST
1,1,256,0.98828125,6,34.69,0.16,34.29,0.24,1889,0.98046875,RETURNED
1,2,256,0.91015625,0,35.16,0.17,34.8,0.2,1908,0.62890625,RETURNED
1,2,256,0.96484375,1,35.03,0.18,34.7,0.15,1907,0.8828125,RETURNED
1,2,256,0.90234375,2,35.27,0.35,34.76,0.15,1909,0.6171875,RETURNED
1,2,256,0.9765625,3,35.03,0.24,34.79,0.0,1914,0.96484375,LOST
1,2,256,0.94921875,4,34.77,0.14,34.51,0.13,1896,0.93359375,RETURNED
1,2,256,0.98828125,5,36.24,1.22,35.01,0.0,1922,0.9765625,LOST
1,2,256,0.9921875,6,34.66,0.15,34.36,0.15,1889,0.9609375,RETURNED
1,3,256,0.90625,0,35.51,0.24,35.13,0.14,1908,0.62109375,RETURNED
1,3,256,0.94921875,1,35.81,0.6,35.07,0.14,1907,0.8671875,RETURNED
1,3,256,0.96875,2,35.4,0.25,35.07,0.09,1909,0.94140625,RETURNED
1,3,256,0.99609375,3,35.58,0.25,35.33,0.0,1914,0.98046875,LOST
1,3,256,0.94921875,4,35.41,0.33,34.96,0.12,1896,0.8984375,RETURNED
1,3,256,0.9765625,5,35.62,0.12,35.5,0.0,1922,0.95703125,LOST
1,3,256,0.98828125,6,35.09,0.18,34.73,0.19,1889,0.98828125,RETURNED
2,297.99,0.27
2,0,256,0.89453125,0,30.55,0.11,30.26,0.18,1908,0.6171875,RETURNED
2,0,256,0.93359375,1,30.64,0.1,30.4,0.14,1907,0.69921875,RETURNED
2,0,256,0.98046875,2,30.62,0.13,30.28,0.22,1909,0.9453125,RETURNED
2,0,256,0.9765625,3,30.81,0.35,30.46,0.0,1914,0.96484375,LOST
2,0,256,0.96875,4,30.43,0.19,30.11,0.13,1896,0.953125,RETURNED
2,0,256,0.99609375,5,30.76,0.22,30.54,0.0,1922,0.984375,LOST
2,0,256,0.984375,6,30.52,0.4,30.0,0.12,1889,0.96875,RETURNED
2,0,256,0.99609375,7,30.59,0.32,30.04,0.23,1882,0.99609375,RETURNED
2,0,256,1.0,8,8.76,0.11,8.43,0.22,531,0.99609375,RETURNED
2,1,256,0.90234375,0,30.52,0.19,30.26,0.07,1908,0.6328125,RETURNED
2,1,256,0.953125,1,30.75,0.18,30.35,0.22,1907,0.859375,RETURNED
2,1,256,0.96484375,2,30.74,0.22,30.25,0.28,1909,0.9140625,RETURNED
2,1,256,0.9921875,3,30.6,0.18,30.42,0.0,1914,0.9765625,LOST
2,1,256,0.984375,4,30.68,0.2,30.11,0.36,1896,0.9609375,RETURNED
2,1,256,0.98828125,5,30.96,0.4,30.56,0.0,1922,0.984375,LOST
2,1,256,0.98828125,6,30.48,0.16,30.07,0.25,1889,0.97265625,RETURNED
2,1,256,0.98828125,7,30.52,0.34,30.09,0.09,1882,0.984375,RETURNED
2,1,256,1.0,8,15.43,0.2,15.23,0.0,962,0.99609375,LOST
2,2,256,0.890625,0,30.41,0.11,30.08,0.21,1908,0.62109375,RETURNED
2,2,256,0.91015625,1,30.61,0.23,30.23,0.14,1907,0.6171875,RETURNED
2,2,256,0.97265625,2,30.35,0.11,30.09,0.15,1909,0.90234375,RETURNED
2,2,256,0.98046875,3,30.32,0.11,30.21,0.0,1914,0.94921875,LOST
2,2,256,0.9921875,4,30.13,0.14,29.91,0.08,1896,0.96484375,RETURNED
2,2,256,0.98046875,5,30.5,0.11,30.39,0.0,1922,0.96484375,LOST
2,2,256,0.99609375,6,30.5,0.49,29.92,0.08,1889,0.9921875,RETURNED
2,2,256,0.9921875,7,30.39,0.19,29.99,0.21,1882,0.98046875,RETURNED
2,2,256,0.984375,8,30.2,0.17,30.03,0.0,1905,0.96484375,LOST
2,3,256,0.9140625,0,30.46,0.3,30.09,0.08,1908,0.60546875,RETURNED
2,3,256,0.9453125,1,33.57,0.56,30.22,2.79,1907,0.84375,RETURNED
2,3,256,0.96484375,2,30.33,0.11,30.05,0.18,1909,0.90625,RETURNED
2,3,256,0.98828125,3,30.58,0.34,30.24,0.0,1914,0.96484375,LOST
2,3,256,0.98046875,4,30.3,0.21,29.94,0.15,1896,0.96484375,RETURNED
2,3,256,0.953125,5,30.61,0.22,30.39,0.0,1922,0.9609375,LOST
2,3,256,0.99609375,6,30.21,0.14,29.95,0.11,1889,0.9921875,RETURNED
2,3,256,0.99609375,7,30.49,0.32,29.97,0.2,1882,0.99609375,RETURNED
2,3,256,0.9921875,8,30.2,0.21,29.99,0.0,1905,0.99609375,LOST
3,147.43,0.28
3,0,256,0.90625,0,31.1,0.23,30.78,0.09,1908,0.63671875,RETURNED
3,0,256,0.96484375,1,31.21,0.21,30.92,0.07,1907,0.8984375,RETURNED
3,0,256,0.9921875,2,31.14,0.27,30.75,0.13,1909,0.96484375,RETURNED
3,0,256,0.9765625,3,30.98,0.16,30.82,0.0,1914,0.97265625,LOST
3,1,256,0.8984375,0,31.32,0.24,30.89,0.18,1908,0.62890625,RETURNED
3,1,256,0.95703125,1,31.18,0.14,30.96,0.08,1907,0.9140625,RETURNED
3,1,256,0.9921875,2,31.15,0.19,30.83,0.13,1909,0.94140625,RETURNED
3,1,256,1.0,3,10.49,0.16,10.24,0.09,638,0.96484375,RETURNED
3,2,256,0.9140625,0,31.28,0.11,30.96,0.21,1908,0.6328125,RETURNED
3,2,256,0.9453125,1,31.48,0.18,31.15,0.16,1907,0.88671875,RETURNED
3,2,256,0.96484375,2,31.76,0.1,31.54,0.12,1909,0.88671875,RETURNED
3,2,256,0.94921875,3,31.78,0.21,31.57,0.0,1914,0.8984375,LOST
3,3,256,0.87890625,0,31.09,0.22,30.77,0.1,1908,0.6171875,RETURNED
3,3,256,0.91015625,1,31.48,0.21,30.84,0.43,1907,0.6171875,RETURNED
3,3,256,0.9609375,2,30.94,0.2,30.66,0.08,1909,0.953125,RETURNED
3,3,256,0.9921875,3,30.9,0.15,30.75,0.0,1914,0.9921875,LOST
4,410.03,0.29
4,0,256,0.91796875,0,36.28,0.71,35.23,0.34,1908,0.63671875,RETURNED
4,0,256,0.94921875,1,35.5,0.18,35.17,0.15,1907,0.8671875,RETURNED
4,0,256,0.97265625,2,35.62,0.29,35.25,0.08,1909,0.9375,RETURNED
4,0,256,0.9921875,3,35.61,0.36,35.25,0.0,1914,0.97265625,LOST
4,0,256,0.984375,4,35.43,0.15,34.94,0.34,1896,0.94921875,RETURNED
4,0,256,0.97265625,5,35.42,0.34,35.08,0.0,1922,0.9765625,LOST
4,0,256,0.984375,6,34.68,0.17,34.39,0.11,1889,0.97265625,RETURNED
4,0,256,0.98828125,7,34.66,0.29,34.27,0.1,1882,0.984375,RETURNED
4,0,256,0.98828125,8,34.93,0.25,34.68,0.0,1905,0.984375,LOST
4,0,256,0.98828125,9,35.83,0.46,35.17,0.2,1928,0.984375,RETURNED
4,0,256,0.9921875,10,34.93,0.17,34.76,0.0,1910,0.99609375,LOST
4,1,256,0.89453125,0,35.02,0.19,34.68,0.15,1908,0.6171875,RETURNED
4,1,256,0.9609375,1,35.05,0.17,34.62,0.26,1907,0.921875,RETURNED
4,1,256,0.94140625,2,35.16,0.34,34.71,0.11,1909,0.83984375,RETURNED
4,1,256,0.9765625,3,34.93,0.16,34.77,0.0,1914,0.95703125,LOST
4,1,256,0.98046875,4,34.72,0.1,34.53,0.08,1896,0.94921875,RETURNED
4,1,256,0.9921875,5,35.32,0.34,34.98,0.0,1922,0.96484375,LOST
4,1,256,0.9921875,6,34.8,0.12,34.37,0.31,1889,0.98046875,RETURNED
4,1,256,0.984375,7,34.58,0.21,34.23,0.14,1882,0.984375,RETURNED
4,1,256,0.99609375,8,34.8,0.23,34.57,0.0,1905,0.9921875,LOST
4,1,256,0.9921875,9,35.3,0.12,35.06,0.12,1928,0.98828125,RETURNED
4,1,256,1.0,10,19.26,0.2,19.06,0.0,1051,0.99609375,LOST
4,2,256,0.90625,0,35.18,0.18,34.92,0.08,1908,0.61328125,RETURNED
4,2,256,0.95703125,1,35.17,0.1,34.89,0.18,1907,0.88671875,RETURNED
4,2,256,0.95703125,2,35.15,0.17,34.91,0.08,1909,0.87109375,RETURNED
4,2,256,0.9765625,3,35.38,0.36,35.02,0.0,1914,0.9609375,LOST
4,2,256,0.984375,4,35.09,0.18,34.68,0.23,1896,0.97265625,RETURNED
4,2,256,0.9921875,5,35.38,0.18,35.19,0.0,1922,0.984375,LOST
4,2,256,0.984375,6,35.0,0.18,34.56,0.25,1889,0.9453125,RETURNED
4,2,256,0.99609375,7,34.82,0.18,34.44,0.2,1882,0.99609375,RETURNED
4,2,256,0.97265625,8,35.0,0.24,34.76,0.0,1905,0.984375,LOST
4,2,256,0.99609375,9,35.68,0.27,35.28,0.13,1928,0.99609375,RETURNED
4,2,256,0.98046875,10,35.0,0.18,34.82,0.0,1910,0.9921875,LOST
4,3,256,0.91796875,0,35.0,0.16,34.71,0.13,1908,0.60546875,RETURNED
4,3,256,0.9609375,1,35.12,0.18,34.6,0.33,1907,0.91796875,RETURNED
4,3,256,0.94921875,2,35.1,0.16,34.71,0.23,1909,0.83203125,RETURNED
4,3,256,0.9765625,3,35.1,0.3,34.79,0.0,1914,0.95703125,LOST
4,3,256,0.98046875,4,34.87,0.21,34.52,0.14,1896,0.953125,RETURNED
4,3,256,0.98828125,5,35.17,0.2,34.97,0.0,1922,0.96484375,LOST
4,3,256,0.984375,6,34.65,0.14,34.35,0.16,1889,0.96484375,RETURNED
4,3,256,0.98828125,7,34.75,0.41,34.22,0.12,1882,0.98828125,RETURNED
4,3,256,0.99609375,8,34.79,0.18,34.61,0.0,1905,0.9921875,LOST
4,3,256,0.98828125,9,35.53,0.33,35.08,0.12,1928,0.9921875,RETURNED
4,3,256,0.99609375,10,34.81,0.17,34.64,0.0,1910,0.98828125,LOST
5,341.04,0.91
5,0,256,0.87890625,0,35.32,0.18,34.85,0.29,1908,0.609375,RETURNED
5,0,256,0.953125,1,35.28,0.48,34.71,0.09,1907,0.859375,RETURNED
5,0,256,0.98046875,2,35.22,0.36,34.77,0.09,1909,0.953125,RETURNED
5,0,256,0.984375,3,35.26,0.45,34.81,0.0,1914,0.95703125,LOST
5,0,256,0.96875,4,35.2,0.53,34.52,0.15,1896,0.94921875,RETURNED
5,0,256,0.9765625,5,35.26,0.29,34.97,0.0,1922,0.953125,LOST
5,0,256,0.96484375,6,34.77,0.26,34.38,0.13,1889,0.953125,RETURNED
5,0,256,0.9765625,7,34.75,0.37,34.3,0.08,1882,0.97265625,RETURNED
5,0,256,0.99609375,8,34.83,0.18,34.65,0.0,1905,0.9921875,LOST
5,1,256,0.921875,0,35.06,0.16,34.79,0.11,1908,0.62890625,RETURNED
5,1,256,0.9140625,1,35.17,0.35,34.74,0.08,1907,0.62109375,RETURNED
5,1,256,0.9453125,2,35.09,0.13,34.73,0.23,1909,0.8671875,RETURNED
5,1,256,0.94921875,3,34.98,0.18,34.8,0.0,1914,0.91796875,LOST
5,1,256,0.96484375,4,34.91,0.19,34.51,0.21,1896,0.953125,RETURNED
5,1,256,0.98046875,5,35.05,0.12,34.93,0.0,1922,0.97265625,LOST
5,1,256,0.984375,6,34.81,0.2,34.36,0.24,1889,0.96484375,RETURNED
5,1,256,0.984375,7,34.52,0.11,34.24,0.16,1882,0.984375,RETURNED
5,1,256,0.9921875,8,34.84,0.17,34.66,0.0,1905,0.984375,LOST
5,2,256,0.9140625,0,35.88,0.21,35.56,0.12,1908,0.625,RETURNED
5,2,256,0.9453125,1,35.79,0.24,35.3,0.26,1907,0.8359375,RETURNED
5,2,256,0.9609375,2,36.49,0.32,36.05,0.12,1909,0.92578125,RETURNED
5,2,256,0.984375,3,36.25,0.15,36.1,0.0,1914,0.98046875,LOST
5,2,256,0.96875,4,35.43,0.29,35.03,0.12,1896,0.94140625,RETURNED
5,2,256,0.96875,5,35.73,0.19,35.55,0.0,1922,0.96484375,LOST
5,2,256,0.9765625,6,35.29,0.18,34.87,0.24,1889,0.953125,RETURNED
5,2,256,0.99609375,7,34.98,0.11,34.78,0.08,1882,0.98828125,RETURNED
5,2,256,1.0,8,15.24,0.11,15.01,0.12,815,0.99609375,RETURNED
5,3,256,0.91796875,0,35.21,0.11,34.97,0.13,1908,0.625,RETURNED
5,3,256,0.96875,1,35.25,0.14,34.92,0.19,1907,0.921875,RETURNED
5,3,256,0.953125,2,35.31,0.17,34.94,0.19,1909,0.91015625,RETURNED
5,3,256,0.9765625,3,35.17,0.17,35.0,0.0,1914,0.96875,LOST
5,3,256,0.97265625,4,35.24,0.2,34.68,0.37,1896,0.953125,RETURNED
5,3,256,0.98046875,5,35.35,0.19,35.17,0.0,1922,0.9609375,LOST
5,3,256,0.98828125,6,34.88,0.19,34.51,0.18,1889,0.953125,RETURNED
5,3,256,0.9921875,7,34.76,0.13,34.46,0.16,1882,0.984375,RETURNED
5,3,256,0.9921875,8,35.25,0.4,34.84,0.0,1905,0.98828125,LOST
6,299.16,0.28
6,0,256,0.91015625,0,35.46,0.11,35.2,0.15,1908,0.62109375,RETURNED
6,0,256,0.96875,1,35.64,0.17,35.25,0.22,1907,0.87109375,RETURNED
6,0,256,0.95703125,2,35.7,0.13,35.35,0.22,1909,0.91796875,RETURNED
6,0,256,0.97265625,3,35.58,0.18,35.4,0.0,1914,0.9375,LOST
6,0,256,0.98046875,4,35.4,0.18,35.04,0.18,1896,0.96875,RETURNED
6,0,256,0.984375,5,35.68,0.19,35.49,0.0,1922,0.96875,LOST
6,0,256,0.99609375,6,35.25,0.18,34.84,0.22,1889,0.98046875,RETURNED
6,0,256,1.0,7,14.32,0.14,13.96,0.22,757,0.99609375,RETURNED
6,1,256,0.90625,0,35.08,0.13,34.71,0.24,1908,0.62890625,RETURNED
6,1,256,0.921875,1,35.11,0.27,34.7,0.14,1907,0.640625,RETURNED
6,1,256,0.953125,2,34.96,0.14,34.73,0.09,1909,0.890625,RETURNED
6,1,256,0.9609375,3,35.05,0.13,34.92,0.0,1914,0.94921875,LOST
6,1,256,0.96875,4,34.99,0.25,34.55,0.2,1896,0.9609375,RETURNED
6,1,256,0.96484375,5,35.16,0.16,35.0,0.0,1922,0.96875,LOST
6,1,256,0.984375,6,34.68,0.15,34.41,0.12,1889,0.95703125,RETURNED
6,1,256,0.98828125,7,34.53,0.14,34.3,0.1,1882,0.984375,RETURNED
6,2,256,0.91015625,0,35.23,0.12,34.96,0.15,1908,0.609375,RETURNED
6,2,256,0.9453125,1,35.33,0.22,34.99,0.11,1907,0.8671875,RETURNED
6,2,256,0.96875,2,35.5,0.14,35.07,0.28,1909,0.89453125,RETURNED
6,2,256,0.98046875,3,35.41,0.27,35.14,0.0,1914,0.96484375,LOST
6,2,256,0.96875,4,35.12,0.17,34.82,0.13,1896,0.95703125,RETURNED
6,2,256,0.9765625,5,35.45,0.17,35.28,0.0,1922,0.96875,LOST
6,2,256,0.99609375,6,34.84,0.18,34.57,0.09,1889,0.98046875,RETURNED
6,2,256,1.0,7,14.35,0.27,13.89,0.19,757,0.99609375,RETURNED
6,3,256,0.91015625,0,35.03,0.13,34.78,0.12,1908,0.625,RETURNED
6,3,256,0.9453125,1,35.15,0.17,34.86,0.12,1907,0.875,RETURNED
6,3,256,0.95703125,2,36.52,0.33,35.05,1.15,1909,0.89453125,RETURNED
6,3,256,0.9765625,3,35.22,0.24,34.98,0.0,1914,0.953125,LOST
6,3,256,0.953125,4,35.14,0.28,34.68,0.18,1896,0.9375,RETURNED
6,3,256,0.95703125,5,35.34,0.23,35.12,0.0,1922,0.953125,LOST
6,3,256,0.99609375,6,34.86,0.29,34.5,0.08,1889,0.97265625,RETURNED
6,3,256,0.9921875,7,34.74,0.19,34.41,0.14,1882,0.984375,RETURNED
7,431.65,0.34
7,0,256,0.91015625,0,31.96,0.12,31.61,0.24,1908,0.6171875,RETURNED
7,0,256,0.94921875,1,32.26,0.18,31.94,0.14,1907,0.91015625,RETURNED
7,0,256,0.89453125,2,32.28,0.3,31.77,0.21,1909,0.61328125,RETURNED
7,0,256,0.953125,3,32.11,0.12,31.99,0.0,1914,0.91015625,LOST
7,0,256,0.98046875,4,31.87,0.21,31.52,0.14,1896,0.93359375,RETURNED
7,0,256,0.98046875,5,32.38,0.23,32.15,0.0,1922,0.97265625,LOST
7,0,256,0.98046875,6,31.65,0.12,31.44,0.09,1889,0.96875,RETURNED
7,0,256,0.984375,7,31.83,0.19,31.45,0.2,1882,0.97265625,RETURNED
7,0,256,0.99609375,8,31.83,0.13,31.7,0.0,1905,0.98828125,LOST
7,0,256,0.9921875,9,32.39,0.14,32.12,0.13,1928,0.98828125,RETURNED
7,0,256,0.99609375,10,31.91,0.18,31.73,0.0,1910,0.99609375,LOST
7,0,256,0.99609375,11,32.16,0.16,31.8,0.2,1909,0.9921875,RETURNED
7,0,256,1.0,12,22.07,0.17,21.78,0.12,1310,0.98828125,RETURNED
7,1,256,0.91796875,0,32.77,0.3,32.37,0.1,1908,0.62109375,RETURNED
7,1,256,0.93359375,1,32.7,0.12,32.48,0.1,1907,0.84765625,RETURNED
7,1,256,0.9296875,2,32.58,0.19,32.1,0.29,1909,0.875,RETURNED
7,1,256,0.96875,3,32.49,0.17,32.32,0.0,1914,0.9375,LOST
7,1,256,0.96484375,4,32.55,0.28,31.85,0.42,1896,0.9375,RETURNED
7,1,256,0.97265625,5,32.88,0.29,32.59,0.0,1922,0.96484375,LOST
7,1,256,0.98828125,6,32.24,0.12,31.92,0.2,1889,0.96875,RETURNED
7,1,256,0.98828125,7,32.39,0.28,32.02,0.1,1882,0.98046875,RETURNED
7,1,256,0.98828125,8,32.49,0.14,32.36,0.0,1905,0.98828125,LOST
7,1,256,0.984375,9,33.01,0.12,32.69,0.19,1928,0.98828125,RETURNED
7,1,256,0.984375,10,32.39,0.16,32.23,0.0,1910,0.9921875,LOST
7,1,256,0.98828125,11,32.44,0.16,32.14,0.14,1909,0.984375,RETURNED
7,1,256,1.0,12,0.73,0.15,0.5,0.08,30,1.0,RETURNED
7,2,256,0.90234375,0,32.26,0.19,31.91,0.17,1908,0.6171875,RETURNED
7,2,256,0.93359375,1,32.26,0.15,32.03,0.09,1907,0.62890625,RETURNED
7,2,256,0.96875,2,32.35,0.34,31.89,0.12,1909,0.93359375,RETURNED
7,2,256,0.953125,3,32.22,0.12,32.1,0.0,1914,0.9140625,LOST
7,2,256,0.97265625,4,32.29,0.44,31.67,0.17,1896,0.9453125,RETURNED
7,2,256,0.984375,5,32.47,0.22,32.25,0.0,1922,0.98046875,LOST
7,2,256,0.984375,6,31.82,0.11,31.54,0.16,1889,0.97265625,RETURNED
7,2,256,0.98828125,7,32.09,0.16,31.62,0.31,1882,0.97265625,RETURNED
7,2,256,0.984375,8,31.99,0.15,31.85,0.0,1905,0.984375,LOST
7,2,256,0.99609375,9,32.54,0.11,32.33,0.1,1928,0.98828125,RETURNED
7,2,256,0.98828125,10,32.07,0.18,31.89,0.0,1910,0.98828125,LOST
7,2,256,0.99609375,11,32.28,0.32,31.83,0.13,1909,0.9921875,RETURNED
7,2,256,1.0,12,7.32,0.3,6.88,0.14,412,0.99609375,RETURNED
7,3,256,0.91015625,0,33.59,0.11,33.26,0.22,1908,0.6171875,RETURNED
7,3,256,0.9453125,1,33.78,0.34,33.31,0.13,1907,0.87890625,RETURNED
7,3,256,0.96875,2,33.74,0.47,33.18,0.09,1909,0.9140625,RETURNED
7,3,256,0.953125,3,33.63,0.18,33.45,0.0,1914,0.91015625,LOST
7,3,256,0.96484375,4,32.87,0.11,32.65,0.12,1896,0.91796875,RETURNED
7,3,256,0.98046875,5,33.4,0.24,33.16,0.0,1922,0.9453125,LOST
7,3,256,0.98828125,6,32.87,0.16,32.59,0.12,1889,0.96875,RETURNED
7,3,256,0.98046875,7,32.81,0.11,32.61,0.09,1882,0.984375,RETURNED
7,3,256,0.9921875,8,33.26,0.34,32.92,0.0,1905,0.98828125,LOST
7,3,256,0.9921875,9,33.71,0.22,33.28,0.21,1928,0.98828125,RETURNED
7,3,256,0.98828125,10,33.53,0.18,33.35,0.0,1910,0.9921875,LOST
7,3,256,0.984375,11,33.52,0.19,33.11,0.22,1909,0.98828125,RETURNED
8,373.72,0.28
8,0,256,0.90625,0,32.91,0.19,32.63,0.09,1908,0.625,RETURNED
8,0,256,0.953125,1,33.06,0.27,32.64,0.15,1907,0.89453125,RETURNED
8,0,256,0.95703125,2,33.37,0.19,32.55,0.63,1909,0.8671875,RETURNED
8,0,256,0.984375,3,32.71,0.1,32.61,0.0,1914,0.96875,LOST
8,0,256,0.98828125,4,32.45,0.11,32.23,0.11,1896,0.9765625,RETURNED
8,0,256,0.9921875,5,32.88,0.16,32.71,0.0,1922,0.9765625,LOST
8,0,256,0.98828125,6,32.5,0.1,32.14,0.26,1889,0.984375,RETURNED
8,0,256,0.99609375,7,32.52,0.29,32.02,0.21,1882,0.99609375,RETURNED
8,0,256,0.9921875,8,32.79,0.31,32.48,0.0,1905,0.99609375,LOST
8,0,256,0.99609375,9,32.98,0.19,32.68,0.11,1928,0.99609375,RETURNED
8,1,256,0.90625,0,32.8,0.28,32.44,0.08,1908,0.609375,RETURNED
8,1,256,0.9453125,1,32.79,0.34,32.31,0.14,1907,0.90625,RETURNED
8,1,256,0.96484375,2,32.66,0.11,32.44,0.11,1909,0.90625,RETURNED
8,1,256,0.97265625,3,32.66,0.16,32.5,0.0,1914,0.94140625,LOST
8,1,256,0.98828125,4,32.29,0.15,32.06,0.08,1896,0.953125,RETURNED
8,1,256,0.98828125,5,32.87,0.31,32.56,0.0,1922,0.96484375,LOST
8,1,256,0.98828125,6,32.49,0.32,31.97,0.2,1889,0.98046875,RETURNED
8,1,256,0.9921875,7,32.19,0.17,31.91,0.11,1882,0.98828125,RETURNED
8,1,256,0.99609375,8,32.39,0.1,32.29,0.0,1905,0.99609375,LOST
8,1,256,0.9921875,9,32.88,0.2,32.57,0.11,1928,0.99609375,RETURNED
8,1,256,1.0,10,1.18,0.16,0.78,0.25,46,0.99609375,RETURNED
8,2,256,0.9140625,0,33.58,0.37,33.11,0.1,1908,0.62890625,RETURNED
8,2,256,0.97265625,1,33.47,0.13,33.2,0.13,1907,0.90234375,RETURNED
8,2,256,0.98046875,2,33.28,0.1,33.01,0.17,1909,0.95703125,RETURNED
8,2,256,0.97265625,3,33.14,0.1,33.03,0.0,1914,0.9609375,LOST
8,2,256,0.9765625,4,33.14,0.33,32.6,0.21,1896,0.96875,RETURNED
8,2,256,0.98828125,5,33.34,0.16,33.18,0.0,1922,0.9765625,LOST
8,2,256,0.99609375,6,33.02,0.17,32.65,0.2,1889,0.98046875,RETURNED
8,2,256,0.99609375,7,32.97,0.2,32.55,0.22,1882,0.99609375,RETURNED
8,2,256,0.9921875,8,33.15,0.12,33.03,0.0,1905,0.99609375,LOST
8,2,256,0.99609375,9,33.7,0.21,33.27,0.22,1928,0.99609375,RETURNED
8,3,256,0.90625,0,32.97,0.24,32.47,0.26,1908,0.62109375,RETURNED
8,3,256,0.96484375,1,32.52,0.17,32.25,0.09,1907,0.87109375,RETURNED
8,3,256,0.95703125,2,32.73,0.27,32.25,0.21,1909,0.8984375,RETURNED
8,3,256,0.98828125,3,32.56,0.38,32.18,0.0,1914,0.96484375,LOST
8,3,256,0.984375,4,32.16,0.34,31.7,0.13,1896,0.95703125,RETURNED
8,3,256,0.97265625,5,32.36,0.18,32.19,0.0,1922,0.95703125,LOST
8,3,256,0.99609375,6,32.12,0.31,31.58,0.24,1889,0.98828125,RETURNED
8,3,256,0.984375,7,31.94,0.21,31.61,0.12,1882,0.97265625,RETURNED
8,3,256,0.99609375,8,32.09,0.12,31.97,0.0,1905,0.99609375,LOST
8,3,256,0.9921875,9,32.77,0.11,32.35,0.32,1928,0.99609375,RETURNED
8,3,256,0.9921875,10,32.18,0.16,32.02,0.0,1910,0.99609375,LOST
9,267.15,0.32
9,0,256,0.90625,0,35.48,0.32,34.88,0.28,1908,0.62109375,RETURNED
9,0,256,0.95703125,1,35.34,0.33,34.81,0.2,1907,0.91015625,RETURNED
9,0,256,0.9296875,2,35.31,0.27,34.8,0.23,1909,0.8828125,RETURNED
9,0,256,0.98046875,3,34.94,0.11,34.83,0.0,1914,0.9609375,LOST
9,0,256,0.97265625,4,34.79,0.13,34.54,0.12,1896,0.93359375,RETURNED
9,0,256,0.953125,5,35.12,0.11,35.01,0.0,1922,0.9296875,LOST
9,0,256,0.99609375,6,34.78,0.15,34.42,0.2,1889,0.98046875,RETURNED
9,1,256,0.91015625,0,35.06,0.17,34.76,0.12,1908,0.62890625,RETURNED
9,1,256,0.9453125,1,35.14,0.2,34.74,0.2,1907,0.85546875,RETURNED
9,1,256,0.9453125,2,35.15,0.16,34.76,0.23,1909,0.83984375,RETURNED
9,1,256,0.984375,3,35.1,0.31,34.79,0.0,1914,0.9609375,LOST
9,1,256,0.98046875,4,34.75,0.12,34.48,0.14,1896,0.95703125,RETURNED
9,1,256,0.984375,5,35.12,0.15,34.96,0.0,1922,0.953125,LOST
9,1,256,0.98828125,6,34.69,0.14,34.42,0.13,1889,0.95703125,RETURNED
9,2,256,0.91796875,0,34.9,0.11,34.71,0.08,1908,0.6171875,RETURNED
9,2,256,0.91015625,1,34.84,0.11,34.64,0.08,1907,0.62890625,RETURNED
9,2,256,0.9609375,2,34.96,0.15,34.68,0.13,1909,0.9140625,RETURNED
9,2,256,0.9609375,3,34.91,0.15,34.76,0.0,1914,0.9140625,LOST
9,2,256,0.97265625,4,34.64,0.12,34.45,0.07,1896,0.953125,RETURNED
9,2,256,0.984375,5,35.08,0.15,34.93,0.0,1922,0.9453125,LOST
9,2,256,0.98828125,6,34.72,0.22,34.36,0.14,1889,0.97265625,RETURNED
9,3,256,0.91796875,0,35.41,0.34,35.0,0.08,1908,0.62890625,RETURNED
9,3,256,0.93359375,1,35.25,0.18,34.96,0.11,1907,0.82421875,RETURNED
9,3,256,0.9609375,2,35.23,0.17,34.95,0.12,1909,0.9296875,RETURNED
9,3,256,0.98828125,3,35.37,0.31,35.06,0.0,1914,0.95703125,LOST
9,3,256,0.9765625,4,34.94,0.16,34.7,0.08,1896,0.95703125,RETURNED
9,3,256,0.9921875,5,35.62,0.43,35.19,0.0,1922,0.9765625,LOST
9,3,256,1.0,6,21.45,0.39,21.06,0.0,1148,0.98046875,LOST
10,364.51,0.28
10,0,256,0.921875,0,31.35,0.32,30.9,0.13,1908,0.62890625,RETURNED
10,0,256,0.953125,1,31.15,0.2,30.63,0.31,1907,0.8984375,RETURNED
10,0,256,0.96875,2,31.57,0.34,31.12,0.12,1909,0.953125,RETURNED
10,0,256,0.95703125,3,31.15,0.17,30.98,0.0,1914,0.953125,LOST
10,0,256,0.9765625,4,31.05,0.31,30.57,0.17,1896,0.97265625,RETURNED
10,0,256,0.9765625,5,31.12,0.12,31.0,0.0,1922,0.9765625,LOST
10,0,256,0.98828125,6,31.42,0.74,30.52,0.15,1889,0.96484375,RETURNED
10,0,256,0.9921875,7,30.88,0.18,30.39,0.3,1882,0.98046875,RETURNED
10,0,256,0.98828125,8,30.88,0.13,30.75,0.0,1905,0.9921875,LOST
10,0,256,0.99609375,9,31.56,0.18,31.29,0.08,1928,0.9921875,RETURNED
10,0,256,0.99609375,10,30.61,0.2,30.41,0.0,1910,0.9921875,LOST
10,1,256,0.92578125,0,31.79,0.3,31.31,0.18,1908,0.61328125,RETURNED
10,1,256,0.95703125,1,31.33,0.18,31.03,0.12,1907,0.87109375,RETURNED
10,1,256,0.96875,2,31.57,0.17,31.2,0.2,1909,0.953125,RETURNED
10,1,256,0.984375,3,31.34,0.16,31.17,0.0,1914,0.95703125,LOST
10,1,256,0.9765625,4,31.13,0.3,30.69,0.14,1896,0.96484375,RETURNED
10,1,256,0.98828125,5,31.73,0.17,31.56,0.0,1922,0.9765625,LOST
10,1,256,0.97265625,6,31.16,0.11,30.86,0.19,1889,0.95703125,RETURNED
10,1,256,0.9921875,7,31.18,0.18,30.79,0.21,1882,0.98828125,RETURNED
10,1,256,0.99609375,8,31.31,0.16,31.15,0.0,1905,0.9921875,LOST
10,1,256,0.9921875,9,31.96,0.12,31.72,0.12,1928,0.984375,RETURNED
10,2,256,0.90625,0,31.81,0.17,31.09,0.56,1908,0.6328125,RETURNED
10,2,256,0.95703125,1,31.27,0.24,30.81,0.22,1907,0.921875,RETURNED
10,2,256,0.9765625,2,32.05,0.37,31.44,0.23,1909,0.95703125,RETURNED
10,2,256,0.96484375,3,31.6,0.3,31.3,0.0,1914,0.8984375,LOST
10,2,256,0.984375,4,31.0,0.11,30.75,0.14,1896,0.97265625,RETURNED
10,2,256,0.9921875,5,31.53,0.14,31.39,0.0,1922,0.953125,LOST
10,2,256,0.98828125,6,31.12,0.27,30.61,0.24,1889,0.97265625,RETURNED
10,2,256,0.9921875,7,31.16,0.36,30.59,0.2,1882,0.98828125,RETURNED
10,2,256,0.9921875,8,31.4,0.4,30.99,0.0,1905,0.98828125,LOST
10,2,256,0.9921875,9,31.89,0.17,31.53,0.19,1928,0.984375,RETURNED
10,3,256,0.89453125,0,31.29,0.18,30.94,0.16,1908,0.625,RETURNED
10,3,256,0.95703125,1,30.86,0.1,30.67,0.09,1907,0.88671875,RETURNED
10,3,256,0.8984375,2,31.44,0.19,31.16,0.08,1909,0.62109375,RETURNED
10,3,256,0.97265625,3,31.38,0.31,31.08,0.0,1914,0.95703125,LOST
10,3,256,0.984375,4,30.86,0.12,30.64,0.1,1896,0.96875,RETURNED
10,3,256,0.98046875,5,31.25,0.17,31.08,0.0,1922,0.9765625,LOST
10,3,256,0.9921875,6,31.04,0.32,30.6,0.12,1889,0.97265625,RETURNED
10,3,256,0.98828125,7,30.89,0.13,30.45,0.31,1882,0.9609375,RETURNED
10,3,256,0.9921875,8,31.17,0.37,30.8,0.0,1905,0.98828125,LOST
10,3,256,0.9921875,9,31.59,0.12,31.3,0.16,1928,0.9921875,RETURNED
10,3,256,1.0,10,1.65,0.22,1.26,0.18,77,0.9921875,RETURNED
11,295.07,0.26
11,0,256,0.90234375,0,32.74,0.21,32.35,0.18,1908,0.63671875,RETURNED
11,0,256,0.89453125,1,32.67,0.26,32.34,0.08,1907,0.62890625,RETURNED
11,0,256,0.9453125,2,32.51,0.11,32.32,0.07,1909,0.8984375,RETURNED
11,0,256,0.9375,3,35.71,0.25,35.46,0.0,1914,0.87109375,LOST
11,0,256,0.984375,4,33.73,0.32,33.32,0.09,1896,0.97265625,RETURNED
11,0,256,0.984375,5,34.28,0.1,34.17,0.0,1922,0.9765625,LOST
11,0,256,0.98828125,6,34.13,0.2,33.81,0.12,1889,0.98046875,RETURNED
11,0,256,0.99609375,7,33.86,0.12,33.62,0.13,1882,0.99609375,RETURNED
11,1,256,0.90625,0,32.09,0.14,31.82,0.14,1908,0.63671875,RETURNED
11,1,256,0.93359375,1,31.98,0.12,31.75,0.11,1907,0.8515625,RETURNED
11,1,256,0.9375,2,32.19,0.19,31.83,0.17,1909,0.8671875,RETURNED
11,1,256,0.9609375,3,35.28,0.33,34.95,0.0,1914,0.9375,LOST
11,1,256,0.98046875,4,33.78,0.25,33.38,0.16,1896,0.95703125,RETURNED
11,1,256,0.98828125,5,34.2,0.18,34.02,0.0,1922,0.98046875,LOST
11,1,256,0.99609375,6,34.15,0.18,33.84,0.13,1889,0.96484375,RETURNED
11,1,256,0.9765625,7,33.9,0.16,33.64,0.1,1882,0.96875,RETURNED
11,2,256,0.90625,0,32.33,0.21,31.96,0.17,1908,0.62890625,RETURNED
11,2,256,0.9609375,1,32.18,0.19,31.87,0.13,1907,0.84765625,RETURNED
11,2,256,0.97265625,2,32.15,0.16,31.91,0.07,1909,0.92578125,RETURNED
11,2,256,0.98046875,3,34.2,0.11,34.09,0.0,1914,0.96484375,LOST
11,2,256,0.9609375,4,33.1,0.14,32.85,0.11,1896,0.9609375,RETURNED
11,2,256,0.984375,5,33.75,0.2,33.56,0.0,1922,0.9609375,LOST
11,2,256,0.9921875,6,33.73,0.11,33.46,0.17,1889,0.984375,RETURNED
11,2,256,1.0,7,32.31,0.16,32.03,0.12,1824,0.9921875,RETURNED
11,3,256,0.890625,0,33.56,0.18,33.2,0.17,1908,0.625,RETURNED
11,3,256,0.94921875,1,33.49,0.3,33.05,0.14,1907,0.85546875,RETURNED
11,3,256,0.97265625,2,33.46,0.16,33.1,0.21,1909,0.92578125,RETURNED
11,3,256,0.98828125,3,35.71,0.16,35.56,0.0,1914,0.94921875,LOST
11,3,256,0.98046875,4,34.34,0.18,33.99,0.17,1896,0.9609375,RETURNED
11,3,256,0.98046875,5,34.72,0.16,34.56,0.0,1922,0.98046875,LOST
11,3,256,0.9765625,6,34.57,0.16,34.29,0.12,1889,0.9609375,RETURNED
11,3,256,0.99609375,7,34.34,0.24,33.98,0.12,1882,0.99609375,RETURNED
12,300.69,0.27
12,0,256,0.90234375,0,35.2,0.31,34.81,0.08,1908,0.640625,RETURNED
12,0,256,0.95703125,1,35.04,0.22,34.69,0.12,1907,0.90625,RETURNED
12,0,256,0.94140625,2,34.99,0.24,34.67,0.08,1909,0.890625,RETURNED
12,0,256,0.96484375,3,35.02,0.15,34.87,0.0,1914,0.9453125,LOST
12,0,256,0.984375,4,35.02,0.27,34.51,0.24,1896,0.9765625,RETURNED
12,0,256,0.984375,5,35.21,0.13,35.08,0.0,1922,0.984375,LOST
12,0,256,0.9921875,6,34.66,0.22,34.35,0.09,1889,0.97265625,RETURNED
12,0,256,0.9921875,7,34.52,0.11,34.25,0.16,1882,0.98828125,RETURNED
12,1,256,0.90625,0,35.0,0.11,34.81,0.08,1908,0.61328125,RETURNED
12,1,256,0.92578125,1,35.1,0.19,34.78,0.13,1907,0.76171875,RETURNED
12,1,256,0.9453125,2,35.0,0.18,34.74,0.08,1909,0.82421875,RETURNED
12,1,256,0.96875,3,35.01,0.15,34.87,0.0,1914,0.95703125,LOST
12,1,256,0.9765625,4,34.95,0.16,34.45,0.34,1896,0.96875,RETURNED
12,1,256,0.97265625,5,35.44,0.29,35.15,0.0,1922,0.93359375,LOST
12,1,256,0.9765625,6,34.65,0.13,34.38,0.14,1889,0.953125,RETURNED
12,1,256,0.96875,7,34.59,0.17,34.28,0.14,1882,0.9453125,RETURNED
12,2,256,0.9296875,0,35.16,0.31,34.78,0.07,1908,0.6171875,RETURNED
12,2,256,0.96484375,1,34.97,0.1,34.74,0.13,1907,0.92578125,RETURNED
12,2,256,0.9765625,2,35.18,0.38,34.71,0.08,1909,0.953125,RETURNED
12,2,256,0.96875,3,34.95,0.11,34.84,0.0,1914,0.9296875,LOST
12,2,256,0.984375,4,34.82,0.15,34.51,0.16,1896,0.94921875,RETURNED
12,2,256,0.9921875,5,35.38,0.29,35.09,0.0,1922,0.984375,LOST
12,2,256,0.99609375,6,34.75,0.31,34.34,0.11,1889,0.98046875,RETURNED
12,2,256,1.0,7,0.99,0.18,0.81,0.0,44,0.99609375,LOST
12,3,256,0.91796875,0,36.12,0.11,35.77,0.24,1908,0.609375,RETURNED
12,3,256,0.94140625,1,36.05,0.2,35.75,0.1,1907,0.8671875,RETURNED
12,3,256,0.953125,2,35.62,0.16,35.29,0.17,1909,0.88671875,RETURNED
12,3,256,0.9921875,3,35.58,0.11,35.47,0.0,1914,0.9765625,LOST
12,3,256,0.98046875,4,35.35,0.18,35.09,0.08,1896,0.9609375,RETURNED
12,3,256,0.98828125,5,36.39,0.23,36.16,0.0,1922,0.97265625,LOST
12,3,256,0.98828125,6,35.76,0.2,35.44,0.13,1889,0.984375,RETURNED
13,301.44,0.29
13,0,256,0.91796875,0,35.21,0.17,34.85,0.18,1908,0.62109375,RETURNED
13,0,256,0.890625,1,35.11,0.18,34.8,0.13,1907,0.62109375,RETURNED
13,0,256,0.97265625,2,35.15,0.26,34.77,0.13,1909,0.90625,RETURNED
13,0,256,0.96484375,3,35.28,0.4,34.87,0.0,1914,0.94921875,LOST
13,0,256,0.98046875,4,34.86,0.16,34.55,0.15,1896,0.95703125,RETURNED
13,0,256,0.984375,5,35.36,0.26,35.1,0.0,1922,0.984375,LOST
13,0,256,0.9921875,6,34.68,0.1,34.5,0.08,1889,0.9765625,RETURNED
13,0,256,0.99609375,7,34.61,0.17,34.34,0.1,1882,0.98828125,RETURNED
13,1,256,0.89453125,0,35.22,0.14,34.95,0.13,1908,0.625,RETURNED
13,1,256,0.9140625,1,35.08,0.12,34.88,0.08,1907,0.62890625,RETURNED
13,1,256,0.96875,2,35.14,0.22,34.8,0.12,1909,0.8984375,RETURNED
13,1,256,0.9453125,3,35.17,0.21,34.97,0.0,1914,0.921875,LOST
13,1,256,0.984375,4,35.09,0.11,34.84,0.13,1896,0.96875,RETURNED
13,1,256,0.984375,5,35.67,0.24,35.43,0.0,1922,0.98828125,LOST
13,1,256,0.984375,6,35.05,0.11,34.8,0.14,1889,0.97265625,RETURNED
13,2,256,0.9140625,0,35.47,0.15,35.21,0.12,1908,0.6328125,RETURNED
13,2,256,0.91015625,1,35.39,0.11,35.1,0.18,1907,0.69140625,RETURNED
13,2,256,0.9609375,2,35.3,0.16,35.03,0.1,1909,0.90234375,RETURNED
13,2,256,0.953125,3,35.35,0.17,35.18,0.0,1914,0.953125,LOST
13,2,256,0.984375,4,35.21,0.28,34.83,0.1,1896,0.9609375,RETURNED
13,2,256,0.99609375,5,35.55,0.15,35.39,0.0,1922,0.984375,LOST
13,2,256,0.98828125,6,34.98,0.12,34.75,0.12,1889,0.9765625,RETURNED
13,3,256,0.90625,0,35.8,0.1,35.56,0.13,1908,0.62109375,RETURNED
13,3,256,0.953125,1,35.77,0.18,35.44,0.15,1907,0.8984375,RETURNED
13,3,256,0.9375,2,35.59,0.1,35.42,0.07,1909,0.88671875,RETURNED
13,3,256,0.984375,3,35.68,0.11,35.57,0.0,1914,0.9765625,LOST
13,3,256,0.98828125,4,35.61,0.23,35.23,0.14,1896,0.95703125,RETURNED
13,3,256,0.9453125,5,36.04,0.27,35.77,0.0,1922,0.96484375,LOST
13,3,256,1.0,6,31.64,0.12,31.52,0.0,1695,0.984375,LOST
14,236.97,0.26
14,0,256,0.91796875,0,31.08,0.2,30.76,0.12,1908,0.62890625,RETURNED
14,0,256,0.9609375,1,30.71,0.12,30.42,0.17,1907,0.91796875,RETURNED
14,0,256,0.890625,2,30.97,0.25,30.61,0.12,1909,0.609375,RETURNED
14,0,256,0.96875,3,30.76,0.12,30.64,0.0,1914,0.93359375,LOST
14,0,256,0.98828125,4,30.68,0.24,30.31,0.12,1896,0.94921875,RETURNED
14,0,256,0.98828125,5,31.08,0.24,30.84,0.0,1922,0.97265625,LOST
14,0,256,1.0,6,24.63,0.16,24.46,0.0,1525,0.98828125,LOST
14,1,256,0.90625,0,31.32,0.26,30.95,0.11,1908,0.609375,RETURNED
14,1,256,0.921875,1,30.87,0.22,30.48,0.16,1907,0.77734375,RETURNED
14,1,256,0.97265625,2,31.21,0.2,30.83,0.18,1909,0.95703125,RETURNED
14,1,256,0.984375,3,30.96,0.15,30.81,0.0,1914,0.9609375,LOST
14,1,256,0.98828125,4,30.85,0.11,30.58,0.15,1896,0.97265625,RETURNED
14,1,256,0.984375,5,31.35,0.34,31.01,0.0,1922,0.98828125,LOST
14,1,256,1.0,6,25.94,0.11,25.69,0.14,1584,0.98046875,RETURNED
14,2,256,0.90234375,0,30.91,0.18,30.6,0.12,1908,0.640625,RETURNED
14,2,256,0.95703125,1,30.65,0.17,30.33,0.16,1907,0.89453125,RETURNED
14,2,256,0.9375,2,30.76,0.18,30.49,0.09,1909,0.921875,RETURNED
14,2,256,0.97265625,3,30.67,0.19,30.48,0.0,1914,0.95703125,LOST
14,2,256,0.96875,4,30.72,0.21,30.32,0.19,1896,0.9453125,RETURNED
14,2,256,0.9609375,5,31.06,0.26,30.8,0.0,1922,0.9453125,LOST
14,2,256,0.9921875,6,30.81,0.5,30.18,0.14,1889,0.96875,RETURNED
14,3,256,0.90234375,0,30.99,0.22,30.67,0.1,1908,0.625,RETURNED
14,3,256,0.890625,1,30.67,0.17,30.39,0.11,1907,0.62890625,RETURNED
14,3,256,0.9453125,2,30.81,0.16,30.5,0.15,1909,0.90234375,RETURNED
14,3,256,0.98828125,3,30.72,0.2,30.52,0.0,1914,0.9453125,LOST
14,3,256,0.953125,4,30.69,0.19,30.37,0.12,1896,0.88671875,RETURNED
14,3,256,0.984375,5,31.12,0.21,30.91,0.0,1922,0.953125,LOST
14,3,256,0.98046875,6,30.59,0.26,30.22,0.11,1889,0.9609375,RETURNED
15,263.22,0.26
15,0,256,0.9140625,0,31.36,0.13,31.12,0.1,1908,0.62109375,RETURNED
15,0,256,0.95703125,1,31.24,0.13,30.95,0.16,1907,0.86328125,RETURNED
15,0,256,0.96484375,2,31.42,0.18,31.13,0.11,1909,0.85546875,RETURNED
15,0,256,0.98046875,3,31.27,0.17,31.1,0.0,1914,0.96484375,LOST
15,0,256,0.97265625,4,31.31,0.15,31.01,0.15,1896,0.95703125,RETURNED
15,0,256,0.984375,5,31.43,0.25,31.18,0.0,1922,0.9765625,LOST
15,0,256,0.984375,6,31.36,0.36,30.88,0.13,1889,0.97265625,RETURNED
15,0,256,1.0,7,15.01,0.18,14.83,0.0,916,0.9921875,LOST
15,1,256,0.92578125,0,30.95,0.24,30.62,0.1,1908,0.6171875,RETURNED
15,1,256,0.921875,1,30.69,0.16,30.39,0.14,1907,0.6171875,RETURNED
15,1,256,0.94140625,2,31.06,0.23,30.73,0.1,1909,0.8671875,RETURNED
15,1,256,0.96484375,3,30.78,0.16,30.62,0.0,1914,0.93359375,LOST
15,1,256,0.96875,4,30.7,0.18,30.44,0.08,1896,0.97265625,RETURNED
15,1,256,0.984375,5,30.98,0.26,30.73,0.0,1922,0.9765625,LOST
15,1,256,0.98828125,6,30.79,0.13,30.47,0.2,1889,0.96875,RETURNED
15,1,256,0.984375,7,30.47,0.15,30.18,0.14,1882,0.9609375,RETURNED
15,2,256,0.90234375,0,30.86,0.17,30.56,0.13,1908,0.62890625,RETURNED
15,2,256,0.94921875,1,30.67,0.2,30.35,0.11,1907,0.88671875,RETURNED
15,2,256,0.97265625,2,30.88,0.16,30.62,0.09,1909,0.9375,RETURNED
15,2,256,0.96875,3,30.69,0.14,30.55,0.0,1914,0.91796875,LOST
15,2,256,0.9609375,4,30.71,0.24,30.32,0.15,1896,0.94140625,RETURNED
15,2,256,0.97265625,5,30.79,0.2,30.59,0.0,1922,0.95703125,LOST
15,2,256,0.9921875,6,30.95,0.24,30.34,0.37,1889,0.96875,RETURNED
15,2,256,1.0,7,14.79,0.19,14.6,0.0,916,0.9921875,LOST
15,3,256,0.9140625,0,30.79,0.13,30.49,0.16,1908,0.62109375,RETURNED
15,3,256,0.91015625,1,30.72,0.19,30.36,0.17,1907,0.6953125,RETURNED
15,3,256,0.95703125,2,30.95,0.19,30.6,0.16,1909,0.89453125,RETURNED
15,3,256,0.95703125,3,30.7,0.18,30.52,0.0,1914,0.9453125,LOST
15,3,256,0.9765625,4,30.68,0.3,30.26,0.11,1896,0.9453125,RETURNED
15,3,256,0.96875,5,30.8,0.22,30.59,0.0,1922,0.95703125,LOST
15,3,256,0.98828125,6,30.82,0.37,30.26,0.19,1889,0.97265625,RETURNED
15,3,256,0.9609375,7,30.2,0.27,29.85,0.08,1882,0.9453125,RETURNED
16,339.71,0.26
16,0,256,0.91796875,0,35.12,0.1,34.76,0.26,1908,0.6328125,RETURNED
16,0,256,0.89453125,1,35.2,0.23,34.9,0.08,1907,0.62890625,RETURNED
16,0,256,0.9375,2,35.09,0.11,34.8,0.19,1909,0.875,RETURNED
16,0,256,0.96875,3,34.99,0.18,34.81,0.0,1914,0.94140625,LOST
16,0,256,0.9765625,4,35.0,0.17,34.5,0.33,1896,0.953125,RETURNED
16,0,256,0.96875,5,35.09,0.2,34.89,0.0,1922,0.96484375,LOST
16,0,256,0.984375,6,34.61,0.11,34.35,0.15,1889,0.95703125,RETURNED
16,0,256,0.98828125,7,34.53,0.21,34.15,0.18,1882,0.984375,RETURNED
16,0,256,1.0,8,21.03,0.19,20.66,0.18,1138,0.98828125,RETURNED
16,1,256,0.89453125,0,35.24,0.25,34.73,0.25,1908,0.6171875,RETURNED
16,1,256,0.93359375,1,35.15,0.21,34.87,0.08,1907,0.625,RETURNED
16,1,256,0.9609375,2,35.2,0.27,34.76,0.17,1909,0.93359375,RETURNED
16,1,256,0.96875,3,35.02,0.16,34.87,0.0,1914,0.90234375,LOST
16,1,256,0.96484375,4,34.81,0.21,34.48,0.12,1896,0.953125,RETURNED
16,1,256,0.98828125,5,35.04,0.1,34.94,0.0,1922,0.95703125,LOST
16,1,256,0.98828125,6,34.74,0.18,34.37,0.2,1889,0.96875,RETURNED
16,1,256,0.9921875,7,34.43,0.12,34.18,0.13,1882,0.98828125,RETURNED
16,1,256,1.0,8,31.14,0.14,30.85,0.16,1697,0.98828125,RETURNED
16,2,256,0.91796875,0,35.27,0.29,34.86,0.12,1908,0.6328125,RETURNED
16,2,256,0.953125,1,35.4,0.3,34.99,0.11,1907,0.9140625,RETURNED
16,2,256,0.9453125,2,35.11,0.12,34.88,0.12,1909,0.91796875,RETURNED
16,2,256,0.97265625,3,35.12,0.17,34.95,0.0,1914,0.95703125,LOST
16,2,256,0.96484375,4,34.88,0.19,34.59,0.09,1896,0.9453125,RETURNED
16,2,256,0.98828125,5,35.22,0.17,35.05,0.0,1922,0.9765625,LOST
16,2,256,0.9765625,6,34.76,0.17,34.45,0.14,1889,0.95703125,RETURNED
16,2,256,0.9765625,7,34.66,0.29,34.29,0.08,1882,0.9609375,RETURNED
16,2,256,1.0,8,31.37,0.11,30.97,0.29,1697,0.98828125,RETURNED
16,3,256,0.90234375,0,35.58,0.16,35.2,0.22,1908,0.625,RETURNED
16,3,256,0.9140625,1,35.87,0.53,35.22,0.12,1907,0.84765625,RETURNED
16,3,256,0.9609375,2,35.54,0.21,35.21,0.12,1909,0.92578125,RETURNED
16,3,256,0.96875,3,35.39,0.18,35.21,0.0,1914,0.94921875,LOST
16,3,256,0.9765625,4,35.21,0.23,34.86,0.12,1896,0.95703125,RETURNED
16,3,256,0.9765625,5,35.59,0.24,35.35,0.0,1922,0.95703125,LOST
16,3,256,0.9921875,6,35.12,0.14,34.81,0.17,1889,0.96484375,RETURNED
16,3,256,0.99609375,7,35.03,0.21,34.7,0.13,1882,0.9921875,RETURNED
16,3,256,0.9921875,8,35.21,0.14,35.07,0.0,1905,0.98828125,LOST
17,284.67,0.28
17,0,256,0.91796875,0,32.13,0.24,31.75,0.14,1908,0.62890625,RETURNED
17,0,256,0.94921875,1,32.11,0.21,31.79,0.11,1907,0.85546875,RETURNED
17,0,256,0.95703125,2,32.21,0.4,31.74,0.07,1909,0.90234375,RETURNED
17,0,256,0.96875,3,32.27,0.29,31.97,0.0,1914,0.9609375,LOST
17,0,256,0.96875,4,31.94,0.28,31.47,0.19,1896,0.94921875,RETURNED
17,0,256,0.9921875,5,32.19,0.2,31.99,0.0,1922,0.94921875,LOST
17,0,256,0.98046875,6,31.86,0.28,31.44,0.14,1889,0.9609375,RETURNED
17,0,256,0.984375,7,31.78,0.29,31.33,0.16,1882,0.98046875,RETURNED
17,1,256,0.90625,0,32.97,0.19,32.69,0.08,1908,0.61328125,RETURNED
17,1,256,0.9453125,1,32.9,0.18,32.62,0.1,1907,0.875,RETURNED
17,1,256,0.97265625,2,32.87,0.15,32.55,0.17,1909,0.92578125,RETURNED
17,1,256,0.9765625,3,33.1,0.16,32.94,0.0,1914,0.9609375,LOST
17,1,256,0.9609375,4,32.56,0.19,32.29,0.07,1896,0.94921875,RETURNED
17,1,256,0.98828125,5,32.99,0.18,32.81,0.0,1922,0.96875,LOST
17,1,256,0.984375,6,32.62,0.21,32.22,0.18,1889,0.96875,RETURNED
17,1,256,1.0,7,15.03,0.11,14.92,0.0,871,0.99609375,LOST
17,2,256,0.89453125,0,32.04,0.18,31.66,0.2,1908,0.6171875,RETURNED
17,2,256,0.8984375,1,31.85,0.17,31.54,0.15,1907,0.62109375,RETURNED
17,2,256,0.97265625,2,31.98,0.21,31.62,0.15,1909,0.91015625,RETURNED
17,2,256,0.984375,3,32.07,0.15,31.92,0.0,1914,0.97265625,LOST
17,2,256,0.96875,4,31.7,0.19,31.39,0.13,1896,0.9609375,RETURNED
17,2,256,0.984375,5,32.13,0.27,31.86,0.0,1922,0.96875,LOST
17,2,256,0.9921875,6,31.69,0.19,31.39,0.11,1889,0.97265625,RETURNED
17,2,256,0.98046875,7,31.63,0.27,31.26,0.1,1882,0.96875,RETURNED
17,3,256,0.91015625,0,33.13,0.3,32.75,0.08,1908,0.62109375,RETURNED
17,3,256,0.9609375,1,32.84,0.22,32.55,0.08,1907,0.87890625,RETURNED
17,3,256,0.93359375,2,32.89,0.17,32.58,0.14,1909,0.88671875,RETURNED
17,3,256,0.9765625,3,33.06,0.19,32.87,0.0,1914,0.9609375,LOST
17,3,256,0.97265625,4,33.03,0.4,32.55,0.08,1896,0.9375,RETURNED
17,3,256,0.98046875,5,33.16,0.18,32.98,0.0,1922,0.97265625,LOST
17,3,256,0.97265625,6,32.61,0.12,32.39,0.09,1889,0.96875,RETURNED
17,3,256,0.99609375,7,32.7,0.25,32.31,0.15,1882,0.98828125,RETURNED
18,281.75,0.27
18,0,256,0.9140625,0,33.16,0.18,32.78,0.2,1908,0.625,RETURNED
18,0,256,0.96484375,1,33.04,0.28,32.61,0.15,1907,0.8828125,RETURNED
18,0,256,0.953125,2,33.29,0.23,32.92,0.14,1909,0.90625,RETURNED
18,0,256,0.96875,3,33.0,0.14,32.86,0.0,1914,0.92578125,LOST
18,0,256,0.96875,4,33.02,0.34,32.58,0.1,1896,0.93359375,RETURNED
18,0,256,0.97265625,5,33.17,0.26,32.9,0.0,1922,0.9609375,LOST
18,0,256,0.9765625,6,32.89,0.3,32.38,0.21,1889,0.9609375,RETURNED
18,0,256,0.9921875,7,32.86,0.13,32.3,0.42,1882,0.9765625,RETURNED
18,1,256,0.890625,0,32.29,0.18,31.89,0.22,1908,0.6171875,RETURNED
18,1,256,0.9296875,1,32.23,0.15,31.91,0.17,1907,0.80859375,RETURNED
18,1,256,0.9453125,2,32.43,0.17,32.16,0.1,1909,0.8828125,RETURNED
18,1,256,0.9609375,3,32.22,0.17,32.06,0.0,1914,0.94921875,LOST
18,1,256,0.96484375,4,32.2,0.24,31.78,0.18,1896,0.94140625,RETURNED
18,1,256,0.97265625,5,32.36,0.22,32.14,0.0,1922,0.94140625,LOST
18,1,256,0.9921875,6,31.99,0.24,31.66,0.09,1889,0.9765625,RETURNED
18,1,256,1.0,7,17.7,0.24,17.46,0.0,1041,0.9921875,LOST
18,2,256,0.91015625,0,31.98,0.16,31.72,0.1,1908,0.60546875,RETURNED
18,2,256,0.8984375,1,33.14,1.18,31.71,0.25,1907,0.62890625,RETURNED
18,2,256,0.921875,2,32.24,0.22,31.93,0.1,1909,0.765625,RETURNED
18,2,256,0.96484375,3,32.03,0.21,31.81,0.0,1914,0.9609375,LOST
18,2,256,0.97265625,4,31.78,0.13,31.52,0.13,1896,0.953125,RETURNED
18,2,256,0.96875,5,32.03,0.13,31.9,0.0,1922,0.9296875,LOST
18,2,256,0.98828125,6,31.84,0.28,31.47,0.09,1889,0.96875,RETURNED
18,2,256,0.984375,7,31.77,0.19,31.44,0.15,1882,0.98046875,RETURNED
18,3,256,0.92578125,0,32.89,0.23,32.54,0.12,1908,0.6328125,RETURNED
18,3,256,0.91015625,1,32.81,0.26,32.39,0.16,1907,0.62890625,RETURNED
18,3,256,0.9609375,2,32.88,0.16,32.62,0.11,1909,0.90625,RETURNED
18,3,256,0.97265625,3,32.65,0.11,32.54,0.0,1914,0.9453125,LOST
18,3,256,0.9765625,4,32.48,0.11,32.26,0.11,1896,0.9453125,RETURNED
18,3,256,0.984375,5,32.87,0.2,32.68,0.0,1922,0.97265625,LOST
18,3,256,0.98828125,6,32.45,0.16,32.21,0.09,1889,0.96875,RETURNED
18,3,256,0.99609375,7,32.36,0.12,32.04,0.2,1882,0.98828125,RETURNED
19,267.00,0.28
19,0,256,0.90625,0,35.05,0.12,34.8,0.13,1908,0.61328125,RETURNED
19,0,256,0.91015625,1,34.98,0.16,34.72,0.1,1907,0.6328125,RETURNED
19,0,256,0.8671875,2,35.12,0.12,34.8,0.2,1909,0.6171875,RETURNED
19,0,256,0.9609375,3,35.12,0.21,34.92,0.0,1914,0.9140625,LOST
19,0,256,0.9609375,4,34.92,0.11,34.57,0.24,1896,0.96875,RETURNED
19,0,256,0.98046875,5,35.34,0.24,35.1,0.0,1922,0.97265625,LOST
19,0,256,0.9921875,6,34.69,0.12,34.48,0.09,1889,0.984375,RETURNED
19,1,256,0.91796875,0,35.19,0.23,34.89,0.07,1908,0.6171875,RETURNED
19,1,256,0.96484375,1,35.24,0.23,34.8,0.22,1907,0.91796875,RETURNED
19,1,256,0.97265625,2,35.23,0.24,34.88,0.12,1909,0.9453125,RETURNED
19,1,256,0.98046875,3,35.1,0.14,34.96,0.0,1914,0.97265625,LOST
19,1,256,0.9453125,4,34.91,0.12,34.63,0.16,1896,0.8984375,RETURNED
19,1,256,0.94921875,5,35.24,0.15,35.09,0.0,1922,0.90625,LOST
19,1,256,0.9921875,6,34.94,0.26,34.44,0.24,1889,0.984375,RETURNED
19,2,256,0.890625,0,35.67,0.25,34.91,0.51,1908,0.625,RETURNED
19,2,256,0.90234375,1,35.07,0.12,34.86,0.08,1907,0.62109375,RETURNED
19,2,256,0.9375,2,35.17,0.18,34.9,0.09,1909,0.8515625,RETURNED
19,2,256,0.98828125,3,35.11,0.17,34.94,0.0,1914,0.97265625,LOST
19,2,256,0.94921875,4,34.91,0.19,34.64,0.08,1896,0.90234375,RETURNED
19,2,256,0.98046875,5,35.37,0.27,35.1,0.0,1922,0.97265625,LOST
19,2,256,1.0,6,23.63,0.21,23.34,0.08,1277,0.98046875,RETURNED
19,3,256,0.91015625,0,35.2,0.1,34.94,0.16,1908,0.625,RETURNED
19,3,256,0.90234375,1,35.25,0.12,34.93,0.2,1907,0.6171875,RETURNED
19,3,256,0.984375,2,35.33,0.22,34.99,0.12,1909,0.9609375,RETURNED
19,3,256,0.9921875,3,35.2,0.17,35.03,0.0,1914,0.984375,LOST
19,3,256,0.9765625,4,35.05,0.24,34.7,0.11,1896,0.96484375,RETURNED
19,3,256,0.96484375,5,35.28,0.15,35.13,0.0,1922,0.9375,LOST
19,3,256,0.98828125,6,34.92,0.13,34.6,0.2,1889,0.96484375,RETURNED
20,385.95,0.27
20,0,256,0.89453125,0,33.83,0.16,33.53,0.14,1908,0.62890625,RETURNED
20,0,256,0.953125,1,33.67,0.15,33.43,0.08,1907,0.88671875,RETURNED
20,0,256,0.97265625,2,52.71,0.38,32.24,20.09,1909,0.89453125,RETURNED
20,0,256,0.98046875,3,32.57,0.13,32.44,0.0,1914,0.95703125,LOST
20,0,256,0.9609375,4,32.7,0.31,31.91,0.48,1896,0.9375,RETURNED
20,0,256,0.98046875,5,34.08,0.26,33.82,0.0,1922,0.953125,LOST
20,0,256,0.9921875,6,33.48,0.21,33.17,0.1,1889,0.9765625,RETURNED
20,0,256,0.9921875,7,33.31,0.2,33.04,0.08,1882,0.9921875,RETURNED
20,0,256,0.98828125,8,33.84,0.29,33.55,0.0,1905,0.984375,LOST
20,0,256,0.9921875,9,34.09,0.11,33.88,0.11,1928,0.98828125,RETURNED
20,0,256,1.0,10,2.45,0.16,2.1,0.18,121,0.99609375,RETURNED
20,1,256,0.90234375,0,32.9,0.18,32.57,0.15,1908,0.6328125,RETURNED
20,1,256,0.94921875,1,32.87,0.2,32.52,0.15,1907,0.9296875,RETURNED
20,1,256,0.9453125,2,58.0,0.11,32.58,25.32,1909,0.9140625,RETURNED
20,1,256,0.984375,3,33.11,0.32,32.79,0.0,1914,0.97265625,LOST
20,1,256,0.98046875,4,32.93,0.42,32.43,0.08,1896,0.9453125,RETURNED
20,1,256,0.984375,5,33.09,0.19,32.9,0.0,1922,0.98046875,LOST
20,1,256,0.9921875,6,32.68,0.2,32.32,0.17,1889,0.98046875,RETURNED
20,1,256,0.98828125,7,32.41,0.14,32.18,0.09,1882,0.98046875,RETURNED
20,1,256,0.99609375,8,32.81,0.34,32.47,0.0,1905,0.9921875,LOST
20,1,256,0.99609375,9,33.16,0.16,32.84,0.16,1928,0.9921875,RETURNED
20,1,256,1.0,10,1.09,0.23,0.77,0.09,46,0.99609375,RETURNED
20,2,256,0.88671875,0,31.83,0.27,31.47,0.09,1908,0.62109375,RETURNED
20,2,256,0.9140625,1,31.9,0.25,31.49,0.15,1907,0.62890625,RETURNED
20,2,256,0.9375,2,46.88,0.24,31.48,15.16,1909,0.89453125,RETURNED
20,2,256,0.984375,3,31.84,0.17,31.67,0.0,1914,0.9609375,LOST
20,2,256,0.98046875,4,31.61,0.27,31.19,0.15,1896,0.96875,RETURNED
20,2,256,0.98046875,5,31.9,0.17,31.74,0.0,1922,0.953125,LOST
20,2,256,0.98828125,6,31.59,0.27,31.21,0.11,1889,0.95703125,RETURNED
20,2,256,0.9921875,7,31.45,0.12,31.16,0.17,1882,0.98828125,RETURNED
20,2,256,0.99609375,8,31.59,0.14,31.45,0.0,1905,0.9921875,LOST
20,2,256,0.9921875,9,32.41,0.24,31.99,0.18,1928,0.9921875,RETURNED
20,2,256,0.99609375,10,31.82,0.28,31.54,0.0,1910,0.9921875,LOST
20,3,256,0.93359375,0,32.11,0.11,31.71,0.29,1908,0.62890625,RETURNED
20,3,256,0.9453125,1,32.13,0.24,31.74,0.15,1907,0.88671875,RETURNED
20,3,256,0.9453125,2,42.06,0.22,31.66,10.17,1909,0.86328125,RETURNED
20,3,256,0.96484375,3,32.08,0.17,31.92,0.0,1914,0.91796875,LOST
20,3,256,0.9765625,4,31.97,0.34,31.44,0.19,1896,0.95703125,RETURNED
20,3,256,0.94921875,5,32.24,0.16,32.08,0.0,1922,0.89453125,LOST
20,3,256,0.9921875,6,31.73,0.11,31.44,0.18,1889,0.98046875,RETURNED
20,3,256,0.9921875,7,31.93,0.26,31.47,0.2,1882,0.98046875,RETURNED
20,3,256,0.9921875,8,31.84,0.15,31.69,0.0,1905,0.98828125,LOST
20,3,256,0.9921875,9,32.6,0.32,32.2,0.07,1928,0.9921875,RETURNED
20,3,256,0.9921875,10,31.9,0.14,31.77,0.0,1910,0.9921875,LOST
21,407.37,0.27
21,0,256,0.90234375,0,35.07,0.12,34.79,0.16,1908,0.6328125,RETURNED
21,0,256,0.9609375,1,35.11,0.21,34.74,0.16,1907,0.83984375,RETURNED
21,0,256,0.96484375,2,35.07,0.15,34.84,0.08,1909,0.875,RETURNED
21,0,256,0.9765625,3,35.02,0.19,34.84,0.0,1914,0.92578125,LOST
21,0,256,0.96484375,4,34.98,0.15,34.53,0.3,1896,0.96484375,RETURNED
21,0,256,0.96875,5,35.37,0.29,35.08,0.0,1922,0.953125,LOST
21,0,256,0.984375,6,34.99,0.23,34.54,0.22,1889,0.96484375,RETURNED
21,0,256,0.9921875,7,34.7,0.26,34.3,0.14,1882,0.98046875,RETURNED
21,0,256,0.9921875,8,34.92,0.14,34.78,0.0,1905,0.9921875,LOST
21,0,256,0.9921875,9,35.57,0.25,35.2,0.12,1928,0.99609375,RETURNED
21,0,256,1.0,10,8.01,0.18,7.62,0.21,418,0.9921875,RETURNED
21,1,256,0.921875,0,34.96,0.12,34.74,0.11,1908,0.6328125,RETURNED
21,1,256,0.9609375,1,35.03,0.19,34.74,0.11,1907,0.90234375,RETURNED
21,1,256,0.953125,2,35.02,0.12,34.77,0.13,1909,0.8828125,RETURNED
21,1,256,0.98828125,3,35.09,0.24,34.85,0.0,1914,0.94921875,LOST
21,1,256,0.98828125,4,34.99,0.25,34.51,0.24,1896,0.984375,RETURNED
21,1,256,0.9921875,5,35.32,0.31,35.02,0.0,1922,0.984375,LOST
21,1,256,0.9921875,6,34.7,0.14,34.4,0.16,1889,0.98828125,RETURNED
21,1,256,0.9921875,7,34.58,0.18,34.28,0.12,1882,0.9921875,RETURNED
21,1,256,0.98828125,8,34.81,0.13,34.68,0.0,1905,0.9921875,LOST
21,1,256,0.9921875,9,35.54,0.25,35.17,0.12,1928,0.99609375,RETURNED
21,1,256,1.0,10,7.87,0.11,7.61,0.15,418,0.9921875,RETURNED
21,2,256,0.90625,0,35.21,0.23,34.81,0.17,1908,0.625,RETURNED
21,2,256,0.953125,1,35.08,0.12,34.8,0.16,1907,0.8515625,RETURNED
21,2,256,0.9609375,2,35.13,0.13,34.83,0.17,1909,0.90234375,RETURNED
21,2,256,0.9765625,3,35.3,0.42,34.88,0.0,1914,0.9453125,LOST
21,2,256,0.96484375,4,34.89,0.11,34.58,0.2,1896,0.94921875,RETURNED
21,2,256,0.99609375,5,35.4,0.32,35.08,0.0,1922,0.98046875,LOST
21,2,256,0.9609375,6,34.72,0.13,34.46,0.12,1889,0.8984375,RETURNED
21,2,256,0.99609375,7,34.65,0.19,34.25,0.21,1882,0.9921875,RETURNED
21,2,256,0.98828125,8,35.0,0.28,34.72,0.0,1905,0.9921875,LOST
21,2,256,0.99609375,9,35.62,0.31,35.2,0.11,1928,0.9921875,RETURNED
21,2,256,0.98828125,10,34.98,0.16,34.82,0.0,1910,0.99609375,LOST
21,3,256,0.91015625,0,35.43,0.24,35.09,0.1,1908,0.609375,RETURNED
21,3,256,0.9453125,1,35.41,0.12,35.06,0.23,1907,0.875,RETURNED
21,3,256,0.984375,2,35.51,0.22,35.12,0.17,1909,0.9453125,RETURNED
21,3,256,0.96875,3,35.38,0.24,35.15,0.0,1914,0.9453125,LOST
21,3,256,0.97265625,4,35.18,0.1,34.9,0.18,1896,0.9609375,RETURNED
21,3,256,0.99609375,5,35.5,0.17,35.33,0.0,1922,0.98828125,LOST
21,3,256,0.9921875,6,35.14,0.23,34.8,0.1,1889,0.97265625,RETURNED
21,3,256,0.9921875,7,35.07,0.31,34.58,0.17,1882,0.9765625,RETURNED
21,3,256,0.98828125,8,35.13,0.15,34.99,0.0,1905,0.9921875,LOST
21,3,256,0.99609375,9,35.75,0.16,35.5,0.09,1928,0.9921875,RETURNED
21,3,256,1.0,10,22.4,0.3,22.1,0.0,1205,0.99609375,LOST
22,371.29,0.30
22,0,256,0.921875,0,35.39,0.17,35.13,0.09,1908,0.61328125,RETURNED
22,0,256,0.9453125,1,35.38,0.14,35.1,0.14,1907,0.890625,RETURNED
22,0,256,0.98046875,2,35.69,0.15,35.24,0.3,1909,0.95703125,RETURNED
22,0,256,0.984375,3,35.34,0.11,35.23,0.0,1914,0.97265625,LOST
22,0,256,0.9921875,4,35.26,0.25,34.89,0.12,1896,0.98046875,RETURNED
22,0,256,0.98046875,5,35.58,0.22,35.36,0.0,1922,0.98046875,LOST
22,0,256,0.99609375,6,35.24,0.29,34.81,0.14,1889,0.96875,RETURNED
22,0,256,0.99609375,7,34.97,0.14,34.66,0.17,1882,0.9921875,RETURNED
22,0,256,0.99609375,8,35.32,0.17,35.15,0.0,1905,0.99609375,LOST
22,0,256,0.9921875,9,35.74,0.17,35.5,0.08,1928,0.9921875,RETURNED
22,1,256,0.91015625,0,35.01,0.16,34.77,0.08,1908,0.609375,RETURNED
22,1,256,0.95703125,1,35.13,0.17,34.82,0.14,1907,0.84765625,RETURNED
22,1,256,0.96875,2,35.31,0.14,34.99,0.18,1909,0.9140625,RETURNED
22,1,256,0.984375,3,35.19,0.29,34.91,0.0,1914,0.97265625,LOST
22,1,256,0.97265625,4,34.87,0.19,34.6,0.08,1896,0.95703125,RETURNED
22,1,256,0.99609375,5,35.26,0.19,35.07,0.0,1922,0.98046875,LOST
22,1,256,0.98828125,6,34.97,0.36,34.46,0.15,1889,0.984375,RETURNED
22,1,256,0.984375,7,34.71,0.2,34.34,0.16,1882,0.98828125,RETURNED
22,1,256,0.9921875,8,34.92,0.14,34.78,0.0,1905,0.9921875,LOST
22,1,256,1.0,9,4.23,0.22,3.81,0.19,207,0.99609375,RETURNED
22,2,256,0.8828125,0,35.25,0.22,34.88,0.14,1908,0.625,RETURNED
22,2,256,0.953125,1,35.16,0.13,34.86,0.17,1907,0.85546875,RETURNED
22,2,256,0.9765625,2,35.2,0.12,34.94,0.13,1909,0.95703125,RETURNED
22,2,256,0.9765625,3,35.17,0.18,34.98,0.0,1914,0.9609375,LOST
22,2,256,0.984375,4,34.94,0.16,34.7,0.08,1896,0.9765625,RETURNED
22,2,256,0.99609375,5,35.35,0.17,35.18,0.0,1922,0.97265625,LOST
22,2,256,0.98828125,6,34.86,0.28,34.5,0.08,1889,0.9921875,RETURNED
22,2,256,0.9921875,7,34.78,0.25,34.36,0.16,1882,0.98828125,RETURNED
22,2,256,0.99609375,8,35.0,0.22,34.77,0.0,1905,0.99609375,LOST
22,2,256,0.99609375,9,35.4,0.17,35.14,0.1,1928,0.99609375,RETURNED
22,3,256,0.89453125,0,35.25,0.27,34.91,0.08,1908,0.62109375,RETURNED
22,3,256,0.95703125,1,35.18,0.22,34.81,0.14,1907,0.87109375,RETURNED
22,3,256,0.9765625,2,35.28,0.12,34.99,0.17,1909,0.9453125,RETURNED
22,3,256,0.984375,3,35.25,0.26,34.99,0.0,1914,0.9609375,LOST
22,3,256,0.953125,4,35.14,0.34,34.68,0.11,1896,0.90625,RETURNED
22,3,256,0.97265625,5,35.3,0.17,35.14,0.0,1922,0.9609375,LOST
22,3,256,0.98828125,6,35.04,0.26,34.53,0.26,1889,0.98046875,RETURNED
22,3,256,0.99609375,7,34.92,0.31,34.47,0.14,1882,0.98828125,RETURNED
22,3,256,0.99609375,8,34.96,0.11,34.85,0.0,1905,0.99609375,LOST
22,3,256,0.99609375,9,35.5,0.14,35.23,0.12,1928,0.99609375,RETURNED
0,267.13,1.46
0,0,256,0.90625,0,34.31,0.13,34.06,0.13,1908,0.6171875,RETURNED
0,0,256,0.9609375,1,33.65,0.13,33.42,0.11,1907,0.88671875,RETURNED
0,0,256,0.984375,2,38.09,0.1,37.64,0.35,1909,0.9609375,RETURNED
0,0,256,0.9765625,3,34.05,0.33,33.72,0.0,1914,0.953125,LOST
0,0,256,0.9921875,4,34.14,0.17,33.81,0.17,1896,0.98046875,RETURNED
0,0,256,0.9921875,5,34.45,0.6,33.86,0.0,1922,0.9921875,LOST
0,0,256,0.9921875,6,33.15,0.63,32.38,0.14,1889,0.98046875,RETURNED
0,1,256,0.890625,0,34.87,0.71,34.04,0.11,1908,0.6171875,RETURNED
0,1,256,0.94921875,1,34.11,0.21,33.79,0.1,1907,0.890625,RETURNED
0,1,256,0.98046875,2,38.3,0.11,37.89,0.3,1909,0.94921875,RETURNED
0,1,256,0.97265625,3,34.99,0.93,34.06,0.0,1914,0.94921875,LOST
0,1,256,0.98828125,4,34.02,0.42,33.52,0.08,1896,0.984375,RETURNED
0,1,256,0.98828125,5,34.51,0.36,34.15,0.0,1922,0.9921875,LOST
0,1,256,0.99609375,6,32.6,0.2,32.01,0.38,1889,0.9921875,RETURNED
0,2,256,0.90234375,0,34.34,0.16,33.98,0.2,1908,0.62109375,RETURNED
0,2,256,0.921875,1,33.56,0.21,33.24,0.11,1907,0.80078125,RETURNED
0,2,256,0.953125,2,37.42,0.17,37.16,0.09,1909,0.8984375,RETURNED
0,2,256,0.98046875,3,33.18,0.12,33.06,0.0,1914,0.96484375,LOST
0,2,256,0.98046875,4,33.84,0.16,33.56,0.12,1896,0.94921875,RETURNED
0,2,256,0.984375,5,34.7,0.6,34.1,0.0,1922,0.984375,LOST
0,2,256,0.99609375,6,32.43,0.13,32.19,0.11,1889,0.9921875,RETURNED
0,3,256,0.9140625,0,34.08,0.1,33.87,0.12,1908,0.625,RETURNED
0,3,256,0.90234375,1,33.61,0.23,33.29,0.09,1907,0.6171875,RETURNED
0,3,256,0.96484375,2,37.66,0.25,37.31,0.1,1909,0.90625,RETURNED
0,3,256,0.9453125,3,33.74,0.29,33.46,0.0,1914,0.84375,LOST
0,3,256,0.9921875,4,34.32,0.65,33.56,0.12,1896,0.984375,RETURNED
0,3,256,0.98828125,5,34.66,1.08,33.58,0.0,1922,0.98046875,LOST
0,3,256,1.0,6,3.13,0.29,2.85,0.0,158,0.9921875,LOST
1,223.53,0.19
1,0,256,0.9140625,0,34.08,0.3,33.52,0.26,1908,0.625,RETURNED
1,0,256,0.9609375,1,34.65,0.35,34.08,0.22,1907,0.9140625,RETURNED
1,0,256,0.96875,2,34.98,0.73,34.1,0.15,1909,0.91015625,RETURNED
1,0,256,0.9765625,3,33.91,0.18,33.73,0.0,1914,0.96484375,LOST
1,0,256,0.9921875,4,33.86,0.29,33.47,0.1,1896,0.98046875,RETURNED
1,0,256,0.98828125,5,34.74,0.19,34.55,0.0,1922,0.96484375,LOST
1,1,256,0.91015625,0,33.86,0.09,33.49,0.28,1908,0.6171875,RETURNED
1,1,256,0.96484375,1,36.68,2.38,34.15,0.15,1907,0.875,RETURNED
1,1,256,0.97265625,2,34.39,0.5,33.43,0.46,1909,0.96484375,RETURNED
1,1,256,0.9921875,3,33.81,0.15,33.66,0.0,1914,0.97265625,LOST
1,1,256,0.9921875,4,33.34,0.19,33.02,0.13,1896,0.98046875,RETURNED
1,1,256,1.0,5,30.14,0.13,29.85,0.16,1681,0.9921875,RETURNED
1,2,256,0.8984375,0,33.8,0.1,33.63,0.07,1908,0.6171875,RETURNED
1,2,256,0.94921875,1,33.79,0.12,33.57,0.1,1907,0.84765625,RETURNED
1,2,256,0.96484375,2,34.06,0.29,33.67,0.1,1909,0.8828125,RETURNED
1,2,256,0.9765625,3,34.22,0.22,34.0,0.0,1914,0.94921875,LOST
1,2,256,0.9921875,4,34.14,0.25,33.21,0.68,1896,0.97265625,RETURNED
1,2,256,0.98046875,5,34.24,0.1,34.14,0.0,1922,0.97265625,LOST
1,3,256,0.91015625,0,33.95,0.3,33.35,0.29,1908,0.62109375,RETURNED
1,3,256,0.9609375,1,34.28,0.56,33.5,0.22,1907,0.91015625,RETURNED
1,3,256,0.98046875,2,34.14,0.25,33.79,0.11,1909,0.95703125,RETURNED
1,3,256,0.97265625,3,34.12,0.14,33.98,0.0,1914,0.96484375,LOST
1,3,256,0.984375,4,33.7,0.27,33.32,0.11,1896,0.96875,RETURNED
1,3,256,0.984375,5,34.33,0.17,34.16,0.0,1922,0.984375,LOST
2,388.02,0.28
2,0,256,0.90234375,0,31.03,0.62,30.23,0.17,1908,0.61328125,RETURNED
2,0,256,0.8984375,1,31.13,0.92,30.12,0.09,1907,0.61328125,RETURNED
2,0,256,0.9453125,2,30.7,0.26,30.18,0.26,1909,0.90234375,RETURNED
2,0,256,0.953125,3,30.48,0.22,30.26,0.0,1914,0.9296875,LOST
2,0,256,0.953125,4,30.64,0.29,30.22,0.13,1896,0.9140625,RETURNED
2,0,256,0.9765625,5,30.54,0.16,30.38,0.0,1922,0.95703125,LOST
2,0,256,0.9921875,6,30.23,0.21,29.93,0.09,1889,0.9609375,RETURNED
2,0,256,0.9921875,7,30.32,0.32,29.81,0.19,1882,0.98828125,RETURNED
2,0,256,0.984375,8,30.45,0.25,30.19,0.0,1905,0.9921875,LOST
2,0,256,0.99609375,9,31.02,0.3,30.51,0.21,1928,0.98828125,RETURNED
2,0,256,0.99609375,10,30.5,0.25,30.26,0.0,1910,0.9921875,LOST
2,0,256,1.0,11,1.08,0.33,0.75,0.0,48,0.9921875,LOST
2,1,256,0.91796875,0,31.07,0.69,30.23,0.16,1908,0.6171875,RETURNED
2,1,256,0.9609375,1,30.7,0.15,30.1,0.46,1907,0.91796875,RETURNED
2,1,256,0.9609375,2,30.36,0.11,30.16,0.09,1909,0.921875,RETURNED
2,1,256,0.9765625,3,30.44,0.2,30.24,0.0,1914,0.9453125,LOST
2,1,256,0.9609375,4,30.42,0.11,30.2,0.12,1896,0.9453125,RETURNED
2,1,256,0.98046875,5,30.5,0.16,30.35,0.0,1922,0.9609375,LOST
2,1,256,0.9765625,6,30.32,0.24,29.92,0.16,1889,0.9609375,RETURNED
2,1,256,0.9921875,7,30.24,0.27,29.77,0.21,1882,0.98046875,RETURNED
2,1,256,0.9921875,8,30.73,0.52,30.21,0.0,1905,0.9921875,LOST
2,1,256,0.9921875,9,30.77,0.16,30.51,0.11,1928,0.9921875,RETURNED
2,1,256,0.97265625,10,30.64,0.39,30.25,0.0,1910,0.9921875,LOST
2,1,256,1.0,11,20.56,0.25,20.31,0.0,1289,0.99609375,LOST
2,2,256,0.91796875,0,30.41,0.13,30.21,0.07,1908,0.6171875,RETURNED
2,2,256,0.9609375,1,30.55,0.32,30.11,0.12,1907,0.88671875,RETURNED
2,2,256,0.9453125,2,30.88,0.43,30.19,0.27,1909,0.85546875,RETURNED
2,2,256,0.97265625,3,30.61,0.33,30.28,0.0,1914,0.9609375,LOST
2,2,256,0.96875,4,30.97,0.32,30.19,0.47,1896,0.9609375,RETURNED
2,2,256,0.984375,5,30.63,0.27,30.36,0.0,1922,0.96484375,LOST
2,2,256,0.97265625,6,30.16,0.13,29.9,0.14,1889,0.9609375,RETURNED
2,2,256,0.984375,7,30.13,0.16,29.78,0.2,1882,0.97265625,RETURNED
2,2,256,0.984375,8,31.3,1.11,30.18,0.0,1905,0.97265625,LOST
2,2,256,0.9921875,9,30.81,0.22,30.49,0.11,1928,0.9921875,RETURNED
2,2,256,0.99609375,10,30.36,0.12,30.24,0.0,1910,0.9921875,LOST
2,2,256,1.0,11,20.44,0.13,20.31,0.0,1289,0.99609375,LOST
2,3,256,0.9375,0,30.86,0.12,30.18,0.57,1908,0.62890625,RETURNED
2,3,256,0.921875,1,30.33,0.19,30.05,0.09,1907,0.62890625,RETURNED
2,3,256,0.9609375,2,30.66,0.34,30.15,0.17,1909,0.8828125,RETURNED
2,3,256,0.98046875,3,30.32,0.12,30.21,0.0,1914,0.93359375,LOST
2,3,256,0.98046875,4,30.4,0.11,30.15,0.14,1896,0.95703125,RETURNED
2,3,256,0.984375,5,30.67,0.35,30.31,0.0,1922,0.95703125,LOST
2,3,256,0.97265625,6,30.31,0.31,29.9,0.1,1889,0.9609375,RETURNED
2,3,256,0.9609375,7,29.99,0.14,29.71,0.14,1882,0.94140625,RETURNED
2,3,256,0.9921875,8,30.4,0.25,30.15,0.0,1905,0.9921875,LOST
2,3,256,0.984375,9,30.73,0.19,30.46,0.09,1928,0.984375,RETURNED
2,3,256,0.99609375,10,30.35,0.13,30.22,0.0,1910,0.9921875,LOST
2,3,256,0.9921875,11,30.25,0.11,30.03,0.11,1909,0.984375,RETURNED
3,282.83,0.20
3,0,256,0.90234375,0,30.53,0.13,30.26,0.14,1908,0.6171875,RETURNED
3,0,256,0.8984375,1,30.75,0.25,30.4,0.11,1907,0.61328125,RETURNED
3,0,256,0.98046875,2,31.23,0.13,31.01,0.09,1909,0.94921875,RETURNED
3,0,256,0.92578125,3,33.6,0.35,33.25,0.0,1914,0.7890625,LOST
3,0,256,0.97265625,4,33.24,0.46,32.64,0.14,1896,0.9375,RETURNED
3,0,256,0.9609375,5,33.75,0.12,33.62,0.0,1922,0.94921875,LOST
3,0,256,0.99609375,6,32.86,0.15,32.64,0.07,1889,0.9921875,RETURNED
3,0,256,0.9921875,7,33.57,0.2,33.26,0.11,1882,0.9921875,RETURNED
3,1,256,0.8984375,0,30.42,0.15,30.19,0.08,1908,0.62890625,RETURNED
3,1,256,0.97265625,1,30.68,0.13,30.31,0.23,1907,0.8671875,RETURNED
3,1,256,0.9609375,2,31.36,0.12,31.08,0.16,1909,0.87890625,RETURNED
3,1,256,0.9765625,3,33.36,0.22,33.15,0.0,1914,0.96875,LOST
3,1,256,0.9921875,4,33.22,0.58,32.55,0.08,1896,0.98046875,RETURNED
3,1,256,0.98046875,5,33.88,0.38,33.5,0.0,1922,0.96484375,LOST
3,1,256,0.9921875,6,32.67,0.1,32.48,0.08,1889,0.9765625,RETURNED
3,1,256,0.98828125,7,33.26,0.24,32.85,0.18,1882,0.984375,RETURNED
3,2,256,0.89453125,0,30.52,0.23,30.19,0.11,1908,0.625,RETURNED
3,2,256,0.9453125,1,30.73,0.24,30.33,0.16,1907,0.90234375,RETURNED
3,2,256,0.97265625,2,31.32,0.27,30.97,0.08,1909,0.953125,RETURNED
3,2,256,0.984375,3,33.34,0.14,33.2,0.0,1914,0.95703125,LOST
3,2,256,0.9765625,4,33.04,0.2,32.68,0.15,1896,0.94921875,RETURNED
3,2,256,0.98046875,5,34.08,0.31,33.77,0.0,1922,0.98046875,LOST
3,2,256,0.99609375,6,32.84,0.26,32.48,0.09,1889,0.9921875,RETURNED
3,2,256,1.0,7,15.91,0.22,15.69,0.0,900,0.99609375,LOST
3,3,256,0.9140625,0,30.39,0.11,30.2,0.08,1908,0.609375,RETURNED
3,3,256,0.953125,1,30.67,0.15,30.39,0.13,1907,0.9140625,RETURNED
3,3,256,0.953125,2,36.01,0.15,35.73,0.12,1909,0.87890625,RETURNED
3,3,256,0.98046875,3,33.37,0.25,33.12,0.0,1914,0.97265625,LOST
3,3,256,0.96875,4,32.99,0.17,32.73,0.09,1896,0.9296875,RETURNED
3,3,256,0.98046875,5,33.65,0.31,33.34,0.0,1922,0.96875,LOST
3,3,256,0.98046875,6,33.51,0.25,33.01,0.26,1889,0.97265625,RETURNED
3,3,256,1.0,7,16.12,0.21,15.92,0.0,900,0.99609375,LOST
4,457.21,0.28
4,0,256,0.90234375,0,32.56,0.39,31.95,0.22,1908,0.6484375,RETURNED
4,0,256,0.8984375,1,34.18,0.4,33.68,0.11,1907,0.6171875,RETURNED
4,0,256,0.96484375,2,34.0,0.22,33.56,0.21,1909,0.8984375,RETURNED
4,0,256,0.9765625,3,34.05,0.22,33.83,0.0,1914,0.96484375,LOST
4,0,256,0.9609375,4,33.39,0.17,33.04,0.18,1896,0.93359375,RETURNED
4,0,256,0.98046875,5,34.47,0.15,34.32,0.0,1922,0.95703125,LOST
4,0,256,0.984375,6,33.82,0.32,33.29,0.21,1889,0.96484375,RETURNED
4,0,256,0.98828125,7,33.67,0.19,33.36,0.12,1882,0.98046875,RETURNED
4,0,256,0.984375,8,33.83,0.17,33.66,0.0,1905,0.98828125,LOST
4,0,256,0.9921875,9,33.81,0.14,33.55,0.12,1928,0.98828125,RETURNED
4,0,256,0.99609375,10,33.94,0.16,33.78,0.0,1910,0.99609375,LOST
4,0,256,0.99609375,11,33.78,0.18,33.44,0.16,1909,0.98828125,RETURNED
4,1,256,0.91015625,0,31.02,0.22,30.66,0.14,1908,0.62109375,RETURNED
4,1,256,0.90234375,1,41.77,0.12,31.39,10.27,1907,0.6171875,RETURNED
4,1,256,0.953125,2,32.74,0.29,32.32,0.13,1909,0.89453125,RETURNED
4,1,256,0.953125,3,31.43,0.24,31.19,0.0,1914,0.91796875,LOST
4,1,256,0.9765625,4,32.93,0.13,32.69,0.11,1896,0.953125,RETURNED
4,1,256,0.96875,5,33.87,0.19,33.69,0.0,1922,0.9609375,LOST
4,1,256,0.984375,6,34.11,0.21,33.77,0.13,1889,0.96875,RETURNED
4,1,256,0.98828125,7,33.52,0.19,33.19,0.14,1882,0.97265625,RETURNED
4,1,256,0.98828125,8,34.26,0.19,34.07,0.0,1905,0.98828125,LOST
4,1,256,0.99609375,9,34.53,0.18,34.25,0.1,1928,0.98828125,RETURNED
4,1,256,0.99609375,10,33.96,0.27,33.69,0.0,1910,0.9921875,LOST
4,1,256,1.0,11,7.83,0.18,7.48,0.17,422,0.99609375,RETURNED
4,2,256,0.94921875,0,34.96,0.25,34.6,0.11,1908,0.88671875,RETURNED
4,2,256,0.96875,1,35.92,0.18,35.46,0.29,1907,0.94921875,RETURNED
4,2,256,0.96875,2,34.82,0.2,34.27,0.35,1909,0.953125,RETURNED
4,2,256,0.984375,3,33.74,0.45,33.29,0.0,1914,0.96875,LOST
4,2,256,0.97265625,4,33.93,0.22,33.62,0.09,1896,0.953125,RETURNED
4,2,256,0.98046875,5,33.66,0.19,33.46,0.0,1922,0.984375,LOST
4,2,256,0.99609375,6,33.65,0.24,33.24,0.17,1889,0.98828125,RETURNED
4,2,256,0.99609375,7,34.31,0.2,34.01,0.1,1882,0.98828125,RETURNED
4,2,256,0.98828125,8,33.61,0.22,33.38,0.0,1905,0.99609375,LOST
4,2,256,1.0,9,2.11,1.01,1.1,0.0,62,0.99609375,LOST
4,3,256,0.93359375,0,33.65,0.21,33.35,0.09,1908,0.8671875,RETURNED
4,3,256,0.95703125,1,34.24,0.37,33.76,0.1,1907,0.9140625,RETURNED
4,3,256,0.9453125,2,34.45,0.14,34.19,0.12,1909,0.92578125,RETURNED
4,3,256,0.98046875,3,34.09,0.17,33.93,0.0,1914,0.9609375,LOST
4,3,256,0.97265625,4,33.96,0.11,33.74,0.11,1896,0.96484375,RETURNED
4,3,256,0.984375,5,34.63,0.34,34.29,0.0,1922,0.984375,LOST
4,3,256,0.98828125,6,34.55,0.2,34.18,0.17,1889,0.98828125,RETURNED
4,3,256,0.98046875,7,34.02,0.18,33.68,0.15,1882,0.99609375,RETURNED
4,3,256,0.99609375,8,33.94,0.13,33.81,0.0,1905,0.99609375,LOST
4,3,256,0.99609375,9,34.58,0.12,34.33,0.13,1928,0.99609375,RETURNED
0,355.25,2.14
0,0,256,0.91796875,0,30.89,0.19,30.57,0.14,1908,0.625,RETURNED
0,0,256,0.90625,1,30.6,0.19,30.26,0.16,1907,0.609375,RETURNED
0,0,256,0.96484375,2,30.54,0.24,30.12,0.17,1909,0.9140625,RETURNED
0,0,256,0.9921875,3,30.56,0.31,30.25,0.0,1914,0.96484375,LOST
0,0,256,0.98828125,4,30.28,0.24,29.88,0.16,1896,0.97265625,RETURNED
0,0,256,0.98046875,5,30.61,0.18,30.42,0.0,1922,0.97265625,LOST
0,0,256,0.98828125,6,40.21,0.22,29.84,10.14,1889,0.96875,RETURNED
0,0,256,0.9921875,7,30.04,0.22,29.67,0.15,1882,0.984375,RETURNED
0,0,256,0.98828125,8,30.26,0.22,30.04,0.0,1905,0.9921875,LOST
0,0,256,1.0,9,26.73,0.25,26.23,0.24,1651,0.9921875,RETURNED
0,1,256,0.91796875,0,31.23,0.19,30.9,0.14,1908,0.6328125,RETURNED
0,1,256,0.96484375,1,31.19,0.17,30.88,0.14,1907,0.890625,RETURNED
0,1,256,0.98046875,2,31.31,0.18,30.96,0.17,1909,0.95703125,RETURNED
0,1,256,0.9609375,3,31.28,0.28,31.0,0.0,1914,0.94921875,LOST
0,1,256,0.97265625,4,31.05,0.24,30.66,0.16,1896,0.9296875,RETURNED
0,1,256,0.984375,5,31.43,0.25,31.18,0.0,1922,0.97265625,LOST
0,1,256,0.99609375,6,40.99,0.27,30.58,10.14,1889,0.98046875,RETURNED
0,1,256,0.98046875,7,30.74,0.16,30.46,0.12,1882,0.98046875,RETURNED
0,1,256,0.9921875,8,31.09,0.17,30.93,0.0,1905,0.9921875,LOST
0,1,256,0.99609375,9,31.46,0.18,31.13,0.14,1928,0.98828125,RETURNED
0,2,256,0.91015625,0,30.67,0.18,30.36,0.13,1908,0.609375,RETURNED
0,2,256,0.9453125,1,30.78,0.18,30.36,0.24,1907,0.80078125,RETURNED
0,2,256,0.953125,2,30.72,0.23,30.29,0.2,1909,0.8984375,RETURNED
0,2,256,0.9609375,3,30.74,0.29,30.45,0.0,1914,0.9375,LOST
0,2,256,0.98046875,4,30.44,0.24,30.09,0.12,1896,0.96484375,RETURNED
0,2,256,0.96875,5,30.83,0.25,30.58,0.0,1922,0.98046875,LOST
0,2,256,0.9921875,6,55.41,0.23,30.05,25.14,1889,0.98828125,RETURNED
0,2,256,0.9921875,7,30.22,0.16,29.92,0.13,1882,0.9921875,RETURNED
0,2,256,0.98828125,8,30.58,0.22,30.36,0.0,1905,0.98828125,LOST
0,2,256,0.99609375,9,30.87,0.21,30.5,0.15,1928,0.99609375,RETURNED
0,3,256,0.9140625,0,30.74,0.22,30.35,0.18,1908,0.61328125,RETURNED
0,3,256,0.91796875,1,30.75,0.22,30.37,0.15,1907,0.61328125,RETURNED
0,3,256,0.9453125,2,30.77,0.23,30.35,0.19,1909,0.91796875,RETURNED
0,3,256,0.984375,3,30.75,0.26,30.5,0.0,1914,0.9609375,LOST
0,3,256,0.96875,4,30.46,0.24,30.1,0.12,1896,0.94921875,RETURNED
0,3,256,0.9765625,5,30.87,0.21,30.66,0.0,1922,0.94921875,LOST
0,3,256,0.9765625,6,45.43,0.24,30.06,15.13,1889,0.97265625,RETURNED
0,3,256,0.98828125,7,30.24,0.18,29.93,0.14,1882,0.98828125,RETURNED
0,3,256,0.98828125,8,30.74,0.35,30.39,0.0,1905,0.9921875,LOST
0,3,256,0.9921875,9,30.91,0.21,30.58,0.12,1928,0.98828125,RETURNED
0,346.21,12.61
0,0,256,0.875,0,31.25,0.26,30.91,0.08,1908,0.61328125,RETURNED
0,0,256,0.95703125,1,31.05,0.1,30.87,0.07,1907,0.88671875,RETURNED
0,0,256,0.9921875,2,31.12,0.19,30.81,0.12,1909,0.95703125,RETURNED
0,0,256,0.99609375,3,31.23,0.11,31.12,0.0,1914,0.9921875,LOST
0,0,256,0.99609375,4,31.9,0.11,30.72,1.07,1896,0.9921875,RETURNED
0,0,256,0.99609375,5,31.47,0.11,31.37,0.0,1922,0.98046875,LOST
0,0,256,0.99609375,6,30.69,0.12,30.48,0.1,1889,0.99609375,RETURNED
0,0,256,0.984375,7,30.84,0.11,30.64,0.09,1882,0.9765625,RETURNED
0,0,256,0.9921875,8,30.81,0.11,30.7,0.0,1905,0.9921875,LOST
0,0,256,0.99609375,9,31.62,0.16,31.22,0.24,1928,0.99609375,RETURNED
0,1,256,0.90234375,0,30.96,0.28,30.61,0.08,1908,0.61328125,RETURNED
0,1,256,0.90625,1,30.79,0.1,30.55,0.14,1907,0.62109375,RETURNED
0,1,256,0.94921875,2,30.7,0.12,30.5,0.08,1909,0.890625,RETURNED
0,1,256,0.95703125,3,30.84,0.18,30.66,0.0,1914,0.953125,LOST
0,1,256,0.96875,4,30.56,0.14,30.29,0.13,1896,0.94140625,RETURNED
0,1,256,0.9921875,5,31.1,0.18,30.93,0.0,1922,0.9765625,LOST
0,1,256,0.98828125,6,30.42,0.21,30.1,0.11,1889,0.98046875,RETURNED
0,1,256,0.99609375,7,30.47,0.15,30.23,0.09,1882,0.99609375,RETURNED
0,1,256,0.98828125,8,30.64,0.14,30.49,0.0,1905,0.98828125,LOST
0,1,256,1.0,9,18.17,0.28,17.89,0.0,1123,0.9921875,LOST
0,2,256,0.91015625,0,30.86,0.17,30.62,0.07,1908,0.625,RETURNED
0,2,256,0.89453125,1,30.78,0.11,30.6,0.07,1907,0.6171875,RETURNED
0,2,256,0.9609375,2,30.68,0.09,30.51,0.09,1909,0.90234375,RETURNED
0,2,256,0.97265625,3,30.8,0.11,30.69,0.0,1914,0.9609375,LOST
0,2,256,0.98046875,4,30.59,0.2,30.29,0.09,1896,0.96875,RETURNED
0,2,256,0.98046875,5,31.18,0.18,31.0,0.0,1922,0.953125,LOST
0,2,256,0.99609375,6,30.37,0.13,30.11,0.13,1889,0.97265625,RETURNED
0,2,256,0.9921875,7,30.39,0.1,30.18,0.12,1882,0.9921875,RETURNED
0,2,256,0.99609375,8,30.56,0.12,30.44,0.0,1905,0.99609375,LOST
0,2,256,0.99609375,9,31.12,0.22,30.81,0.09,1928,0.99609375,RETURNED
0,3,256,0.92578125,0,30.85,0.14,30.63,0.08,1908,0.6171875,RETURNED
0,3,256,0.96875,1,30.82,0.11,30.61,0.11,1907,0.92578125,RETURNED
0,3,256,0.96875,2,30.67,0.1,30.5,0.08,1909,0.89453125,RETURNED
0,3,256,0.9921875,3,30.83,0.11,30.72,0.0,1914,0.96875,LOST
0,3,256,0.98046875,4,30.68,0.13,30.31,0.24,1896,0.96484375,RETURNED
0,3,256,0.97265625,5,31.12,0.12,31.0,0.0,1922,0.98046875,LOST
0,3,256,0.9921875,6,30.37,0.11,30.16,0.09,1889,0.9921875,RETURNED
0,3,256,0.99609375,7,30.43,0.1,30.25,0.07,1882,0.98046875,RETURNED
0,3,256,0.99609375,8,30.62,0.13,30.49,0.0,1905,0.99609375,LOST
0,3,256,1.0,9,18.04,0.13,17.91,0.0,1123,0.99609375,LOST
