0,346.89,17.02
0,0,256,0.91796875,0,30.87,0.63,30.15,0.1,1908,0.61328125,RETURNED
0,0,256,0.95703125,1,30.5,0.17,30.21,0.13,1907,0.91015625,RETURNED
0,0,256,0.9609375,2,30.37,0.11,30.11,0.14,1909,0.9296875,RETURNED
0,0,256,0.97265625,3,30.72,0.49,30.23,0.0,1914,0.9453125,LOST
0,0,256,0.96875,4,30.29,0.27,29.92,0.11,1896,0.9375,RETURNED
0,0,256,0.9765625,5,30.51,0.12,30.39,0.0,1922,0.9609375,LOST
0,0,256,0.98828125,6,30.17,0.2,29.87,0.1,1889,0.96875,RETURNED
0,0,256,0.9921875,7,30.08,0.17,29.76,0.15,1882,0.98828125,RETURNED
0,0,256,0.99609375,8,30.39,0.13,30.11,0.16,1905,0.9921875,RETURNED
0,0,256,0.99609375,9,30.78,0.17,30.46,0.15,1926,0.9921875,RETURNED
0,1,256,0.90625,0,30.73,0.42,30.19,0.12,1908,0.640625,RETURNED
0,1,256,0.9453125,1,30.66,0.31,30.24,0.1,1907,0.84375,RETURNED
0,1,256,0.9453125,2,32.1,0.38,30.13,1.6,1909,0.87890625,RETURNED
0,1,256,0.9609375,3,30.37,0.12,30.25,0.0,1914,0.94140625,LOST
0,1,256,0.97265625,4,30.3,0.26,29.94,0.1,1896,0.96484375,RETURNED
0,1,256,0.98046875,5,30.69,0.26,30.43,0.0,1922,0.96875,LOST
0,1,256,0.95703125,6,30.23,0.25,29.87,0.1,1889,0.9375,RETURNED
0,1,256,0.9765625,7,29.95,0.11,29.75,0.09,1882,0.9609375,RETURNED
0,1,256,0.99609375,8,30.52,0.22,30.18,0.13,1905,0.9921875,RETURNED
0,1,256,0.98828125,9,30.81,0.21,30.49,0.11,1926,0.9921875,RETURNED
0,2,256,0.921875,0,30.58,0.24,30.24,0.1,1908,0.62109375,RETURNED
0,2,256,0.94140625,1,30.58,0.18,30.3,0.1,1907,0.80078125,RETURNED
0,2,256,0.97265625,2,30.43,0.13,30.22,0.09,1909,0.91796875,RETURNED
0,2,256,0.96875,3,30.44,0.14,30.31,0.0,1914,0.94140625,LOST
0,2,256,0.9765625,4,31.03,0.65,30.0,0.39,1896,0.95703125,RETURNED
0,2,256,0.9609375,5,30.59,0.12,30.47,0.0,1922,0.94140625,LOST
0,2,256,0.984375,6,30.24,0.09,29.94,0.2,1889,0.96875,RETURNED
0,2,256,0.9921875,7,30.06,0.14,29.81,0.1,1882,0.98828125,RETURNED
0,2,256,0.98828125,8,30.46,0.1,30.23,0.12,1905,0.9921875,RETURNED
0,2,256,1.0,9,28.84,0.16,28.49,0.19,1796,0.99609375,RETURNED
0,3,256,0.91015625,0,30.42,0.12,30.17,0.13,1908,0.62890625,RETURNED
0,3,256,0.91015625,1,30.51,0.22,30.18,0.11,1907,0.6171875,RETURNED
0,3,256,0.93359375,2,30.42,0.18,30.08,0.16,1909,0.86328125,RETURNED
0,3,256,0.984375,3,30.9,0.7,30.2,0.0,1914,0.95703125,LOST
0,3,256,0.9609375,4,30.15,0.12,29.89,0.15,1896,0.9375,RETURNED
0,3,256,0.9765625,5,30.82,0.53,30.29,0.0,1922,0.953125,LOST
0,3,256,0.98046875,6,30.28,0.17,29.79,0.32,1889,0.95703125,RETURNED
0,3,256,0.984375,7,30.01,0.23,29.59,0.19,1882,0.98046875,RETURNED
0,3,256,0.98828125,8,30.44,0.27,30.1,0.08,1905,0.98046875,RETURNED
0,3,256,0.98828125,9,30.74,0.11,30.37,0.27,1926,0.9765625,RETURNED
1,305.61,0.46
1,0,256,0.91796875,0,31.07,0.24,30.7,0.13,1908,0.61328125,RETURNED
1,0,256,0.93359375,1,33.88,2.93,30.54,0.41,1907,0.8515625,RETURNED
1,0,256,0.984375,2,31.28,0.55,30.64,0.09,1909,0.9609375,RETURNED
1,0,256,0.9921875,3,30.7,0.13,30.57,0.0,1914,0.98046875,LOST
1,0,256,0.98828125,4,30.87,0.16,30.53,0.18,1896,0.984375,RETURNED
1,0,256,0.98046875,5,31.0,0.2,30.79,0.0,1922,0.984375,LOST
1,0,256,0.98828125,6,30.71,0.15,30.38,0.18,1889,0.98046875,RETURNED
1,0,256,0.99609375,7,31.73,0.43,31.09,0.21,1882,0.99609375,RETURNED
1,0,256,1.0,8,18.88,0.14,18.16,0.58,1128,0.9921875,RETURNED
1,1,256,0.890625,0,31.67,0.36,31.04,0.27,1908,0.62109375,RETURNED
1,1,256,0.9609375,1,31.43,0.36,30.89,0.18,1907,0.890625,RETURNED
1,1,256,0.94921875,2,31.1,0.12,30.9,0.08,1909,0.86328125,RETURNED
1,1,256,0.9375,3,31.02,0.1,30.92,0.0,1914,0.875,LOST
1,1,256,0.984375,4,31.16,0.28,30.77,0.11,1896,0.96875,RETURNED
1,1,256,0.98828125,5,31.32,0.18,31.14,0.0,1922,0.95703125,LOST
1,1,256,0.9921875,6,31.25,0.47,30.66,0.12,1889,0.96875,RETURNED
1,1,256,0.9921875,7,31.83,0.28,31.41,0.13,1882,0.984375,RETURNED
1,1,256,0.99609375,8,31.18,0.29,30.81,0.08,1905,0.99609375,RETURNED
1,2,256,0.921875,0,31.09,0.43,30.55,0.1,1908,0.62109375,RETURNED
1,2,256,0.91015625,1,30.55,0.1,30.37,0.08,1907,0.6328125,RETURNED
1,2,256,0.94140625,2,30.85,0.25,30.48,0.11,1909,0.88671875,RETURNED
1,2,256,0.97265625,3,30.65,0.1,30.55,0.0,1914,0.9296875,LOST
1,2,256,0.984375,4,30.72,0.32,30.33,0.07,1896,0.97265625,RETURNED
1,2,256,0.98828125,5,30.83,0.21,30.62,0.0,1922,0.984375,LOST
1,2,256,0.98828125,6,30.61,0.24,30.23,0.15,1889,0.98046875,RETURNED
1,2,256,0.9921875,7,31.21,0.19,30.8,0.22,1882,0.98828125,RETURNED
1,2,256,0.99609375,8,30.89,0.22,30.49,0.18,1905,0.9921875,RETURNED
1,3,256,0.890625,0,30.92,0.13,30.71,0.08,1908,0.61328125,RETURNED
1,3,256,0.96875,1,31.27,0.53,30.54,0.19,1907,0.91796875,RETURNED
1,3,256,0.9453125,2,30.85,0.09,30.64,0.11,1909,0.91015625,RETURNED
1,3,256,0.984375,3,30.84,0.27,30.57,0.0,1914,0.953125,LOST
1,3,256,0.97265625,4,30.83,0.17,30.5,0.16,1896,0.9609375,RETURNED
1,3,256,0.98828125,5,31.1,0.33,30.77,0.0,1922,0.96875,LOST
1,3,256,0.99609375,6,30.57,0.13,30.31,0.12,1889,0.97265625,RETURNED
1,3,256,0.99609375,7,31.46,0.14,31.08,0.24,1882,0.99609375,RETURNED
1,3,256,0.9921875,8,31.15,0.46,30.59,0.11,1905,0.9921875,RETURNED
0,335.02,12.75
0,0,256,0.921875,0,30.84,0.58,30.1,0.16,1908,0.61328125,RETURNED
0,0,256,0.953125,1,31.19,0.84,30.26,0.09,1907,0.875,RETURNED
0,0,256,0.98046875,2,30.83,0.53,30.11,0.2,1909,0.94921875,RETURNED
0,0,256,0.96875,3,30.49,0.2,30.29,0.0,1914,0.9375,LOST
0,0,256,0.98828125,4,30.37,0.23,29.95,0.19,1896,0.9453125,RETURNED
0,0,256,0.98828125,5,30.37,0.1,30.27,0.0,1922,0.984375,LOST
0,0,256,0.99609375,6,30.64,0.43,29.86,0.35,1889,0.9921875,RETURNED
0,0,256,0.99609375,7,30.26,0.35,29.75,0.17,1882,0.99609375,RETURNED
0,0,256,0.984375,8,30.48,0.23,30.04,0.21,1905,0.98046875,RETURNED
0,1,256,0.90625,0,30.24,0.11,30.04,0.08,1908,0.6328125,RETURNED
0,1,256,0.91796875,1,30.64,0.27,30.2,0.17,1907,0.81640625,RETURNED
0,1,256,0.9375,2,30.54,0.38,30.05,0.1,1909,0.8984375,RETURNED
0,1,256,0.9765625,3,30.42,0.27,30.15,0.0,1914,0.94140625,LOST
0,1,256,0.9765625,4,30.74,0.33,29.91,0.5,1896,0.94140625,RETURNED
0,1,256,0.98828125,5,30.72,0.54,30.18,0.0,1922,0.984375,LOST
0,1,256,0.9921875,6,30.91,0.97,29.76,0.18,1889,0.98828125,RETURNED
0,1,256,0.9921875,7,30.16,0.15,29.68,0.34,1882,0.984375,RETURNED
0,1,256,0.98828125,8,30.3,0.11,29.95,0.24,1905,0.99609375,RETURNED
0,2,256,0.92578125,0,30.28,0.11,30.09,0.08,1908,0.6328125,RETURNED
0,2,256,0.95703125,1,30.65,0.32,30.25,0.08,1907,0.89453125,RETURNED
0,2,256,0.94921875,2,30.42,0.12,30.1,0.19,1909,0.8828125,RETURNED
0,2,256,0.96875,3,30.53,0.28,30.25,0.0,1914,0.9140625,LOST
0,2,256,0.97265625,4,30.15,0.22,29.8,0.13,1896,0.921875,RETURNED
0,2,256,0.96875,5,30.52,0.16,30.36,0.0,1922,0.953125,LOST
0,2,256,0.9921875,6,30.07,0.12,29.78,0.17,1889,0.9765625,RETURNED
0,2,256,0.99609375,7,29.94,0.17,29.63,0.14,1882,0.9921875,RETURNED
0,2,256,0.99609375,8,30.71,0.53,30.04,0.14,1905,0.99609375,RETURNED
0,3,256,0.92578125,0,30.77,0.3,30.25,0.22,1908,0.625,RETURNED
0,3,256,0.94921875,1,30.94,0.4,30.39,0.15,1907,0.87890625,RETURNED
0,3,256,0.953125,2,30.73,0.27,30.26,0.2,1909,0.90234375,RETURNED
0,3,256,0.96484375,3,30.65,0.28,30.37,0.0,1914,0.9453125,LOST
0,3,256,0.9921875,4,30.34,0.25,30.02,0.08,1896,0.9609375,RETURNED
0,3,256,0.98046875,5,30.76,0.27,30.48,0.0,1922,0.98046875,LOST
0,3,256,0.99609375,6,30.41,0.34,29.95,0.12,1889,0.98828125,RETURNED
0,3,256,0.98828125,7,30.35,0.26,29.84,0.26,1882,0.97265625,RETURNED
0,3,256,1.0,8,13.58,0.58,12.93,0.08,815,0.99609375,RETURNED
1,268.77,0.24
1,0,256,0.8984375,0,30.87,0.24,30.41,0.22,1908,0.61328125,RETURNED
1,0,256,0.95703125,1,30.88,0.38,30.29,0.21,1907,0.9140625,RETURNED
1,0,256,0.96875,2,31.0,0.46,30.38,0.15,1909,0.92578125,RETURNED
1,0,256,0.984375,3,30.72,0.31,30.41,0.0,1914,0.95703125,LOST
1,0,256,0.984375,4,30.53,0.13,30.25,0.15,1896,0.96484375,RETURNED
1,0,256,0.97265625,5,30.78,0.22,30.55,0.0,1922,0.95703125,LOST
1,0,256,0.9921875,6,30.27,0.12,30.05,0.09,1889,0.95703125,RETURNED
1,0,256,0.984375,7,30.21,0.26,29.83,0.13,1882,0.98046875,RETURNED
1,1,256,0.90625,0,31.13,0.37,30.21,0.54,1908,0.63671875,RETURNED
1,1,256,0.953125,1,30.55,0.34,30.01,0.2,1907,0.89453125,RETURNED
1,1,256,0.95703125,2,30.88,0.55,30.13,0.19,1909,0.9296875,RETURNED
1,1,256,0.96484375,3,30.48,0.28,30.2,0.0,1914,0.95703125,LOST
1,1,256,0.96484375,4,30.77,0.42,30.2,0.15,1896,0.96484375,RETURNED
1,1,256,0.98046875,5,30.77,0.27,30.5,0.0,1922,0.96875,LOST
1,1,256,0.98046875,6,30.33,0.11,30.03,0.19,1889,0.96875,RETURNED
1,1,256,1.0,7,15.7,0.19,15.42,0.09,976,0.99609375,RETURNED
1,2,256,0.9140625,0,30.86,0.19,30.35,0.32,1908,0.6328125,RETURNED
1,2,256,0.95703125,1,30.41,0.15,30.17,0.09,1907,0.90234375,RETURNED
1,2,256,0.9609375,2,30.71,0.13,30.28,0.29,1909,0.84765625,RETURNED
1,2,256,0.98828125,3,30.61,0.28,30.33,0.0,1914,0.95703125,LOST
1,2,256,0.96875,4,30.72,0.35,30.22,0.14,1896,0.95703125,RETURNED
1,2,256,0.9765625,5,30.77,0.27,30.49,0.0,1922,0.95703125,LOST
1,2,256,0.98046875,6,30.36,0.27,30.01,0.09,1889,0.94921875,RETURNED
1,2,256,0.984375,7,30.36,0.4,29.78,0.17,1882,0.98046875,RETURNED
1,3,256,0.9140625,0,30.61,0.12,30.27,0.22,1908,0.625,RETURNED
1,3,256,0.95703125,1,30.54,0.3,30.03,0.21,1907,0.90234375,RETURNED
1,3,256,0.95703125,2,30.59,0.27,30.15,0.17,1909,0.9140625,RETURNED
1,3,256,0.96875,3,30.74,0.48,30.27,0.0,1914,0.95703125,LOST
1,3,256,0.96875,4,30.57,0.23,30.13,0.21,1896,0.9609375,RETURNED
1,3,256,0.9609375,5,30.83,0.41,30.42,0.0,1922,0.95703125,LOST
1,3,256,0.99609375,6,30.42,0.33,29.91,0.18,1889,0.96484375,RETURNED
1,3,256,0.98046875,7,29.99,0.11,29.67,0.21,1882,0.96484375,RETURNED
2,380.76,0.35
2,0,256,0.92578125,0,31.2,0.12,30.72,0.36,1908,0.625,RETURNED
2,0,256,0.95703125,1,33.77,1.8,31.79,0.17,1907,0.90234375,RETURNED
2,0,256,0.953125,2,31.69,0.26,31.18,0.25,1909,0.8984375,RETURNED
2,0,256,0.97265625,3,33.86,0.39,33.48,0.0,1914,0.9375,LOST
2,0,256,0.96484375,4,32.19,0.28,31.44,0.47,1896,0.95703125,RETURNED
2,0,256,0.99609375,5,31.22,0.17,31.04,0.0,1922,0.98046875,LOST
2,0,256,0.98046875,6,32.01,0.81,31.03,0.17,1889,0.95703125,RETURNED
2,0,256,0.984375,7,33.27,0.31,32.79,0.16,1882,0.98046875,RETURNED
2,0,256,0.9921875,8,33.91,0.41,33.06,0.43,1905,0.98828125,RETURNED
2,0,256,0.99609375,9,33.9,0.76,32.95,0.2,1926,0.98828125,RETURNED
2,1,256,0.91796875,0,30.63,0.27,30.15,0.21,1908,0.625,RETURNED
2,1,256,0.94140625,1,31.56,0.4,30.87,0.29,1907,0.875,RETURNED
2,1,256,0.96875,2,30.95,0.45,30.28,0.22,1909,0.9140625,RETURNED
2,1,256,0.953125,3,32.71,0.19,32.52,0.0,1914,0.9453125,LOST
2,1,256,0.98046875,4,31.49,0.28,31.05,0.17,1896,0.96875,RETURNED
2,1,256,0.9921875,5,30.59,0.13,30.46,0.0,1922,0.97265625,LOST
2,1,256,0.98046875,6,30.5,0.27,30.04,0.19,1889,0.96484375,RETURNED
2,1,256,0.98828125,7,32.5,0.28,31.87,0.36,1882,0.98046875,RETURNED
2,1,256,0.9921875,8,32.25,0.26,31.9,0.09,1905,0.98828125,RETURNED
2,1,256,0.99609375,9,32.6,0.21,32.19,0.2,1926,0.9921875,RETURNED
2,1,256,1.0,10,8.76,0.22,8.31,0.23,490,0.9921875,RETURNED
2,2,256,0.91796875,0,30.65,0.22,30.19,0.24,1908,0.62890625,RETURNED
2,2,256,0.94921875,1,31.44,0.39,30.94,0.11,1907,0.91015625,RETURNED
2,2,256,0.95703125,2,30.86,0.31,30.34,0.21,1909,0.9296875,RETURNED
2,2,256,0.953125,3,33.03,0.49,32.54,0.0,1914,0.91796875,LOST
2,2,256,0.97265625,4,32.09,0.65,31.1,0.35,1896,0.9375,RETURNED
2,2,256,0.97265625,5,30.7,0.15,30.54,0.0,1922,0.97265625,LOST
2,2,256,0.98828125,6,30.91,0.54,30.16,0.21,1889,0.96484375,RETURNED
2,2,256,0.9921875,7,32.41,0.22,31.95,0.24,1882,0.98828125,RETURNED
2,2,256,0.9921875,8,32.7,0.48,32.01,0.21,1905,0.9921875,RETURNED
2,2,256,0.9921875,9,33.81,1.34,32.32,0.14,1926,0.9921875,RETURNED
2,2,256,1.0,10,14.16,0.25,13.7,0.21,810,0.99609375,RETURNED
2,3,256,0.90625,0,30.35,0.16,30.03,0.17,1908,0.61328125,RETURNED
2,3,256,0.93359375,1,31.56,0.36,31.09,0.12,1907,0.88671875,RETURNED
2,3,256,0.9453125,2,30.54,0.21,30.25,0.09,1909,0.91015625,RETURNED
2,3,256,0.984375,3,32.67,0.19,32.48,0.0,1914,0.95703125,LOST
2,3,256,0.97265625,4,31.48,0.38,30.99,0.1,1896,0.96875,RETURNED
2,3,256,0.9765625,5,30.47,0.15,30.32,0.0,1922,0.96875,LOST
2,3,256,0.9921875,6,30.7,0.49,29.84,0.36,1889,0.96484375,RETURNED
2,3,256,0.98828125,7,33.26,0.7,32.02,0.54,1882,0.984375,RETURNED
2,3,256,0.98828125,8,32.45,0.51,31.83,0.11,1905,0.98828125,RETURNED
2,3,256,0.98828125,9,32.52,0.19,32.15,0.18,1926,0.9921875,RETURNED
2,3,256,0.99609375,10,32.55,0.24,32.31,0.0,1910,0.98828125,LOST
3,325.02,0.22
3,0,256,0.91015625,0,60.77,0.2,60.19,0.37,1908,0.62109375,RETURNED
3,0,256,0.94140625,1,60.84,0.25,60.35,0.24,1907,0.8984375,RETURNED
3,0,256,0.9765625,2,60.75,0.29,60.16,0.31,1909,0.9609375,RETURNED
3,0,256,0.9765625,3,60.49,0.17,60.32,0.0,1914,0.9609375,LOST
3,0,256,0.984375,4,60.45,0.11,60.06,0.27,1896,0.98046875,RETURNED
3,1,256,0.91796875,0,30.74,0.13,30.35,0.26,1908,0.640625,RETURNED
3,1,256,0.97265625,1,30.76,0.24,30.32,0.2,1907,0.8828125,RETURNED
3,1,256,0.96875,2,30.89,0.24,30.34,0.31,1909,0.9453125,RETURNED
3,1,256,0.96875,3,30.8,0.35,30.46,0.0,1914,0.9375,LOST
3,1,256,0.98046875,4,30.68,0.37,30.18,0.14,1896,0.953125,RETURNED
3,1,256,0.984375,5,30.74,0.12,30.62,0.0,1922,0.9765625,LOST
3,1,256,0.99609375,6,30.37,0.17,30.07,0.14,1889,0.9765625,RETURNED
3,1,256,0.99609375,7,30.81,0.25,29.94,0.62,1882,0.98828125,RETURNED
3,1,256,0.9921875,8,30.6,0.11,30.3,0.19,1905,0.99609375,RETURNED
3,2,256,0.8984375,0,30.54,0.17,30.12,0.25,1908,0.609375,RETURNED
3,2,256,0.90625,1,30.46,0.23,30.13,0.11,1907,0.62109375,RETURNED
3,2,256,0.96484375,2,30.96,0.49,30.11,0.36,1909,0.875,RETURNED
3,2,256,0.953125,3,30.55,0.31,30.23,0.0,1914,0.9296875,LOST
3,2,256,0.9765625,4,31.01,0.76,29.91,0.34,1896,0.94140625,RETURNED
3,2,256,0.97265625,5,30.67,0.3,30.37,0.0,1922,0.96484375,LOST
3,2,256,0.9921875,6,30.66,0.57,29.83,0.26,1889,0.9609375,RETURNED
3,2,256,0.99609375,7,40.64,0.39,30.0,10.24,1882,0.9921875,RETURNED
3,2,256,1.0,8,17.69,0.34,17.17,0.18,1082,0.99609375,RETURNED
3,3,256,0.9140625,0,31.24,0.17,30.9,0.17,1908,0.625,RETURNED
3,3,256,0.93359375,1,30.76,0.37,30.26,0.13,1907,0.77734375,RETURNED
3,3,256,0.95703125,2,30.82,0.22,30.32,0.28,1909,0.86328125,RETURNED
3,3,256,0.96484375,3,30.9,0.56,30.34,0.0,1914,0.94140625,LOST
3,3,256,0.97265625,4,30.66,0.33,30.11,0.23,1896,0.96484375,RETURNED
3,3,256,0.98046875,5,30.82,0.29,30.53,0.0,1922,0.9765625,LOST
3,3,256,0.98828125,6,30.29,0.18,30.02,0.09,1889,0.97265625,RETURNED
3,3,256,0.9921875,7,50.89,0.36,30.13,20.41,1882,0.98828125,RETURNED
3,3,256,0.99609375,8,30.86,0.3,30.35,0.22,1905,0.9921875,RETURNED
4,328.82,0.40
4,0,256,0.90234375,0,60.73,0.19,60.31,0.23,1908,0.62109375,RETURNED
4,0,256,0.9609375,1,61.07,0.43,60.45,0.19,1907,0.94140625,RETURNED
4,0,256,0.9765625,2,59.94,0.23,59.29,0.43,1909,0.9609375,RETURNED
4,0,256,0.984375,3,61.13,0.4,60.73,0.0,1914,0.98046875,LOST
4,0,256,0.98828125,4,61.09,0.49,60.14,0.46,1896,0.98046875,RETURNED
4,1,256,0.93359375,0,30.53,0.28,30.08,0.18,1908,0.62109375,RETURNED
4,1,256,0.9453125,1,30.47,0.26,30.03,0.19,1907,0.8828125,RETURNED
4,1,256,0.96484375,2,30.61,0.28,30.11,0.21,1909,0.91015625,RETURNED
4,1,256,0.96875,3,30.28,0.12,30.15,0.0,1914,0.94140625,LOST
4,1,256,0.984375,4,30.36,0.14,30.0,0.22,1896,0.95703125,RETURNED
4,1,256,0.97265625,5,30.4,0.19,30.21,0.0,1922,0.95703125,LOST
4,1,256,0.98828125,6,32.54,0.44,29.84,2.25,1889,0.96484375,RETURNED
4,1,256,0.984375,7,31.1,1.23,29.69,0.19,1882,0.97265625,RETURNED
4,1,256,0.984375,8,30.75,0.56,30.1,0.09,1905,0.984375,RETURNED
4,1,256,1.0,9,11.46,0.1,11.17,0.19,707,0.99609375,RETURNED
4,2,256,0.9140625,0,59.86,0.36,59.24,0.26,1908,0.61328125,RETURNED
4,2,256,0.95703125,1,60.61,0.29,60.19,0.13,1907,0.8984375,RETURNED
4,2,256,0.96484375,2,61.43,0.38,60.64,0.41,1909,0.92578125,RETURNED
4,2,256,0.9921875,3,62.02,1.49,60.53,0.0,1914,0.98046875,LOST
4,2,256,0.98828125,4,60.91,0.44,60.35,0.13,1896,0.98828125,RETURNED
4,3,256,0.8984375,0,30.44,0.33,29.93,0.19,1908,0.62109375,RETURNED
4,3,256,0.94140625,1,30.34,0.13,29.83,0.38,1907,0.83203125,RETURNED
4,3,256,0.93359375,2,30.28,0.13,29.96,0.2,1909,0.91796875,RETURNED
4,3,256,0.96875,3,30.31,0.32,29.99,0.0,1914,0.9453125,LOST
4,3,256,0.98046875,4,30.32,0.26,29.8,0.26,1896,0.953125,RETURNED
4,3,256,0.96875,5,30.43,0.39,30.04,0.0,1922,0.95703125,LOST
4,3,256,0.984375,6,30.72,0.34,29.65,0.73,1889,0.96875,RETURNED
4,3,256,0.99609375,7,32.74,3.0,29.53,0.22,1882,0.984375,RETURNED
4,3,256,0.9921875,8,30.22,0.16,29.92,0.14,1905,0.98828125,RETURNED
4,3,256,0.9921875,9,31.27,0.83,30.23,0.21,1926,0.9921875,RETURNED
5,299.16,0.27
5,0,256,0.8984375,0,30.71,0.35,30.17,0.19,1908,0.625,RETURNED
5,0,256,0.9609375,1,30.81,0.14,30.28,0.4,1907,0.890625,RETURNED
5,0,256,0.97265625,2,30.93,0.14,30.21,0.57,1909,0.92578125,RETURNED
5,0,256,0.9765625,3,30.78,0.35,30.42,0.0,1914,0.9296875,LOST
5,0,256,0.9765625,4,31.02,0.48,30.11,0.43,1896,0.953125,RETURNED
5,0,256,0.98828125,5,31.25,0.73,30.52,0.0,1922,0.98828125,LOST
5,0,256,0.99609375,6,30.69,0.54,29.93,0.21,1889,0.9765625,RETURNED
5,0,256,0.99609375,7,30.25,0.14,29.95,0.16,1882,0.9921875,RETURNED
5,0,256,0.98828125,8,30.89,0.23,30.1,0.55,1905,0.9921875,RETURNED
5,1,256,0.8984375,0,30.73,0.42,30.09,0.22,1908,0.61328125,RETURNED
5,1,256,0.9609375,1,31.2,0.32,30.24,0.64,1907,0.92578125,RETURNED
5,1,256,0.9765625,2,30.48,0.11,30.19,0.18,1909,0.94921875,RETURNED
5,1,256,0.9921875,3,30.53,0.18,30.36,0.0,1914,0.9765625,LOST
5,1,256,0.97265625,4,31.09,0.75,30.04,0.3,1896,0.94921875,RETURNED
5,1,256,0.984375,5,30.93,0.5,30.43,0.0,1922,0.96484375,LOST
5,1,256,0.984375,6,30.54,0.31,29.84,0.38,1889,0.97265625,RETURNED
5,1,256,0.9921875,7,30.56,0.42,29.92,0.22,1882,0.9921875,RETURNED
5,1,256,0.99609375,8,30.92,0.24,30.05,0.63,1905,0.9921875,RETURNED
5,2,256,0.92578125,0,30.38,0.16,30.1,0.12,1908,0.6328125,RETURNED
5,2,256,0.94921875,1,30.71,0.36,30.24,0.11,1907,0.875,RETURNED
5,2,256,0.98046875,2,30.5,0.16,30.19,0.14,1909,0.9453125,RETURNED
5,2,256,0.90234375,3,30.67,0.3,30.36,0.0,1914,0.6328125,LOST
5,2,256,0.98828125,4,30.88,0.38,30.05,0.45,1896,0.95703125,RETURNED
5,2,256,0.9921875,5,30.8,0.33,30.47,0.0,1922,0.9609375,LOST
5,2,256,0.9921875,6,30.38,0.38,29.86,0.14,1889,0.98046875,RETURNED
5,2,256,0.98828125,7,30.41,0.36,29.94,0.11,1882,0.984375,RETURNED
5,2,256,1.0,8,10.3,0.27,9.82,0.2,621,0.99609375,RETURNED
5,3,256,0.90625,0,30.66,0.31,30.15,0.21,1908,0.62109375,RETURNED
5,3,256,0.92578125,1,31.39,0.42,30.28,0.69,1907,0.87109375,RETURNED
5,3,256,0.98046875,2,30.56,0.21,30.26,0.09,1909,0.9609375,RETURNED
5,3,256,0.95703125,3,30.75,0.36,30.39,0.0,1914,0.890625,LOST
5,3,256,0.96875,4,31.54,1.24,30.11,0.19,1896,0.97265625,RETURNED
5,3,256,0.98828125,5,31.12,0.65,30.47,0.0,1922,0.9765625,LOST
5,3,256,0.99609375,6,30.67,0.61,29.96,0.1,1889,0.98046875,RETURNED
5,3,256,0.99609375,7,30.74,0.55,29.9,0.29,1882,0.9921875,RETURNED
5,3,256,1.0,8,10.77,0.36,9.84,0.57,621,0.99609375,RETURNED
6,271.31,0.23
6,0,256,0.90234375,0,31.07,0.36,30.63,0.08,1908,0.61328125,RETURNED
6,0,256,0.92578125,1,31.31,0.2,30.72,0.39,1907,0.63671875,RETURNED
6,0,256,0.96484375,2,31.15,0.3,30.63,0.22,1909,0.9140625,RETURNED
6,0,256,0.96875,3,31.14,0.35,30.79,0.0,1914,0.94921875,LOST
6,0,256,0.98828125,4,30.82,0.18,30.43,0.21,1896,0.96484375,RETURNED
6,0,256,0.9765625,5,30.76,0.2,30.56,0.0,1922,0.96484375,LOST
6,0,256,0.9921875,6,30.41,0.24,30.04,0.13,1889,0.98828125,RETURNED
6,0,256,1.0,7,12.57,0.31,12.03,0.23,757,0.9921875,RETURNED
6,1,256,0.92578125,0,30.76,0.33,30.21,0.23,1908,0.625,RETURNED
6,1,256,0.8984375,1,30.78,0.34,30.18,0.26,1907,0.6171875,RETURNED
6,1,256,0.93359375,2,30.77,0.3,30.15,0.32,1909,0.80078125,RETURNED
6,1,256,0.953125,3,30.34,0.12,30.22,0.0,1914,0.890625,LOST
6,1,256,0.98828125,4,30.44,0.34,29.96,0.13,1896,0.9609375,RETURNED
6,1,256,0.99609375,5,30.55,0.25,30.31,0.0,1922,0.98828125,LOST
6,1,256,0.99609375,6,30.41,0.2,29.85,0.36,1889,0.98828125,RETURNED
6,1,256,0.98828125,7,30.17,0.34,29.7,0.13,1882,0.9921875,RETURNED
6,2,256,0.9140625,0,31.34,0.85,30.39,0.1,1908,0.6171875,RETURNED
6,2,256,0.9609375,1,30.84,0.14,30.45,0.24,1907,0.92578125,RETURNED
6,2,256,0.96875,2,30.95,0.32,30.39,0.25,1909,0.921875,RETURNED
6,2,256,0.984375,3,30.98,0.41,30.57,0.0,1914,0.9609375,LOST
6,2,256,0.98828125,4,32.52,2.15,30.17,0.2,1896,0.96875,RETURNED
6,2,256,0.99609375,5,30.71,0.11,30.6,0.0,1922,0.98828125,LOST
6,2,256,0.9765625,6,30.56,0.33,30.14,0.1,1889,0.96484375,RETURNED
6,2,256,0.99609375,7,30.52,0.29,29.95,0.28,1882,0.9921875,RETURNED
6,3,256,0.890625,0,30.72,0.33,30.2,0.19,1908,0.6171875,RETURNED
6,3,256,0.94921875,1,30.57,0.14,30.23,0.21,1907,0.875,RETURNED
6,3,256,0.94921875,2,30.51,0.13,30.21,0.17,1909,0.890625,RETURNED
6,3,256,0.96484375,3,30.47,0.14,30.33,0.0,1914,0.8984375,LOST
6,3,256,0.98046875,4,30.38,0.24,30.0,0.15,1896,0.94921875,RETURNED
6,3,256,0.98046875,5,30.55,0.13,30.41,0.0,1922,0.96484375,LOST
6,3,256,0.9921875,6,30.59,0.58,29.88,0.14,1889,0.98828125,RETURNED
6,3,256,0.98046875,7,30.15,0.17,29.8,0.18,1882,0.96484375,RETURNED
7,267.97,0.38
7,0,256,0.9140625,0,30.61,0.14,30.36,0.12,1908,0.63671875,RETURNED
7,0,256,0.8984375,1,30.57,0.2,30.23,0.15,1907,0.62109375,RETURNED
7,0,256,0.95703125,2,30.77,0.23,30.38,0.17,1909,0.9140625,RETURNED
7,0,256,0.95703125,3,30.57,0.29,30.28,0.0,1914,0.9140625,LOST
7,0,256,0.984375,4,30.67,0.26,30.26,0.15,1896,0.97265625,RETURNED
7,0,256,0.96875,5,31.0,0.46,30.54,0.0,1922,0.9609375,LOST
7,0,256,0.98828125,6,30.47,0.24,30.07,0.15,1889,0.984375,RETURNED
7,0,256,1.0,7,16.71,0.19,16.52,0.0,1041,0.9921875,LOST
7,1,256,0.93359375,0,30.76,0.29,30.14,0.34,1908,0.62109375,RETURNED
7,1,256,0.93359375,1,30.51,0.13,30.06,0.31,1907,0.8046875,RETURNED
7,1,256,0.97265625,2,30.49,0.17,30.2,0.12,1909,0.875,RETURNED
7,1,256,0.98046875,3,30.37,0.22,30.15,0.0,1914,0.94921875,LOST
7,1,256,0.953125,4,30.37,0.2,30.07,0.1,1896,0.90625,RETURNED
7,1,256,0.9609375,5,30.82,0.4,30.42,0.0,1922,0.9296875,LOST
7,1,256,0.97265625,6,30.52,0.33,29.96,0.23,1889,0.98828125,RETURNED
7,1,256,0.9921875,7,30.0,0.19,29.7,0.11,1882,0.97265625,RETURNED
7,2,256,0.8984375,0,30.46,0.14,30.2,0.12,1908,0.625,RETURNED
7,2,256,0.91796875,1,30.89,0.5,30.1,0.28,1907,0.64453125,RETURNED
7,2,256,0.92578125,2,30.77,0.34,30.26,0.18,1909,0.875,RETURNED
7,2,256,0.96875,3,30.5,0.29,30.21,0.0,1914,0.96484375,LOST
7,2,256,0.97265625,4,30.56,0.28,30.15,0.13,1896,0.95703125,RETURNED
7,2,256,0.9765625,5,30.67,0.18,30.48,0.0,1922,0.953125,LOST
7,2,256,0.9921875,6,30.45,0.25,30.0,0.2,1889,0.984375,RETURNED
7,2,256,0.99609375,7,30.39,0.38,29.77,0.25,1882,0.98046875,RETURNED
7,3,256,0.9140625,0,31.21,0.72,30.22,0.27,1908,0.625,RETURNED
7,3,256,0.94921875,1,30.51,0.18,30.13,0.2,1907,0.83203125,RETURNED
7,3,256,0.98046875,2,30.58,0.16,30.24,0.18,1909,0.94140625,RETURNED
7,3,256,0.9609375,3,31.18,0.97,30.21,0.0,1914,0.92578125,LOST
7,3,256,0.98828125,4,30.68,0.3,30.17,0.21,1896,0.98046875,RETURNED
7,3,256,0.98828125,5,30.74,0.27,30.47,0.0,1922,0.98828125,LOST
7,3,256,0.984375,6,30.48,0.26,30.03,0.2,1889,0.9609375,RETURNED
7,3,256,0.9765625,7,30.19,0.18,29.78,0.23,1882,0.97265625,RETURNED
8,309.08,0.33
8,0,256,0.8984375,0,31.52,0.77,30.57,0.17,1908,0.6328125,RETURNED
8,0,256,0.9375,1,33.78,0.58,32.93,0.27,1907,0.90625,RETURNED
8,0,256,0.9765625,2,31.96,0.54,30.69,0.73,1909,0.90625,RETURNED
8,0,256,0.953125,3,31.15,0.38,30.78,0.0,1914,0.94140625,LOST
8,0,256,0.9921875,4,30.94,0.12,30.5,0.32,1896,0.953125,RETURNED
8,0,256,0.9765625,5,30.89,0.19,30.7,0.0,1922,0.97265625,LOST
8,0,256,0.99609375,6,31.24,0.21,30.62,0.41,1889,0.98828125,RETURNED
8,0,256,0.984375,7,32.97,2.16,30.11,0.7,1882,0.98046875,RETURNED
8,1,256,0.9140625,0,31.15,0.3,30.53,0.32,1908,0.6171875,RETURNED
8,1,256,0.94140625,1,33.57,0.58,32.9,0.1,1907,0.875,RETURNED
8,1,256,0.9609375,2,31.08,0.3,30.63,0.16,1909,0.890625,RETURNED
8,1,256,0.96875,3,31.04,0.33,30.71,0.0,1914,0.96875,LOST
8,1,256,0.96875,4,30.92,0.19,30.44,0.29,1896,0.94140625,RETURNED
8,1,256,0.97265625,5,30.89,0.27,30.62,0.0,1922,0.9609375,LOST
8,1,256,0.984375,6,31.45,0.4,30.54,0.52,1889,0.9765625,RETURNED
8,1,256,0.9921875,7,30.68,0.41,30.08,0.18,1882,0.98046875,RETURNED
8,1,256,0.99609375,8,30.84,0.2,30.4,0.25,1905,0.99609375,RETURNED
8,2,256,0.91015625,0,31.1,0.41,30.59,0.1,1908,0.609375,RETURNED
8,2,256,0.90234375,1,33.18,0.11,32.94,0.13,1907,0.6171875,RETURNED
8,2,256,0.96484375,2,31.29,0.18,30.67,0.44,1909,0.890625,RETURNED
8,2,256,0.95703125,3,31.19,0.37,30.82,0.0,1914,0.9296875,LOST
8,2,256,0.984375,4,30.91,0.19,30.5,0.22,1896,0.9609375,RETURNED
8,2,256,0.984375,5,30.91,0.19,30.72,0.0,1922,0.9765625,LOST
8,2,256,0.98046875,6,30.96,0.23,30.64,0.09,1889,0.9765625,RETURNED
8,2,256,0.9765625,7,30.8,0.45,30.15,0.2,1882,0.96875,RETURNED
8,2,256,1.0,8,3.84,0.17,3.67,0.0,229,0.99609375,LOST
8,3,256,0.94140625,0,31.14,0.19,30.67,0.27,1908,0.640625,RETURNED
8,3,256,0.93359375,1,33.85,0.43,33.03,0.4,1907,0.83984375,RETURNED
8,3,256,0.97265625,2,31.25,0.2,30.76,0.28,1909,0.9375,RETURNED
8,3,256,0.96484375,3,31.29,0.41,30.88,0.0,1914,0.96875,LOST
8,3,256,0.96484375,4,31.0,0.26,30.59,0.16,1896,0.95703125,RETURNED
8,3,256,0.9765625,5,30.99,0.2,30.8,0.0,1922,0.96484375,LOST
8,3,256,0.98046875,6,31.14,0.18,30.69,0.26,1889,0.96875,RETURNED
8,3,256,0.99609375,7,30.72,0.3,30.22,0.2,1882,0.984375,RETURNED
8,3,256,1.0,8,3.91,0.22,3.69,0.0,229,0.99609375,LOST
0,332.57,5.51
0,0,256,0.90625,0,30.56,0.19,30.15,0.22,1908,0.6171875,RETURNED
0,0,256,0.95703125,1,30.73,0.26,30.19,0.27,1907,0.90234375,RETURNED
0,0,256,0.9765625,2,30.62,0.31,30.16,0.15,1909,0.95703125,RETURNED
0,0,256,0.9765625,3,30.42,0.17,30.25,0.0,1914,0.97265625,LOST
0,0,256,0.97265625,4,30.48,0.12,29.98,0.37,1896,0.953125,RETURNED
0,0,256,0.98046875,5,30.67,0.22,30.44,0.0,1922,0.97265625,LOST
0,0,256,0.984375,6,30.41,0.19,30.03,0.19,1889,0.97265625,RETURNED
0,0,256,0.98046875,7,30.4,0.51,29.8,0.09,1882,0.96484375,RETURNED
0,0,256,0.98828125,8,30.33,0.11,30.06,0.16,1905,0.9921875,RETURNED
0,0,256,1.0,9,0.88,0.21,0.46,0.2,29,1.0,RETURNED
0,1,256,0.90234375,0,30.34,0.17,29.9,0.27,1908,0.609375,RETURNED
0,1,256,0.9609375,1,30.49,0.34,29.97,0.18,1907,0.84375,RETURNED
0,1,256,0.94140625,2,30.59,0.46,29.91,0.22,1909,0.87890625,RETURNED
0,1,256,0.9765625,3,30.4,0.38,30.02,0.0,1914,0.95703125,LOST
0,1,256,0.9453125,4,30.11,0.11,29.71,0.3,1896,0.89453125,RETURNED
0,1,256,0.984375,5,30.57,0.36,30.21,0.0,1922,0.94921875,LOST
0,1,256,0.984375,6,30.03,0.18,29.69,0.15,1889,0.96484375,RETURNED
0,1,256,0.9921875,7,30.11,0.14,29.57,0.4,1882,0.97265625,RETURNED
0,1,256,0.9765625,8,31.34,1.31,29.85,0.19,1905,0.984375,RETURNED
0,1,256,0.9921875,9,30.62,0.24,30.09,0.3,1926,0.9921875,RETURNED
0,2,256,0.91015625,0,30.41,0.13,30.1,0.18,1908,0.62890625,RETURNED
0,2,256,0.890625,1,30.77,0.35,30.22,0.2,1907,0.6484375,RETURNED
0,2,256,0.953125,2,30.47,0.2,30.12,0.16,1909,0.8828125,RETURNED
0,2,256,0.97265625,3,30.77,0.54,30.24,0.0,1914,0.93359375,LOST
0,2,256,0.98828125,4,30.26,0.12,29.94,0.21,1896,0.96484375,RETURNED
0,2,256,0.984375,5,30.61,0.25,30.36,0.0,1922,0.97265625,LOST
0,2,256,0.9921875,6,30.34,0.25,29.98,0.12,1889,0.98828125,RETURNED
0,2,256,0.9765625,7,30.09,0.19,29.74,0.16,1882,0.97265625,RETURNED
0,2,256,0.99609375,8,30.36,0.12,30.06,0.18,1905,0.9921875,RETURNED
0,2,256,1.0,9,26.49,0.22,25.93,0.35,1649,0.99609375,RETURNED
0,3,256,0.91796875,0,30.53,0.3,30.07,0.16,1908,0.62109375,RETURNED
0,3,256,0.89453125,1,30.73,0.25,30.15,0.33,1907,0.6171875,RETURNED
0,3,256,0.95703125,2,30.43,0.2,30.09,0.14,1909,0.921875,RETURNED
0,3,256,0.953125,3,30.68,0.5,30.18,0.0,1914,0.8984375,LOST
0,3,256,0.97265625,4,30.28,0.22,29.87,0.19,1896,0.96484375,RETURNED
0,3,256,0.96484375,5,30.47,0.14,30.33,0.0,1922,0.95703125,LOST
0,3,256,0.97265625,6,30.27,0.2,29.9,0.16,1889,0.94921875,RETURNED
0,3,256,0.9921875,7,29.99,0.11,29.71,0.17,1882,0.9765625,RETURNED
0,3,256,0.99609375,8,30.33,0.24,30.01,0.08,1905,0.9921875,RETURNED
0,3,256,0.99609375,9,30.5,0.1,30.31,0.09,1926,0.99609375,RETURNED
1,237.62,0.27
1,0,256,0.88671875,0,31.3,0.41,30.81,0.08,1908,0.6171875,RETURNED
1,0,256,0.9453125,1,31.01,0.26,30.54,0.21,1907,0.8359375,RETURNED
1,0,256,0.984375,2,32.18,0.68,31.23,0.26,1909,0.9296875,RETURNED
1,0,256,0.98046875,3,31.23,0.34,30.89,0.0,1914,0.96484375,LOST
1,0,256,0.984375,4,30.67,0.11,30.4,0.16,1896,0.98046875,RETURNED
1,0,256,0.98046875,5,31.03,0.11,30.92,0.0,1922,0.95703125,LOST
1,0,256,0.98828125,6,30.5,0.19,30.18,0.14,1889,0.9765625,RETURNED
1,1,256,0.87890625,0,31.51,0.55,30.83,0.14,1908,0.62890625,RETURNED
1,1,256,0.94921875,1,30.94,0.12,30.58,0.25,1907,0.8046875,RETURNED
1,1,256,0.9609375,2,31.6,0.36,30.93,0.31,1909,0.9296875,RETURNED
1,1,256,0.91015625,3,31.25,0.36,30.89,0.0,1914,0.61328125,LOST
1,1,256,0.96875,4,30.76,0.23,30.45,0.08,1896,0.953125,RETURNED
1,1,256,0.98828125,5,31.05,0.12,30.93,0.0,1922,0.97265625,LOST
1,1,256,0.99609375,6,30.77,0.42,30.19,0.16,1889,0.98046875,RETURNED
1,2,256,0.8984375,0,32.21,0.89,30.82,0.5,1908,0.62890625,RETURNED
1,2,256,0.9375,1,30.94,0.17,30.56,0.22,1907,0.87109375,RETURNED
1,2,256,0.9765625,2,31.37,0.12,30.92,0.32,1909,0.94140625,RETURNED
1,2,256,0.984375,3,31.14,0.22,30.92,0.0,1914,0.953125,LOST
1,2,256,0.9921875,4,30.91,0.21,30.39,0.31,1896,0.96875,RETURNED
1,2,256,0.98828125,5,31.16,0.26,30.9,0.0,1922,0.9921875,LOST
1,2,256,1.0,6,10.7,0.11,10.38,0.2,647,0.9921875,RETURNED
1,3,256,0.91015625,0,31.19,0.21,30.84,0.13,1908,0.6171875,RETURNED
1,3,256,0.921875,1,31.09,0.23,30.57,0.29,1907,0.79296875,RETURNED
1,3,256,0.96875,2,32.01,0.55,31.33,0.13,1909,0.9140625,RETURNED
1,3,256,0.98828125,3,31.06,0.13,30.93,0.0,1914,0.9375,LOST
1,3,256,0.9765625,4,30.95,0.13,30.48,0.34,1896,0.9453125,RETURNED
1,3,256,0.96875,5,31.05,0.18,30.87,0.0,1922,0.9609375,LOST
1,3,256,0.99609375,6,30.77,0.4,30.19,0.18,1889,0.96484375,RETURNED
2,284.78,0.38
2,0,256,0.9296875,0,32.91,0.16,32.5,0.25,1908,0.609375,RETURNED
2,0,256,0.93359375,1,32.57,0.1,32.32,0.15,1907,0.8828125,RETURNED
2,0,256,0.96875,2,32.56,0.12,32.3,0.14,1909,0.953125,RETURNED
2,0,256,0.9765625,3,32.7,0.25,32.45,0.0,1914,0.95703125,LOST
2,0,256,0.98046875,4,32.43,0.16,32.02,0.25,1896,0.96484375,RETURNED
2,0,256,0.98046875,5,32.79,0.25,32.54,0.0,1922,0.98046875,LOST
2,0,256,0.984375,6,32.29,0.15,31.98,0.16,1889,0.95703125,RETURNED
2,0,256,0.98828125,7,32.28,0.18,31.96,0.15,1882,0.9921875,RETURNED
2,1,256,0.890625,0,33.14,0.2,32.66,0.28,1908,0.62890625,RETURNED
2,1,256,0.96875,1,32.98,0.19,32.52,0.27,1907,0.8828125,RETURNED
2,1,256,0.96484375,2,32.9,0.11,32.58,0.21,1909,0.93359375,RETURNED
2,1,256,0.9609375,3,33.0,0.2,32.8,0.0,1914,0.9375,LOST
2,1,256,0.9765625,4,32.9,0.36,32.38,0.15,1896,0.96484375,RETURNED
2,1,256,0.984375,5,33.46,0.63,32.82,0.0,1922,0.953125,LOST
2,1,256,0.98828125,6,32.51,0.17,32.21,0.13,1889,0.98046875,RETURNED
2,1,256,0.98046875,7,32.44,0.16,32.18,0.1,1882,0.95703125,RETURNED
2,2,256,0.91796875,0,32.61,0.16,32.36,0.09,1908,0.61328125,RETURNED
2,2,256,0.96484375,1,32.64,0.21,32.2,0.23,1907,0.91796875,RETURNED
2,2,256,0.94140625,2,32.86,0.45,32.27,0.13,1909,0.89453125,RETURNED
2,2,256,0.9453125,3,36.45,3.95,32.5,0.0,1914,0.94140625,LOST
2,2,256,0.984375,4,32.43,0.24,32.06,0.13,1896,0.96484375,RETURNED
2,2,256,0.98828125,5,32.71,0.23,32.49,0.0,1922,0.96875,LOST
2,2,256,0.9921875,6,32.65,0.19,31.92,0.54,1889,0.96875,RETURNED
2,2,256,1.0,7,3.28,0.24,3.04,0.0,179,0.9921875,LOST
2,3,256,0.90234375,0,32.51,0.26,32.13,0.12,1908,0.62890625,RETURNED
2,3,256,0.95703125,1,32.29,0.17,31.99,0.13,1907,0.875,RETURNED
2,3,256,0.9140625,2,32.3,0.11,32.08,0.1,1909,0.6171875,RETURNED
2,3,256,0.98046875,3,32.58,0.3,32.29,0.0,1914,0.9609375,LOST
2,3,256,0.984375,4,32.6,0.56,31.85,0.19,1896,0.96484375,RETURNED
2,3,256,0.984375,5,32.52,0.22,32.3,0.0,1922,0.96484375,LOST
2,3,256,0.99609375,6,32.03,0.21,31.69,0.13,1889,0.984375,RETURNED
2,3,256,0.98046875,7,32.67,0.3,31.75,0.63,1882,0.95703125,RETURNED
3,386.38,0.53
3,0,256,0.90625,0,32.29,0.16,32.05,0.08,1908,0.62890625,RETURNED
3,0,256,0.94921875,1,32.48,0.44,31.83,0.22,1907,0.89453125,RETURNED
3,0,256,0.9375,2,32.63,0.17,31.97,0.49,1909,0.875,RETURNED
3,0,256,0.9765625,3,32.31,0.2,32.1,0.0,1914,0.9296875,LOST
3,0,256,0.98046875,4,32.37,0.31,31.81,0.24,1896,0.95703125,RETURNED
3,0,256,0.9765625,5,32.61,0.43,32.19,0.0,1922,0.95703125,LOST
3,0,256,0.96484375,6,32.19,0.41,31.68,0.1,1889,0.9453125,RETURNED
3,0,256,0.99609375,7,31.92,0.24,31.59,0.08,1882,0.98828125,RETURNED
3,0,256,0.99609375,8,33.15,0.42,32.04,0.69,1905,0.98828125,RETURNED
3,0,256,0.9921875,9,32.82,0.21,32.51,0.1,1926,0.99609375,RETURNED
3,0,256,1.0,10,3.45,0.15,3.3,0.0,196,0.98828125,LOST
3,1,256,0.91796875,0,32.15,0.23,31.79,0.13,1908,0.6328125,RETURNED
3,1,256,0.9453125,1,32.03,0.24,31.7,0.09,1907,0.8828125,RETURNED
3,1,256,0.95703125,2,32.22,0.22,31.9,0.1,1909,0.91015625,RETURNED
3,1,256,0.97265625,3,32.2,0.19,32.01,0.0,1914,0.94921875,LOST
3,1,256,0.953125,4,31.72,0.21,31.42,0.1,1896,0.95703125,RETURNED
3,1,256,0.9765625,5,31.97,0.18,31.79,0.0,1922,0.9453125,LOST
3,1,256,0.98828125,6,32.21,0.37,31.25,0.59,1889,0.97265625,RETURNED
3,1,256,0.98828125,7,31.39,0.12,31.16,0.11,1882,0.9609375,RETURNED
3,1,256,0.98828125,8,32.09,0.29,31.66,0.14,1905,0.984375,RETURNED
3,1,256,0.9921875,9,32.76,0.32,32.3,0.13,1926,0.9921875,RETURNED
3,1,256,0.9921875,10,32.2,0.21,31.99,0.0,1910,0.9921875,LOST
3,2,256,0.8828125,0,32.85,0.21,32.53,0.1,1908,0.62109375,RETURNED
3,2,256,0.953125,1,32.59,0.13,32.28,0.17,1907,0.90234375,RETURNED
3,2,256,0.9453125,2,32.68,0.19,32.4,0.09,1909,0.90625,RETURNED
3,2,256,0.97265625,3,32.8,0.31,32.48,0.0,1914,0.94921875,LOST
3,2,256,0.97265625,4,32.67,0.16,32.33,0.17,1896,0.9453125,RETURNED
3,2,256,0.9765625,5,32.84,0.24,32.59,0.0,1922,0.95703125,LOST
3,2,256,0.9765625,6,32.42,0.18,32.16,0.09,1889,0.93359375,RETURNED
3,2,256,0.98828125,7,32.47,0.22,32.14,0.1,1882,0.98046875,RETURNED
3,2,256,0.984375,8,33.55,0.28,33.14,0.13,1905,0.99609375,RETURNED
3,2,256,0.99609375,9,33.27,0.21,32.84,0.22,1926,0.99609375,RETURNED
3,2,256,0.984375,10,33.14,0.16,32.98,0.0,1910,0.98046875,LOST
3,3,256,0.90625,0,32.87,0.2,32.5,0.18,1908,0.62109375,RETURNED
3,3,256,0.88671875,1,32.76,0.22,32.32,0.22,1907,0.609375,RETURNED
3,3,256,0.94140625,2,32.89,0.19,32.48,0.23,1909,0.890625,RETURNED
3,3,256,0.96875,3,32.74,0.18,32.57,0.0,1914,0.94140625,LOST
3,3,256,0.9609375,4,32.66,0.3,32.27,0.09,1896,0.88671875,RETURNED
3,3,256,0.95703125,5,32.89,0.26,32.62,0.0,1922,0.93359375,LOST
3,3,256,0.9921875,6,33.16,0.69,32.19,0.27,1889,0.98046875,RETURNED
3,3,256,0.99609375,7,32.64,0.42,32.11,0.12,1882,0.98046875,RETURNED
3,3,256,0.98828125,8,33.22,0.46,32.62,0.13,1905,0.9921875,RETURNED
3,3,256,0.99609375,9,33.31,0.24,32.97,0.09,1926,0.99609375,RETURNED
4,252.96,3.04
4,0,256,0.9140625,0,32.83,0.15,32.55,0.13,1908,0.640625,RETURNED
4,0,256,0.9453125,1,32.89,0.2,32.6,0.09,1907,0.84765625,RETURNED
4,0,256,0.9765625,2,33.05,0.19,32.76,0.11,1909,0.94921875,RETURNED
4,0,256,0.9609375,3,33.26,0.52,32.74,0.0,1914,0.921875,LOST
4,0,256,0.9765625,4,33.07,0.57,32.42,0.08,1896,0.9765625,RETURNED
4,0,256,0.97265625,5,33.31,0.35,32.96,0.0,1922,0.9609375,LOST
4,0,256,0.98828125,6,32.84,0.43,32.08,0.33,1889,0.97265625,RETURNED
4,1,256,0.8984375,0,32.48,0.19,32.06,0.23,1908,0.62109375,RETURNED
4,1,256,0.9453125,1,32.41,0.23,32.02,0.16,1907,0.875,RETURNED
4,1,256,0.96875,2,32.6,0.31,32.16,0.13,1909,0.9140625,RETURNED
4,1,256,0.95703125,3,32.56,0.31,32.25,0.0,1914,0.9140625,LOST
4,1,256,0.99609375,4,32.08,0.16,31.83,0.09,1896,0.98828125,RETURNED
4,1,256,0.9921875,5,32.8,0.49,32.31,0.0,1922,0.99609375,LOST
4,1,256,1.0,6,27.07,0.19,26.88,0.0,1599,0.99609375,LOST
4,2,256,0.9140625,0,33.7,0.76,32.55,0.39,1908,0.609375,RETURNED
4,2,256,0.9609375,1,33.29,0.33,32.49,0.47,1907,0.859375,RETURNED
4,2,256,0.98828125,2,33.02,0.34,32.59,0.09,1909,0.94921875,RETURNED
4,2,256,0.97265625,3,32.82,0.22,32.6,0.0,1914,0.93359375,LOST
4,2,256,0.98046875,4,32.68,0.17,32.23,0.29,1896,0.9765625,RETURNED
4,2,256,0.9609375,5,33.26,0.57,32.68,0.0,1922,0.9375,LOST
4,2,256,0.99609375,6,32.9,0.42,31.98,0.5,1889,0.99609375,RETURNED
4,3,256,0.90625,0,32.32,0.21,31.98,0.13,1908,0.6171875,RETURNED
4,3,256,0.8984375,1,32.44,0.34,31.82,0.29,1907,0.61328125,RETURNED
4,3,256,0.96484375,2,32.56,0.27,31.88,0.4,1909,0.8984375,RETURNED
4,3,256,0.9453125,3,32.22,0.22,32.0,0.0,1914,0.90625,LOST
4,3,256,0.99609375,4,32.19,0.31,31.62,0.26,1896,0.98828125,RETURNED
4,3,256,0.98828125,5,32.31,0.17,32.14,0.0,1922,0.98828125,LOST
4,3,256,0.984375,6,32.18,0.56,31.46,0.16,1889,0.9765625,RETURNED
5,222.50,0.64
5,0,256,0.89453125,0,32.32,0.12,32.02,0.18,1908,0.6171875,RETURNED
5,0,256,0.9453125,1,32.32,0.19,32.0,0.13,1907,0.8828125,RETURNED
5,0,256,0.94921875,2,32.47,0.16,31.92,0.39,1909,0.9375,RETURNED
5,0,256,0.94921875,3,32.5,0.37,32.13,0.0,1914,0.91015625,LOST
5,0,256,0.9765625,4,32.1,0.11,31.79,0.2,1896,0.9453125,RETURNED
5,0,256,0.98828125,5,32.58,0.33,32.25,0.0,1922,0.98828125,LOST
5,1,256,0.890625,0,31.99,0.19,31.66,0.14,1908,0.61328125,RETURNED
5,1,256,0.953125,1,31.97,0.19,31.66,0.12,1907,0.8828125,RETURNED
5,1,256,0.94921875,2,34.06,1.73,31.71,0.63,1909,0.91015625,RETURNED
5,1,256,0.9765625,3,32.17,0.37,31.8,0.0,1914,0.953125,LOST
5,1,256,0.96875,4,31.8,0.17,31.45,0.19,1896,0.94921875,RETURNED
5,1,256,0.984375,5,32.36,0.53,31.83,0.0,1922,0.9609375,LOST
5,2,256,0.91796875,0,32.02,0.2,31.68,0.14,1908,0.62109375,RETURNED
5,2,256,0.9375,1,32.05,0.12,31.74,0.19,1907,0.85546875,RETURNED
5,2,256,0.93359375,2,32.35,0.41,31.74,0.2,1909,0.8984375,RETURNED
5,2,256,0.94921875,3,32.07,0.2,31.86,0.0,1914,0.9140625,LOST
5,2,256,0.9921875,4,31.75,0.12,31.43,0.2,1896,0.97265625,RETURNED
5,2,256,1.0,5,28.58,0.31,28.03,0.24,1681,0.984375,RETURNED
5,3,256,0.9140625,0,31.94,0.17,31.64,0.12,1908,0.62109375,RETURNED
5,3,256,0.91015625,1,32.36,0.24,31.61,0.51,1907,0.63671875,RETURNED
5,3,256,0.9765625,2,32.44,0.38,31.68,0.39,1909,0.94140625,RETURNED
5,3,256,0.97265625,3,32.14,0.33,31.82,0.0,1914,0.9375,LOST
5,3,256,0.9765625,4,32.18,0.57,31.39,0.21,1896,0.94921875,RETURNED
5,3,256,0.9921875,5,32.25,0.34,31.91,0.0,1922,0.9921875,LOST
0,291.00,19.33
0,0,256,0.90625,0,30.78,0.11,30.52,0.15,1908,0.61328125,RETURNED
0,0,256,0.9375,1,30.85,0.2,30.52,0.13,1907,0.8828125,RETURNED
0,0,256,0.953125,2,30.87,0.37,30.39,0.11,1909,0.859375,RETURNED
0,0,256,0.984375,3,31.3,0.17,31.13,0.0,1914,0.9765625,LOST
0,0,256,0.96875,4,30.59,0.13,30.31,0.14,1896,0.94140625,RETURNED
0,0,256,0.984375,5,31.24,0.18,31.06,0.0,1922,0.96875,LOST
0,0,256,0.98046875,6,30.96,0.38,30.42,0.16,1889,0.97265625,RETURNED
0,0,256,0.9765625,7,30.48,0.11,30.22,0.15,1882,0.96875,RETURNED
0,1,256,0.87109375,0,30.6,0.26,30.26,0.08,1908,0.6171875,RETURNED
0,1,256,0.89453125,1,30.55,0.16,30.31,0.08,1907,0.609375,RETURNED
0,1,256,0.953125,2,30.55,0.19,30.24,0.11,1909,0.890625,RETURNED
0,1,256,0.9765625,3,31.27,0.24,31.04,0.0,1914,0.94921875,LOST
0,1,256,0.98828125,4,30.71,0.41,30.21,0.1,1896,0.9765625,RETURNED
0,1,256,0.9765625,5,31.03,0.12,30.91,0.0,1922,0.95703125,LOST
0,1,256,0.98828125,6,31.44,1.04,30.29,0.11,1889,0.98046875,RETURNED
0,1,256,0.9921875,7,30.48,0.2,30.14,0.14,1882,0.9921875,RETURNED
0,2,256,0.8984375,0,30.94,0.29,30.56,0.09,1908,0.62890625,RETURNED
0,2,256,0.921875,1,31.0,0.12,30.61,0.27,1907,0.875,RETURNED
0,2,256,0.96875,2,31.16,0.31,30.53,0.32,1909,0.93359375,RETURNED
0,2,256,0.9609375,3,31.34,0.12,31.22,0.0,1914,0.953125,LOST
0,2,256,0.9609375,4,30.72,0.15,30.47,0.1,1896,0.953125,RETURNED
0,2,256,0.9921875,5,31.28,0.13,31.15,0.0,1922,0.98046875,LOST
0,2,256,0.9921875,6,30.85,0.22,30.52,0.11,1889,0.98828125,RETURNED
0,2,256,0.9921875,7,30.64,0.19,30.36,0.09,1882,0.98046875,RETURNED
0,3,256,0.8984375,0,30.56,0.2,30.25,0.1,1908,0.609375,RETURNED
0,3,256,0.94140625,1,30.68,0.26,30.29,0.14,1907,0.8828125,RETURNED
0,3,256,0.98046875,2,30.52,0.13,30.21,0.18,1909,0.94140625,RETURNED
0,3,256,0.96484375,3,31.17,0.27,30.9,0.0,1914,0.9375,LOST
0,3,256,0.9921875,4,30.89,0.12,30.09,0.67,1896,0.98046875,RETURNED
0,3,256,0.99609375,5,30.99,0.17,30.82,0.0,1922,0.9921875,LOST
0,3,256,0.9921875,6,30.56,0.13,30.14,0.29,1889,0.98828125,RETURNED
0,3,256,1.0,7,12.68,0.3,12.16,0.22,757,0.9921875,RETURNED
1,299.30,0.32
1,0,256,0.90625,0,30.62,0.18,30.33,0.12,1908,0.62890625,RETURNED
1,0,256,0.90234375,1,30.88,0.18,30.22,0.48,1907,0.609375,RETURNED
1,0,256,0.96875,2,30.57,0.14,30.28,0.15,1909,0.9375,RETURNED
1,0,256,0.9765625,3,30.7,0.5,30.2,0.0,1914,0.95703125,LOST
1,0,256,0.9765625,4,30.38,0.19,30.04,0.14,1896,0.96875,RETURNED
1,0,256,0.9921875,5,30.56,0.13,30.43,0.0,1922,0.96875,LOST
1,0,256,0.96484375,6,30.58,0.16,29.94,0.47,1889,0.9453125,RETURNED
1,0,256,0.99609375,7,30.63,0.2,29.76,0.68,1882,0.9765625,RETURNED
1,0,256,1.0,8,17.42,0.18,17.16,0.08,1082,0.99609375,RETURNED
1,1,256,0.88671875,0,30.89,0.25,30.5,0.14,1908,0.62890625,RETURNED
1,1,256,0.9453125,1,31.16,0.11,30.36,0.69,1907,0.86328125,RETURNED
1,1,256,0.9375,2,30.69,0.14,30.44,0.1,1909,0.83984375,RETURNED
1,1,256,0.9765625,3,30.56,0.13,30.43,0.0,1914,0.96875,LOST
1,1,256,0.94921875,4,30.56,0.18,30.25,0.13,1896,0.890625,RETURNED
1,1,256,0.953125,5,30.72,0.1,30.62,0.0,1922,0.96484375,LOST
1,1,256,0.98828125,6,30.36,0.14,30.11,0.11,1889,0.98046875,RETURNED
1,1,256,0.98828125,7,30.32,0.2,29.95,0.17,1882,0.98828125,RETURNED
1,1,256,0.99609375,8,30.71,0.15,30.31,0.25,1905,0.98828125,RETURNED
1,2,256,0.91796875,0,31.13,0.27,30.7,0.15,1908,0.6171875,RETURNED
1,2,256,0.94921875,1,30.88,0.18,30.56,0.14,1907,0.90625,RETURNED
1,2,256,0.96484375,2,30.81,0.15,30.6,0.07,1909,0.91796875,RETURNED
1,2,256,0.96484375,3,30.99,0.44,30.56,0.0,1914,0.93359375,LOST
1,2,256,0.9765625,4,30.84,0.24,30.43,0.17,1896,0.96875,RETURNED
1,2,256,0.98828125,5,30.95,0.17,30.77,0.0,1922,0.9765625,LOST
1,2,256,0.9921875,6,30.74,0.31,30.27,0.15,1889,0.9765625,RETURNED
1,2,256,0.98046875,7,30.46,0.2,30.14,0.12,1882,0.9765625,RETURNED
1,2,256,0.99609375,8,30.87,0.12,30.57,0.18,1905,0.98828125,RETURNED
1,3,256,0.90625,0,30.86,0.31,30.43,0.12,1908,0.62109375,RETURNED
1,3,256,0.96875,1,30.55,0.16,30.27,0.12,1907,0.890625,RETURNED
1,3,256,0.9765625,2,30.65,0.17,30.32,0.17,1909,0.91796875,RETURNED
1,3,256,0.97265625,3,30.38,0.14,30.24,0.0,1914,0.9453125,LOST
1,3,256,0.98046875,4,30.51,0.27,30.1,0.13,1896,0.96875,RETURNED
1,3,256,0.9765625,5,30.72,0.21,30.51,0.0,1922,0.9453125,LOST
1,3,256,0.984375,6,30.58,0.47,29.99,0.11,1889,0.9765625,RETURNED
1,3,256,0.98828125,7,30.24,0.26,29.83,0.15,1882,0.984375,RETURNED
1,3,256,0.99609375,8,30.74,0.37,30.23,0.14,1905,0.9921875,RETURNED
2,338.75,0.71
2,0,256,0.8984375,0,32.12,0.38,31.62,0.12,1908,0.61328125,RETURNED
2,0,256,0.9453125,1,32.73,1.25,31.37,0.11,1907,0.8671875,RETURNED
2,0,256,0.92578125,2,31.69,0.46,31.14,0.09,1909,0.92578125,RETURNED
2,0,256,0.95703125,3,31.96,0.22,31.74,0.0,1914,0.9375,LOST
2,0,256,0.96484375,4,31.49,0.41,30.98,0.09,1896,0.94921875,RETURNED
2,0,256,0.96484375,5,31.41,0.39,31.02,0.0,1922,0.9296875,LOST
2,0,256,0.98046875,6,30.74,0.26,30.36,0.12,1889,0.94140625,RETURNED
2,0,256,0.98828125,7,31.07,0.15,30.61,0.3,1882,0.98828125,RETURNED
2,0,256,0.9921875,8,30.97,0.18,30.69,0.11,1905,0.98828125,RETURNED
2,0,256,0.9921875,9,31.43,0.16,30.85,0.43,1926,0.98828125,RETURNED
2,1,256,0.8984375,0,32.88,0.19,32.58,0.11,1908,0.6328125,RETURNED
2,1,256,0.90625,1,32.4,0.18,31.53,0.69,1907,0.625,RETURNED
2,1,256,0.97265625,2,32.3,0.33,31.88,0.09,1909,0.9453125,RETURNED
2,1,256,0.94921875,3,32.68,0.17,32.51,0.0,1914,0.90234375,LOST
2,1,256,0.98046875,4,32.3,0.81,31.35,0.15,1896,0.96875,RETURNED
2,1,256,0.99609375,5,31.82,0.17,31.65,0.0,1922,0.9765625,LOST
2,1,256,0.984375,6,31.7,0.2,30.95,0.55,1889,0.96484375,RETURNED
2,1,256,0.99609375,7,31.08,0.12,30.84,0.12,1882,0.984375,RETURNED
2,1,256,0.9765625,8,31.53,0.19,30.89,0.45,1905,0.99609375,RETURNED
2,2,256,0.90234375,0,32.06,0.31,31.64,0.11,1908,0.609375,RETURNED
2,2,256,0.9375,1,31.77,0.13,31.38,0.26,1907,0.8515625,RETURNED
2,2,256,0.9609375,2,31.51,0.12,31.18,0.21,1909,0.89453125,RETURNED
2,2,256,0.96875,3,31.87,0.17,31.7,0.0,1914,0.953125,LOST
2,2,256,0.984375,4,31.62,0.25,31.08,0.28,1896,0.9609375,RETURNED
2,2,256,0.984375,5,31.39,0.36,31.03,0.0,1922,0.984375,LOST
2,2,256,0.98828125,6,30.66,0.17,30.36,0.13,1889,0.98046875,RETURNED
2,2,256,0.984375,7,30.82,0.12,30.55,0.15,1882,0.9765625,RETURNED
2,2,256,0.984375,8,30.94,0.12,30.7,0.12,1905,0.984375,RETURNED
2,2,256,0.98828125,9,31.3,0.27,30.9,0.13,1926,0.98828125,RETURNED
2,3,256,0.9140625,0,32.22,0.21,31.79,0.22,1908,0.62109375,RETURNED
2,3,256,0.9375,1,31.87,0.24,31.48,0.15,1907,0.8515625,RETURNED
2,3,256,0.96875,2,31.67,0.21,31.31,0.15,1909,0.92578125,RETURNED
2,3,256,0.98046875,3,32.07,0.2,31.87,0.0,1914,0.95703125,LOST
2,3,256,0.9765625,4,31.44,0.13,31.18,0.12,1896,0.96875,RETURNED
2,3,256,0.96875,5,31.37,0.22,31.15,0.0,1922,0.95703125,LOST
2,3,256,0.9765625,6,31.41,0.81,30.49,0.11,1889,0.984375,RETURNED
2,3,256,0.98828125,7,31.06,0.2,30.78,0.08,1882,0.98828125,RETURNED
2,3,256,0.9921875,8,31.59,0.12,30.87,0.6,1905,0.98828125,RETURNED
2,3,256,1.0,9,1.31,0.12,1.18,0.0,74,0.99609375,LOST
3,273.88,0.31
3,0,256,0.8984375,0,30.8,0.34,30.22,0.24,1908,0.62890625,RETURNED
3,0,256,0.95703125,1,31.33,0.91,30.19,0.22,1907,0.89453125,RETURNED
3,0,256,0.95703125,2,30.66,0.11,30.39,0.16,1909,0.9453125,RETURNED
3,0,256,0.9765625,3,30.69,0.28,30.41,0.0,1914,0.94921875,LOST
3,0,256,0.953125,4,30.7,0.45,30.07,0.18,1896,0.94921875,RETURNED
3,0,256,0.98828125,5,30.78,0.3,30.48,0.0,1922,0.96875,LOST
3,0,256,0.99609375,6,30.61,0.44,30.02,0.15,1889,0.98828125,RETURNED
3,0,256,0.9921875,7,30.15,0.18,29.85,0.12,1882,0.984375,RETURNED
3,1,256,0.921875,0,30.7,0.24,30.38,0.08,1908,0.625,RETURNED
3,1,256,0.96484375,1,30.79,0.3,30.33,0.16,1907,0.921875,RETURNED
3,1,256,0.96875,2,31.2,0.56,30.51,0.13,1909,0.9296875,RETURNED
3,1,256,0.97265625,3,31.0,0.57,30.44,0.0,1914,0.9375,LOST
3,1,256,0.98828125,4,30.49,0.23,30.17,0.09,1896,0.96875,RETURNED
3,1,256,0.98828125,5,30.95,0.3,30.65,0.0,1922,0.97265625,LOST
3,1,256,0.9921875,6,30.38,0.17,30.12,0.09,1889,0.98828125,RETURNED
3,1,256,1.0,7,2.96,0.12,2.85,0.0,179,0.99609375,LOST
3,2,256,0.921875,0,30.4,0.15,30.18,0.08,1908,0.62890625,RETURNED
3,2,256,0.921875,1,31.35,1.0,30.15,0.2,1907,0.62109375,RETURNED
3,2,256,0.96875,2,30.88,0.5,30.29,0.09,1909,0.91015625,RETURNED
3,2,256,0.9375,3,30.39,0.09,30.3,0.0,1914,0.89453125,LOST
3,2,256,0.96484375,4,30.23,0.11,30.0,0.13,1896,0.96484375,RETURNED
3,2,256,0.984375,5,30.57,0.13,30.44,0.0,1922,0.95703125,LOST
3,2,256,0.9765625,6,30.43,0.21,29.97,0.25,1889,0.953125,RETURNED
3,2,256,0.98828125,7,30.51,0.54,29.81,0.17,1882,0.9765625,RETURNED
3,3,256,0.9296875,0,30.79,0.16,30.19,0.44,1908,0.62890625,RETURNED
3,3,256,0.921875,1,30.53,0.2,30.13,0.21,1907,0.84375,RETURNED
3,3,256,0.94921875,2,30.83,0.11,30.31,0.4,1909,0.9140625,RETURNED
3,3,256,0.98046875,3,30.43,0.1,30.33,0.0,1914,0.95703125,LOST
3,3,256,0.984375,4,30.33,0.16,30.03,0.14,1896,0.96484375,RETURNED
3,3,256,0.9921875,5,30.61,0.18,30.43,0.0,1922,0.96484375,LOST
3,3,256,0.9921875,6,30.32,0.18,29.99,0.15,1889,0.984375,RETURNED
3,3,256,0.98046875,7,30.06,0.14,29.78,0.14,1882,0.96484375,RETURNED
4,267.74,0.36
4,0,256,0.87890625,0,30.48,0.15,30.17,0.16,1908,0.625,RETURNED
4,0,256,0.9375,1,30.76,0.48,30.21,0.07,1907,0.8515625,RETURNED
4,0,256,0.98046875,2,30.51,0.13,30.14,0.23,1909,0.95703125,RETURNED
4,0,256,0.96484375,3,30.48,0.2,30.29,0.0,1914,0.94921875,LOST
4,0,256,0.984375,4,30.36,0.3,29.98,0.09,1896,0.9453125,RETURNED
4,0,256,0.98828125,5,30.56,0.14,30.41,0.0,1922,0.98046875,LOST
4,0,256,0.98828125,6,30.04,0.18,29.8,0.07,1889,0.98046875,RETURNED
4,0,256,0.99609375,7,30.51,0.14,29.73,0.64,1882,0.9921875,RETURNED
4,1,256,0.8984375,0,30.52,0.26,30.13,0.13,1908,0.640625,RETURNED
4,1,256,0.95703125,1,30.58,0.27,30.19,0.12,1907,0.88671875,RETURNED
4,1,256,0.94140625,2,30.37,0.1,30.14,0.13,1909,0.8125,RETURNED
4,1,256,0.9765625,3,30.42,0.16,30.25,0.0,1914,0.95703125,LOST
4,1,256,0.98046875,4,30.2,0.1,29.94,0.15,1896,0.95703125,RETURNED
4,1,256,0.98046875,5,30.59,0.2,30.4,0.0,1922,0.98046875,LOST
4,1,256,0.99609375,6,30.34,0.22,29.79,0.33,1889,0.984375,RETURNED
4,1,256,1.0,7,15.12,0.18,14.94,0.0,946,0.98828125,LOST
4,2,256,0.90234375,0,30.61,0.32,30.21,0.08,1908,0.6328125,RETURNED
4,2,256,0.94921875,1,30.55,0.12,30.27,0.16,1907,0.90234375,RETURNED
4,2,256,0.96484375,2,30.78,0.36,30.28,0.15,1909,0.91015625,RETURNED
4,2,256,0.953125,3,30.55,0.13,30.42,0.0,1914,0.9375,LOST
4,2,256,0.9765625,4,30.37,0.2,30.03,0.14,1896,0.95703125,RETURNED
4,2,256,0.98828125,5,30.88,0.37,30.51,0.0,1922,0.9609375,LOST
4,2,256,0.9921875,6,30.09,0.13,29.89,0.07,1889,0.98046875,RETURNED
4,2,256,0.9921875,7,30.63,0.18,29.9,0.55,1882,0.98046875,RETURNED
4,3,256,0.921875,0,30.55,0.22,30.18,0.15,1908,0.63671875,RETURNED
4,3,256,0.94140625,1,30.6,0.18,30.24,0.18,1907,0.87890625,RETURNED
4,3,256,0.95703125,2,30.39,0.11,30.2,0.08,1909,0.9375,RETURNED
4,3,256,0.97265625,3,30.55,0.22,30.33,0.0,1914,0.9375,LOST
4,3,256,0.9765625,4,30.24,0.11,30.0,0.13,1896,0.95703125,RETURNED
4,3,256,0.98828125,5,30.66,0.16,30.5,0.0,1922,0.9765625,LOST
4,3,256,0.98046875,6,30.35,0.35,29.87,0.14,1889,0.95703125,RETURNED
4,3,256,0.9921875,7,30.4,0.23,29.82,0.34,1882,0.98828125,RETURNED
5,358.81,0.27
5,0,256,0.91796875,0,30.72,0.36,30.21,0.15,1908,0.62890625,RETURNED
5,0,256,0.95703125,1,30.64,0.38,30.12,0.13,1907,0.85546875,RETURNED
5,0,256,0.9453125,2,30.83,0.12,30.44,0.26,1909,0.90234375,RETURNED
5,0,256,0.96875,3,31.14,0.32,30.82,0.0,1914,0.94921875,LOST
5,0,256,0.98046875,4,30.7,0.22,30.43,0.06,1896,0.96484375,RETURNED
5,0,256,0.98046875,5,30.64,0.21,30.42,0.0,1922,0.98046875,LOST
5,0,256,0.98828125,6,30.37,0.28,29.95,0.14,1889,0.9765625,RETURNED
5,0,256,0.984375,7,30.08,0.22,29.77,0.09,1882,0.984375,RETURNED
5,0,256,0.98046875,8,30.62,0.24,30.25,0.14,1905,0.98828125,RETURNED
5,0,256,0.9921875,9,30.67,0.12,30.45,0.11,1926,0.9921875,RETURNED
5,0,256,0.98828125,10,30.41,0.2,30.21,0.0,1910,0.984375,LOST
5,1,256,0.91015625,0,31.66,0.13,30.77,0.76,1908,0.609375,RETURNED
5,1,256,0.96484375,1,30.99,0.22,30.61,0.15,1907,0.84765625,RETURNED
5,1,256,0.96875,2,31.49,0.13,31.2,0.16,1909,0.94140625,RETURNED
5,1,256,0.97265625,3,31.54,0.13,31.41,0.0,1914,0.95703125,LOST
5,1,256,0.98046875,4,31.53,0.25,31.09,0.19,1896,0.96875,RETURNED
5,1,256,0.98046875,5,32.03,1.1,30.93,0.0,1922,0.96875,LOST
5,1,256,0.95703125,6,30.91,0.43,30.41,0.08,1889,0.98046875,RETURNED
5,1,256,0.96484375,7,30.65,0.17,30.23,0.26,1882,0.98828125,RETURNED
5,1,256,0.98046875,8,31.25,0.25,30.82,0.18,1905,0.98828125,RETURNED
5,1,256,0.9765625,9,31.43,0.13,31.11,0.19,1926,0.98828125,RETURNED
5,2,256,0.88671875,0,30.53,0.12,30.26,0.14,1908,0.625,RETURNED
5,2,256,0.9453125,1,30.34,0.13,30.09,0.13,1907,0.79296875,RETURNED
5,2,256,0.98046875,2,30.62,0.19,30.3,0.13,1909,0.92578125,RETURNED
5,2,256,0.984375,3,30.66,0.16,30.5,0.0,1914,0.96484375,LOST
5,2,256,0.98046875,4,30.76,0.2,30.37,0.19,1896,0.98046875,RETURNED
5,2,256,0.98046875,5,30.56,0.1,30.46,0.0,1922,0.98046875,LOST
5,2,256,0.98046875,6,30.73,0.64,29.97,0.12,1889,0.96875,RETURNED
5,2,256,0.98828125,7,30.09,0.19,29.77,0.12,1882,0.98046875,RETURNED
5,2,256,0.98828125,8,30.96,0.29,30.27,0.4,1905,0.98828125,RETURNED
5,2,256,0.9921875,9,31.03,0.11,30.5,0.41,1926,0.9921875,RETURNED
5,2,256,0.99609375,10,30.34,0.15,30.19,0.0,1910,0.984375,LOST
5,3,256,0.890625,0,30.52,0.11,30.34,0.08,1908,0.62109375,RETURNED
5,3,256,0.95703125,1,30.45,0.15,30.18,0.13,1907,0.859375,RETURNED
5,3,256,0.90625,2,31.02,0.4,30.46,0.15,1909,0.66015625,RETURNED
5,3,256,0.96875,3,30.81,0.22,30.59,0.0,1914,0.9453125,LOST
5,3,256,0.9765625,4,31.19,0.64,30.46,0.1,1896,0.9453125,RETURNED
5,3,256,0.98828125,5,31.09,0.55,30.53,0.0,1922,0.95703125,LOST
5,3,256,0.98828125,6,30.83,0.23,30.06,0.54,1889,0.98046875,RETURNED
5,3,256,0.9921875,7,30.06,0.14,29.83,0.09,1882,0.9921875,RETURNED
5,3,256,0.9921875,8,30.58,0.23,30.27,0.09,1905,0.984375,RETURNED
5,3,256,0.99609375,9,30.75,0.12,30.51,0.12,1926,0.9921875,RETURNED
5,3,256,1.0,10,2.98,0.21,2.67,0.1,168,0.99609375,RETURNED
6,330.69,1.60
6,0,256,0.890625,0,32.03,0.17,30.29,1.57,1908,0.62109375,RETURNED
6,0,256,0.890625,1,30.61,0.15,30.27,0.19,1907,0.6171875,RETURNED
6,0,256,0.9609375,2,31.01,0.29,30.41,0.31,1909,0.90234375,RETURNED
6,0,256,0.984375,3,30.54,0.18,30.36,0.0,1914,0.97265625,LOST
6,0,256,0.96875,4,30.42,0.2,30.13,0.1,1896,0.953125,RETURNED
6,0,256,0.9765625,5,30.84,0.33,30.52,0.0,1922,0.97265625,LOST
6,0,256,0.98828125,6,30.71,0.59,29.99,0.13,1889,0.96484375,RETURNED
6,0,256,0.9921875,7,30.61,0.22,29.9,0.49,1882,0.98046875,RETURNED
6,0,256,0.9921875,8,30.67,0.17,30.41,0.1,1905,0.9921875,RETURNED
6,0,256,1.0,9,10.08,0.1,9.84,0.14,616,0.99609375,RETURNED
6,1,256,0.921875,0,30.4,0.14,30.14,0.12,1908,0.62109375,RETURNED
6,1,256,0.9296875,1,30.62,0.13,30.18,0.31,1907,0.85546875,RETURNED
6,1,256,0.97265625,2,30.77,0.19,30.3,0.28,1909,0.921875,RETURNED
6,1,256,0.97265625,3,30.52,0.24,30.28,0.0,1914,0.93359375,LOST
6,1,256,0.9609375,4,30.31,0.12,30.02,0.17,1896,0.9453125,RETURNED
6,1,256,0.96875,5,30.54,0.13,30.41,0.0,1922,0.93359375,LOST
6,1,256,0.98828125,6,30.41,0.11,29.91,0.4,1889,0.9609375,RETURNED
6,1,256,0.9921875,7,30.17,0.12,29.79,0.26,1882,0.97265625,RETURNED
6,1,256,0.99609375,8,30.69,0.18,30.34,0.17,1905,0.9921875,RETURNED
6,1,256,0.9921875,9,30.69,0.12,30.41,0.16,1926,0.99609375,RETURNED
6,2,256,0.89453125,0,30.39,0.13,30.19,0.07,1908,0.625,RETURNED
6,2,256,0.93359375,1,30.99,0.21,30.15,0.63,1907,0.83984375,RETURNED
6,2,256,0.953125,2,32.47,2.02,30.32,0.13,1909,0.91796875,RETURNED
6,2,256,0.984375,3,30.71,0.45,30.27,0.0,1914,0.9609375,LOST
6,2,256,0.97265625,4,30.63,0.47,30.01,0.14,1896,0.93359375,RETURNED
6,2,256,0.9921875,5,30.63,0.26,30.38,0.0,1922,0.9765625,LOST
6,2,256,0.984375,6,30.22,0.17,29.85,0.2,1889,0.953125,RETURNED
6,2,256,0.96875,7,30.1,0.15,29.78,0.16,1882,0.95703125,RETURNED
6,2,256,0.99609375,8,30.67,0.18,30.33,0.15,1905,0.9921875,RETURNED
6,2,256,1.0,9,9.98,0.13,9.76,0.09,616,0.9921875,RETURNED
6,3,256,0.890625,0,33.78,3.47,30.13,0.18,1908,0.61328125,RETURNED
6,3,256,0.9375,1,30.36,0.13,30.09,0.13,1907,0.875,RETURNED
6,3,256,0.94140625,2,30.68,0.23,30.26,0.2,1909,0.828125,RETURNED
6,3,256,0.98828125,3,30.3,0.1,30.19,0.0,1914,0.9609375,LOST
6,3,256,0.98046875,4,30.42,0.33,29.96,0.13,1896,0.97265625,RETURNED
6,3,256,0.96484375,5,30.49,0.17,30.32,0.0,1922,0.94140625,LOST
6,3,256,0.9921875,6,30.14,0.18,29.88,0.09,1889,0.9765625,RETURNED
6,3,256,0.9921875,7,29.97,0.13,29.74,0.09,1882,0.98828125,RETURNED
6,3,256,0.9921875,8,31.11,0.63,30.29,0.19,1905,0.9921875,RETURNED
6,3,256,0.99609375,9,30.58,0.11,30.35,0.12,1926,0.99609375,RETURNED
7,268.79,0.30
7,0,256,0.91015625,0,30.46,0.13,30.24,0.09,1908,0.625,RETURNED
7,0,256,0.92578125,1,30.71,0.13,30.26,0.32,1907,0.6171875,RETURNED
7,0,256,0.9375,2,31.44,0.99,30.33,0.12,1909,0.87109375,RETURNED
7,0,256,0.96875,3,30.75,0.38,30.36,0.0,1914,0.94140625,LOST
7,0,256,0.96484375,4,30.47,0.22,30.1,0.15,1896,0.95703125,RETURNED
7,0,256,0.97265625,5,30.71,0.2,30.51,0.0,1922,0.953125,LOST
7,0,256,0.98828125,6,30.3,0.27,29.9,0.12,1889,0.96484375,RETURNED
7,0,256,0.9921875,7,30.44,0.32,29.87,0.25,1882,0.9921875,RETURNED
7,1,256,0.91015625,0,30.48,0.18,30.21,0.09,1908,0.61328125,RETURNED
7,1,256,0.9296875,1,30.51,0.12,30.17,0.22,1907,0.86328125,RETURNED
7,1,256,0.9375,2,30.65,0.18,30.22,0.25,1909,0.8046875,RETURNED
7,1,256,0.96875,3,30.55,0.26,30.29,0.0,1914,0.9296875,LOST
7,1,256,0.95703125,4,30.4,0.22,30.06,0.12,1896,0.9453125,RETURNED
7,1,256,0.98046875,5,30.65,0.19,30.46,0.0,1922,0.95703125,LOST
7,1,256,0.99609375,6,30.54,0.24,29.88,0.41,1889,0.9609375,RETURNED
7,1,256,1.0,7,21.51,0.19,21.19,0.13,1346,0.96484375,RETURNED
7,2,256,0.9140625,0,32.58,0.09,32.38,0.11,1908,0.62890625,RETURNED
7,2,256,0.96484375,1,30.7,0.18,30.37,0.16,1907,0.91015625,RETURNED
7,2,256,0.9609375,2,30.66,0.22,30.35,0.1,1909,0.9453125,RETURNED
7,2,256,0.98046875,3,30.87,0.12,30.75,0.0,1914,0.953125,LOST
7,2,256,0.9609375,4,30.86,0.18,30.45,0.23,1896,0.94140625,RETURNED
7,2,256,0.984375,5,30.82,0.18,30.64,0.0,1922,0.96484375,LOST
7,2,256,0.99609375,6,30.43,0.24,30.03,0.15,1889,0.9609375,RETURNED
7,2,256,0.98828125,7,35.35,0.13,34.97,0.25,1882,0.99609375,RETURNED
7,3,256,0.921875,0,32.13,0.12,30.35,1.66,1908,0.6171875,RETURNED
7,3,256,0.94140625,1,30.85,0.22,30.48,0.15,1907,0.88671875,RETURNED
7,3,256,0.95703125,2,30.96,0.3,30.48,0.18,1909,0.87890625,RETURNED
7,3,256,0.96484375,3,30.59,0.15,30.44,0.0,1914,0.9296875,LOST
7,3,256,0.95703125,4,30.56,0.22,30.24,0.09,1896,0.9296875,RETURNED
7,3,256,0.9765625,5,30.88,0.19,30.69,0.0,1922,0.96484375,LOST
7,3,256,0.9921875,6,30.32,0.14,30.04,0.14,1889,0.95703125,RETURNED
7,3,256,1.0,7,2.36,0.1,2.12,0.14,133,0.99609375,RETURNED
8,299.51,0.35
8,0,256,0.90234375,0,30.94,0.12,30.4,0.42,1908,0.63671875,RETURNED
8,0,256,0.89453125,1,30.66,0.3,30.2,0.16,1907,0.62890625,RETURNED
8,0,256,0.9609375,2,30.65,0.1,30.33,0.22,1909,0.9140625,RETURNED
8,0,256,0.98046875,3,30.67,0.32,30.35,0.0,1914,0.96484375,LOST
8,0,256,0.984375,4,30.38,0.16,30.1,0.13,1896,0.9765625,RETURNED
8,0,256,0.97265625,5,30.76,0.24,30.52,0.0,1922,0.9609375,LOST
8,0,256,0.98828125,6,30.57,0.29,30.11,0.18,1889,0.984375,RETURNED
8,0,256,0.98046875,7,30.21,0.21,29.9,0.1,1882,0.9609375,RETURNED
8,0,256,0.98828125,8,30.53,0.11,30.17,0.25,1905,0.98046875,RETURNED
8,1,256,0.90625,0,30.82,0.13,30.43,0.25,1908,0.63671875,RETURNED
8,1,256,0.94921875,1,31.22,0.56,30.24,0.42,1907,0.8515625,RETURNED
8,1,256,0.93359375,2,30.72,0.24,30.33,0.15,1909,0.8671875,RETURNED
8,1,256,0.93359375,3,30.54,0.12,30.42,0.0,1914,0.890625,LOST
8,1,256,0.984375,4,30.51,0.14,30.16,0.21,1896,0.96875,RETURNED
8,1,256,0.98828125,5,30.83,0.24,30.59,0.0,1922,0.984375,LOST
8,1,256,0.9921875,6,30.55,0.27,30.15,0.13,1889,0.9765625,RETURNED
8,1,256,0.99609375,7,30.22,0.17,29.95,0.1,1882,0.98828125,RETURNED
8,1,256,1.0,8,2.78,0.19,2.03,0.56,128,0.99609375,RETURNED
8,2,256,0.8828125,0,31.28,0.11,31.01,0.16,1908,0.609375,RETURNED
8,2,256,0.9453125,1,31.76,0.83,30.77,0.16,1907,0.8671875,RETURNED
8,2,256,0.9765625,2,31.13,0.27,30.78,0.08,1909,0.953125,RETURNED
8,2,256,0.98046875,3,31.14,0.32,30.82,0.0,1914,0.9765625,LOST
8,2,256,0.98046875,4,30.91,0.13,30.57,0.22,1896,0.9609375,RETURNED
8,2,256,0.984375,5,30.62,0.21,30.41,0.0,1922,0.96484375,LOST
8,2,256,0.98046875,6,30.3,0.18,30.0,0.13,1889,0.96875,RETURNED
8,2,256,0.99609375,7,30.08,0.17,29.79,0.12,1882,0.98828125,RETURNED
8,2,256,0.99609375,8,30.92,0.22,30.18,0.52,1905,0.99609375,RETURNED
8,3,256,0.9140625,0,30.76,0.32,30.35,0.09,1908,0.6328125,RETURNED
8,3,256,0.953125,1,30.87,0.2,30.14,0.53,1907,0.87890625,RETURNED
8,3,256,0.96875,2,30.62,0.11,30.27,0.24,1909,0.9296875,RETURNED
8,3,256,0.953125,3,30.55,0.2,30.35,0.0,1914,0.9453125,LOST
8,3,256,0.9609375,4,30.57,0.25,30.09,0.24,1896,0.94921875,RETURNED
8,3,256,0.9609375,5,31.08,0.6,30.48,0.0,1922,0.9453125,LOST
8,3,256,0.98046875,6,30.42,0.12,30.09,0.21,1889,0.96875,RETURNED
8,3,256,0.99609375,7,30.44,0.4,29.9,0.14,1882,0.9765625,RETURNED
8,3,256,0.9921875,8,30.92,0.44,30.22,0.26,1905,0.99609375,RETURNED
9,266.56,0.28
9,0,256,0.875,0,30.75,0.2,30.35,0.21,1908,0.6171875,RETURNED
9,0,256,0.9296875,1,30.59,0.15,30.36,0.09,1907,0.86328125,RETURNED
9,0,256,0.9453125,2,30.59,0.11,30.37,0.11,1909,0.90625,RETURNED
9,0,256,0.96875,3,30.54,0.15,30.4,0.0,1914,0.94921875,LOST
9,0,256,0.97265625,4,30.84,0.19,30.08,0.57,1896,0.94140625,RETURNED
9,0,256,0.97265625,5,31.04,0.49,30.55,0.0,1922,0.97265625,LOST
9,0,256,0.9921875,6,30.7,0.21,30.23,0.27,1889,0.9609375,RETURNED
9,0,256,1.0,7,30.1,0.18,29.84,0.08,1882,0.9921875,RETURNED
9,1,256,0.91015625,0,30.4,0.2,30.08,0.11,1908,0.61328125,RETURNED
9,1,256,0.95703125,1,30.55,0.29,30.14,0.12,1907,0.91015625,RETURNED
9,1,256,0.9609375,2,30.51,0.22,30.15,0.14,1909,0.89453125,RETURNED
9,1,256,0.95703125,3,30.3,0.14,30.16,0.0,1914,0.9296875,LOST
9,1,256,0.97265625,4,30.34,0.16,29.96,0.22,1896,0.953125,RETURNED
9,1,256,0.97265625,5,30.68,0.32,30.36,0.0,1922,0.953125,LOST
9,1,256,0.9921875,6,30.36,0.13,30.07,0.17,1889,0.96875,RETURNED
9,1,256,1.0,7,29.91,0.15,29.66,0.11,1882,0.9921875,RETURNED
9,2,256,0.90625,0,30.95,0.36,30.21,0.39,1908,0.61328125,RETURNED
9,2,256,0.93359375,1,30.8,0.35,30.22,0.23,1907,0.8671875,RETURNED
9,2,256,0.95703125,2,30.67,0.13,30.27,0.26,1909,0.9375,RETURNED
9,2,256,0.984375,3,30.36,0.14,30.23,0.0,1914,0.96484375,LOST
9,2,256,0.98828125,4,30.4,0.26,30.02,0.12,1896,0.95703125,RETURNED
9,2,256,0.9921875,5,30.79,0.31,30.48,0.0,1922,0.9765625,LOST
9,2,256,0.9921875,6,30.69,0.22,30.15,0.32,1889,0.984375,RETURNED
9,2,256,1.0,7,30.23,0.35,29.76,0.12,1882,0.9921875,RETURNED
9,3,256,0.90234375,0,30.69,0.25,30.28,0.17,1908,0.6328125,RETURNED
9,3,256,0.953125,1,30.8,0.36,30.33,0.11,1907,0.859375,RETURNED
9,3,256,0.9609375,2,30.77,0.29,30.32,0.16,1909,0.91796875,RETURNED
9,3,256,0.96484375,3,30.66,0.21,30.45,0.0,1914,0.921875,LOST
9,3,256,0.95703125,4,30.39,0.18,30.1,0.11,1896,0.94140625,RETURNED
9,3,256,0.98046875,5,30.81,0.22,30.59,0.0,1922,0.953125,LOST
9,3,256,0.9921875,6,30.75,0.43,30.24,0.08,1889,0.96484375,RETURNED
9,3,256,0.9765625,7,30.18,0.25,29.85,0.09,1882,0.95703125,RETURNED
10,206.70,0.30
10,0,256,0.890625,0,30.74,0.27,30.3,0.16,1908,0.60546875,RETURNED
10,0,256,0.9375,1,31.25,0.42,30.13,0.71,1907,0.84375,RETURNED
10,0,256,0.984375,2,30.46,0.17,30.14,0.16,1909,0.9453125,RETURNED
10,0,256,0.9921875,3,31.0,0.35,30.65,0.0,1914,0.98046875,LOST
10,0,256,0.98828125,4,30.63,0.24,30.08,0.31,1896,0.9609375,RETURNED
10,0,256,0.99609375,5,30.61,0.18,30.43,0.0,1922,0.98828125,LOST
10,1,256,0.92578125,0,31.41,0.62,30.55,0.24,1908,0.62109375,RETURNED
10,1,256,0.953125,1,30.74,0.23,30.38,0.13,1907,0.875,RETURNED
10,1,256,0.9609375,2,30.61,0.13,30.39,0.08,1909,0.88671875,RETURNED
10,1,256,0.984375,3,31.41,0.43,30.98,0.0,1914,0.984375,LOST
10,1,256,0.98046875,4,30.54,0.11,30.29,0.14,1896,0.97265625,RETURNED
10,1,256,0.9921875,5,30.87,0.18,30.69,0.0,1922,0.98828125,LOST
10,2,256,0.90234375,0,30.72,0.17,30.43,0.12,1908,0.6171875,RETURNED
10,2,256,0.9609375,1,30.79,0.48,30.22,0.09,1907,0.90234375,RETURNED
10,2,256,0.98046875,2,31.05,0.37,30.29,0.39,1909,0.9296875,RETURNED
10,2,256,0.98046875,3,30.96,0.21,30.75,0.0,1914,0.94140625,LOST
10,2,256,0.9921875,4,30.64,0.14,30.18,0.32,1896,0.984375,RETURNED
10,2,256,1.0,5,22.88,0.18,22.48,0.22,1416,0.9921875,RETURNED
10,3,256,0.91015625,0,30.74,0.21,30.35,0.19,1908,0.63671875,RETURNED
10,3,256,0.94921875,1,30.54,0.19,30.18,0.17,1907,0.84375,RETURNED
10,3,256,0.98046875,2,30.91,0.57,30.2,0.13,1909,0.94140625,RETURNED
10,3,256,0.98046875,3,30.8,0.14,30.66,0.0,1914,0.94921875,LOST
10,3,256,0.98828125,4,30.79,0.54,30.07,0.18,1896,0.97265625,RETURNED
10,3,256,0.98828125,5,30.92,0.42,30.5,0.0,1922,0.984375,LOST
11,275.23,0.28
11,0,256,0.90234375,0,30.72,0.18,30.47,0.08,1908,0.62890625,RETURNED
11,0,256,0.9453125,1,31.02,0.17,30.63,0.22,1907,0.8515625,RETURNED
11,0,256,0.9765625,2,31.22,0.15,30.47,0.59,1909,0.9296875,RETURNED
11,0,256,0.98828125,3,30.91,0.13,30.78,0.0,1914,0.97265625,LOST
11,0,256,0.9765625,4,30.67,0.21,30.27,0.19,1896,0.9609375,RETURNED
11,0,256,0.984375,5,31.27,0.29,30.98,0.0,1922,0.953125,LOST
11,0,256,0.98046875,6,31.5,0.24,31.16,0.1,1889,0.95703125,RETURNED
11,0,256,1.0,7,28.65,0.21,28.44,0.0,1629,0.97265625,LOST
11,1,256,0.921875,0,31.29,0.1,30.53,0.66,1908,0.62890625,RETURNED
11,1,256,0.9453125,1,31.02,0.23,30.68,0.1,1907,0.82421875,RETURNED
11,1,256,0.9609375,2,30.76,0.12,30.54,0.1,1909,0.92578125,RETURNED
11,1,256,0.984375,3,31.01,0.14,30.87,0.0,1914,0.95703125,LOST
11,1,256,0.9765625,4,30.92,0.46,30.34,0.12,1896,0.96484375,RETURNED
11,1,256,0.9921875,5,31.28,0.29,30.99,0.0,1922,0.98046875,LOST
11,1,256,0.984375,6,32.2,0.3,31.38,0.53,1889,0.9609375,RETURNED
11,1,256,0.98828125,7,33.23,0.15,32.94,0.14,1882,0.98828125,RETURNED
11,2,256,0.92578125,0,30.8,0.21,30.51,0.09,1908,0.62890625,RETURNED
11,2,256,0.92578125,1,30.99,0.21,30.71,0.07,1907,0.61328125,RETURNED
11,2,256,0.9609375,2,30.87,0.18,30.52,0.16,1909,0.93359375,RETURNED
11,2,256,0.98046875,3,31.05,0.19,30.86,0.0,1914,0.9453125,LOST
11,2,256,0.98828125,4,30.84,0.27,30.35,0.22,1896,0.96484375,RETURNED
11,2,256,0.98828125,5,31.16,0.11,31.04,0.0,1922,0.9765625,LOST
11,2,256,0.98828125,6,31.45,0.17,31.2,0.09,1889,0.9765625,RETURNED
11,2,256,0.98046875,7,33.48,0.31,32.92,0.25,1882,0.9765625,RETURNED
11,3,256,0.890625,0,30.86,0.2,30.57,0.09,1908,0.63671875,RETURNED
11,3,256,0.9375,1,31.08,0.18,30.8,0.1,1907,0.82421875,RETURNED
11,3,256,0.94921875,2,30.89,0.17,30.63,0.09,1909,0.9140625,RETURNED
11,3,256,0.9921875,3,31.29,0.33,30.97,0.0,1914,0.9609375,LOST
11,3,256,0.95703125,4,30.78,0.29,30.4,0.09,1896,0.921875,RETURNED
11,3,256,0.9921875,5,31.37,0.24,31.13,0.0,1922,0.9765625,LOST
11,3,256,0.99609375,6,31.77,0.2,31.38,0.19,1889,0.984375,RETURNED
11,3,256,0.9921875,7,33.65,0.21,33.29,0.15,1882,0.98828125,RETURNED