0,242.19,3.00
0,0,256,0.94921875,0,31.01,0.16,30.73,0.12,1908,0.8671875,RETURNED
0,0,256,0.9765625,1,31.15,0.17,30.84,0.14,1907,0.96875,RETURNED
0,0,256,0.9765625,2,30.77,0.21,30.49,0.07,1909,0.9453125,RETURNED
0,0,256,0.99609375,3,30.93,0.11,30.82,0.0,1914,0.9765625,LOST
0,0,256,0.99609375,4,30.49,0.1,30.31,0.08,1896,0.984375,RETURNED
0,0,256,0.99609375,5,31.07,0.16,30.91,0.0,1922,0.99609375,LOST
0,0,256,0.99609375,6,30.39,0.17,30.11,0.11,1889,0.96875,RETURNED
0,1,256,0.921875,0,30.86,0.1,30.65,0.12,1908,0.625,RETURNED
0,1,256,0.96875,1,31.16,0.2,30.76,0.21,1907,0.91015625,RETURNED
0,1,256,0.984375,2,30.81,0.17,30.44,0.2,1909,0.953125,RETURNED
0,1,256,0.9921875,3,30.81,0.11,30.7,0.0,1914,0.984375,LOST
0,1,256,0.984375,4,30.55,0.22,30.21,0.12,1896,0.97265625,RETURNED
0,1,256,0.98828125,5,30.88,0.1,30.78,0.0,1922,0.96875,LOST
0,1,256,0.96875,6,30.28,0.15,29.96,0.18,1889,0.96484375,RETURNED
0,2,256,0.9609375,0,31.05,0.16,30.76,0.13,1908,0.8828125,RETURNED
0,2,256,0.94921875,1,31.15,0.24,30.81,0.11,1907,0.90625,RETURNED
0,2,256,0.984375,2,30.75,0.18,30.45,0.12,1909,0.97265625,RETURNED
0,2,256,0.9921875,3,30.98,0.16,30.82,0.0,1914,0.984375,LOST
0,2,256,0.9921875,4,30.58,0.17,30.32,0.09,1896,0.984375,RETURNED
0,2,256,0.99609375,5,31.09,0.16,30.93,0.0,1922,0.99609375,LOST
0,2,256,0.984375,6,30.46,0.23,30.12,0.12,1889,0.9296875,RETURNED
0,3,256,0.95703125,0,31.14,0.17,30.82,0.15,1908,0.8984375,RETURNED
0,3,256,0.97265625,1,31.07,0.12,30.84,0.11,1907,0.921875,RETURNED
0,3,256,0.984375,2,30.92,0.24,30.51,0.17,1909,0.9609375,RETURNED
0,3,256,0.984375,3,31.01,0.16,30.85,0.0,1914,0.97265625,LOST
0,3,256,0.9921875,4,30.63,0.19,30.33,0.11,1896,0.984375,RETURNED
0,3,256,0.9921875,5,31.21,0.23,30.98,0.0,1922,0.9921875,LOST
0,3,256,1.0,6,2.45,0.16,2.28,0.0,143,0.99609375,LOST
1,298.81,0.20
1,0,256,0.90625,0,36.07,0.18,35.76,0.12,1908,0.62890625,RETURNED
1,0,256,0.91015625,1,35.05,0.17,34.82,0.07,1907,0.625,RETURNED
1,0,256,0.95703125,2,35.17,0.17,34.89,0.11,1909,0.90625,RETURNED
1,0,256,0.9609375,3,35.14,0.17,34.97,0.0,1914,0.9296875,LOST
1,0,256,0.97265625,4,34.8,0.13,34.52,0.15,1896,0.953125,RETURNED
1,0,256,0.984375,5,35.15,0.15,35.0,0.0,1922,0.98046875,LOST
1,0,256,0.9921875,6,35.09,0.17,34.71,0.21,1889,0.96484375,RETURNED
1,0,256,0.98046875,7,34.56,0.16,34.26,0.14,1882,0.96484375,RETURNED
1,1,256,0.90234375,0,35.47,0.1,35.24,0.13,1908,0.625,RETURNED
1,1,256,0.90625,1,34.46,0.16,34.22,0.07,1907,0.61328125,RETURNED
1,1,256,0.95703125,2,34.5,0.15,34.23,0.12,1909,0.88671875,RETURNED
1,1,256,0.96484375,3,34.59,0.2,34.39,0.0,1914,0.95703125,LOST
1,1,256,0.98046875,4,34.33,0.17,34.0,0.17,1896,0.97265625,RETURNED
1,1,256,0.97265625,5,34.57,0.17,34.41,0.0,1922,0.96484375,LOST
1,1,256,1.0,6,31.23,0.16,31.07,0.0,1725,0.984375,LOST
1,2,256,0.91015625,0,37.91,0.21,37.58,0.11,1908,0.625,RETURNED
1,2,256,0.94921875,1,36.92,0.18,36.59,0.16,1907,0.8828125,RETURNED
1,2,256,0.9765625,2,36.81,0.16,36.54,0.11,1909,0.9375,RETURNED
1,2,256,0.95703125,3,36.93,0.23,36.7,0.0,1914,0.9140625,LOST
1,2,256,0.984375,4,36.84,0.17,36.5,0.17,1896,0.9453125,RETURNED
1,2,256,0.98828125,5,37.03,0.16,36.87,0.0,1922,0.9765625,LOST
1,2,256,0.98828125,6,36.5,0.22,36.21,0.07,1889,0.96875,RETURNED
1,3,256,0.921875,0,36.08,0.2,35.75,0.13,1908,0.6171875,RETURNED
1,3,256,0.94921875,1,35.08,0.13,34.82,0.13,1907,0.8828125,RETURNED
1,3,256,0.953125,2,35.1,0.09,34.9,0.11,1909,0.90234375,RETURNED
1,3,256,0.9765625,3,35.21,0.2,35.01,0.0,1914,0.90234375,LOST
1,3,256,0.9765625,4,34.74,0.16,34.47,0.11,1896,0.94140625,RETURNED
1,3,256,0.984375,5,35.07,0.15,34.92,0.0,1922,0.98046875,LOST
1,3,256,1.0,6,57.49,0.19,32.15,25.15,1756,0.984375,RETURNED
2,278.87,0.21
2,0,256,0.91796875,0,30.62,0.1,30.37,0.14,1908,0.61328125,RETURNED
2,0,256,0.94140625,1,30.65,0.22,30.29,0.14,1907,0.859375,RETURNED
2,0,256,0.9765625,2,40.66,0.22,30.3,10.13,1909,0.94921875,RETURNED
2,0,256,0.96875,3,30.5,0.18,30.32,0.0,1914,0.9453125,LOST
2,0,256,0.9765625,4,30.52,0.17,30.16,0.19,1896,0.9609375,RETURNED
2,0,256,0.97265625,5,30.69,0.16,30.52,0.0,1922,0.96875,LOST
2,0,256,0.98828125,6,30.34,0.22,29.99,0.13,1889,0.9765625,RETURNED
2,0,256,0.99609375,7,30.31,0.16,30.04,0.11,1882,0.9765625,RETURNED
2,1,256,0.8984375,0,30.71,0.15,30.39,0.17,1908,0.62109375,RETURNED
2,1,256,0.9453125,1,30.71,0.19,30.32,0.19,1907,0.81640625,RETURNED
2,1,256,0.94140625,2,55.72,0.21,30.35,25.16,1909,0.8671875,RETURNED
2,1,256,0.9921875,3,30.56,0.16,30.4,0.0,1914,0.984375,LOST
2,1,256,0.97265625,4,30.49,0.16,30.22,0.11,1896,0.94921875,RETURNED
2,1,256,0.99609375,5,30.79,0.26,30.53,0.0,1922,0.9765625,LOST
2,1,256,0.97265625,6,30.4,0.21,30.07,0.12,1889,0.95703125,RETURNED
2,2,256,0.88671875,0,30.77,0.29,30.36,0.12,1908,0.6171875,RETURNED
2,2,256,0.94921875,1,30.61,0.21,30.29,0.11,1907,0.8828125,RETURNED
2,2,256,0.96875,2,40.57,0.16,30.28,10.13,1909,0.9453125,RETURNED
2,2,256,0.984375,3,30.5,0.19,30.31,0.0,1914,0.9765625,LOST
2,2,256,0.9765625,4,30.45,0.21,30.13,0.11,1896,0.96875,RETURNED
2,2,256,0.98828125,5,30.7,0.18,30.52,0.0,1922,0.9765625,LOST
2,2,256,0.98828125,6,30.26,0.16,30.01,0.09,1889,0.9765625,RETURNED
2,2,256,0.9921875,7,30.32,0.15,30.01,0.16,1882,0.98828125,RETURNED
2,3,256,0.90234375,0,30.59,0.16,30.36,0.07,1908,0.6171875,RETURNED
2,3,256,0.9453125,1,30.67,0.17,30.3,0.19,1907,0.8125,RETURNED
2,3,256,0.984375,2,55.62,0.16,30.31,25.15,1909,0.9453125,RETURNED
2,3,256,0.98046875,3,30.59,0.23,30.36,0.0,1914,0.96875,LOST
2,3,256,0.98828125,4,30.56,0.22,30.26,0.08,1896,0.984375,RETURNED
2,3,256,0.9921875,5,30.72,0.17,30.55,0.0,1922,0.9765625,LOST
2,3,256,1.0,6,25.72,0.26,25.46,0.0,1599,0.9921875,LOST
3,350.74,0.19
3,0,256,0.89453125,0,36.38,0.25,36.01,0.12,1908,0.6171875,RETURNED
3,0,256,0.95703125,1,35.19,0.14,34.85,0.2,1907,0.8515625,RETURNED
3,0,256,0.95703125,2,35.6,0.28,35.2,0.12,1909,0.890625,RETURNED
3,0,256,0.97265625,3,35.17,0.18,34.99,0.0,1914,0.9609375,LOST
3,0,256,0.96875,4,35.41,0.27,35.03,0.11,1896,0.9609375,RETURNED
3,0,256,0.93359375,5,35.66,0.27,35.4,0.0,1922,0.85546875,LOST
3,0,256,0.984375,6,34.97,0.11,34.76,0.09,1889,0.96484375,RETURNED
3,0,256,0.98828125,7,34.8,0.08,34.55,0.16,1882,0.984375,RETURNED
3,0,256,0.98828125,8,34.95,0.12,34.71,0.11,1905,0.984375,RETURNED
3,1,256,0.91796875,0,36.54,0.15,36.23,0.17,1908,0.62109375,RETURNED
3,1,256,0.9296875,1,35.24,0.17,34.97,0.09,1907,0.83203125,RETURNED
3,1,256,0.96875,2,35.63,0.21,35.29,0.13,1909,0.91015625,RETURNED
3,1,256,0.9765625,3,35.28,0.12,35.16,0.0,1914,0.9609375,LOST
3,1,256,0.98046875,4,35.45,0.18,35.09,0.17,1896,0.9609375,RETURNED
3,1,256,0.98828125,5,35.7,0.16,35.54,0.0,1922,0.984375,LOST
3,1,256,0.98046875,6,35.16,0.16,34.83,0.18,1889,0.9609375,RETURNED
3,1,256,0.99609375,7,34.86,0.22,34.49,0.15,1882,0.984375,RETURNED
3,1,256,0.99609375,8,35.27,0.14,34.97,0.15,1905,0.99609375,RETURNED
3,2,256,0.89453125,0,37.39,0.17,37.1,0.12,1908,0.6171875,RETURNED
3,2,256,0.94140625,1,36.3,0.17,35.99,0.14,1907,0.87109375,RETURNED
3,2,256,0.9609375,2,36.73,0.17,36.41,0.14,1909,0.890625,RETURNED
3,2,256,0.984375,3,36.76,0.21,36.55,0.0,1914,0.96484375,LOST
3,2,256,0.97265625,4,36.16,0.17,35.86,0.13,1896,0.93359375,RETURNED
3,2,256,0.9765625,5,37.13,0.27,36.85,0.0,1922,0.96875,LOST
3,2,256,0.9921875,6,36.23,0.16,35.94,0.13,1889,0.984375,RETURNED
3,2,256,0.98828125,7,36.03,0.24,35.63,0.16,1882,0.984375,RETURNED
3,2,256,0.99609375,8,36.46,0.2,36.11,0.15,1905,0.98828125,RETURNED
3,3,256,0.91015625,0,35.66,0.3,35.21,0.16,1908,0.625,RETURNED
3,3,256,0.91015625,1,34.34,0.18,34.04,0.12,1907,0.62109375,RETURNED
3,3,256,0.9609375,2,34.61,0.26,34.27,0.08,1909,0.875,RETURNED
3,3,256,0.9765625,3,34.32,0.16,34.17,0.0,1914,0.94140625,LOST
3,3,256,0.984375,4,34.44,0.14,34.15,0.15,1896,0.96484375,RETURNED
3,3,256,0.98828125,5,34.54,0.16,34.38,0.0,1922,0.96484375,LOST
3,3,256,0.984375,6,34.38,0.2,34.07,0.12,1889,0.9609375,RETURNED
3,3,256,0.98828125,7,34.04,0.22,33.69,0.12,1882,0.984375,RETURNED
3,3,256,1.0,8,20.44,0.19,20.14,0.11,1128,0.9921875,RETURNED
4,311.48,0.26
4,0,256,0.93359375,0,35.65,0.16,35.38,0.11,1908,0.61328125,RETURNED
4,0,256,0.9453125,1,35.43,0.24,35.05,0.14,1907,0.859375,RETURNED
4,0,256,0.95703125,2,36.1,0.24,35.74,0.12,1909,0.9140625,RETURNED
4,0,256,0.984375,3,35.64,0.21,35.43,0.0,1914,0.96875,LOST
4,0,256,0.96875,4,35.28,0.16,34.95,0.16,1896,0.96484375,RETURNED
4,0,256,0.9921875,5,35.69,0.15,35.54,0.0,1922,0.98828125,LOST
4,0,256,0.984375,6,35.24,0.16,34.94,0.15,1889,0.96875,RETURNED
4,0,256,0.9921875,7,34.97,0.16,34.7,0.11,1882,0.9765625,RETURNED
4,1,256,0.91015625,0,34.6,0.17,34.32,0.11,1908,0.625,RETURNED
4,1,256,0.9453125,1,34.41,0.17,34.13,0.11,1907,0.8515625,RETURNED
4,1,256,0.98046875,2,35.24,0.19,34.93,0.12,1909,0.91015625,RETURNED
4,1,256,0.9609375,3,34.46,0.17,34.29,0.0,1914,0.9296875,LOST
4,1,256,0.98828125,4,34.32,0.23,33.97,0.11,1896,0.98046875,RETURNED
4,1,256,0.97265625,5,34.76,0.2,34.56,0.0,1922,0.96484375,LOST
4,1,256,0.99609375,6,34.28,0.21,33.85,0.21,1889,0.98828125,RETURNED
4,1,256,0.98828125,7,34.11,0.16,33.85,0.1,1882,0.9765625,RETURNED
4,2,256,0.90625,0,35.8,0.19,35.48,0.13,1908,0.62109375,RETURNED
4,2,256,0.96875,1,35.28,0.24,34.94,0.11,1907,0.8515625,RETURNED
4,2,256,0.96484375,2,35.91,0.16,35.61,0.15,1909,0.9375,RETURNED
4,2,256,0.97265625,3,35.41,0.27,35.15,0.0,1914,0.94921875,LOST
4,2,256,0.96875,4,35.12,0.22,34.78,0.12,1896,0.94921875,RETURNED
4,2,256,0.97265625,5,35.64,0.18,35.45,0.0,1922,0.96484375,LOST
4,2,256,0.99609375,6,35.06,0.16,34.74,0.15,1889,0.98046875,RETURNED
4,2,256,1.0,7,2.85,0.21,2.44,0.19,133,0.99609375,RETURNED
4,3,256,0.921875,0,36.87,0.11,36.64,0.12,1908,0.60546875,RETURNED
4,3,256,0.9453125,1,36.53,0.17,36.24,0.12,1907,0.91015625,RETURNED
4,3,256,0.98046875,2,37.35,0.18,37.08,0.08,1909,0.94140625,RETURNED
4,3,256,0.97265625,3,36.57,0.17,36.4,0.0,1914,0.9609375,LOST
4,3,256,0.96484375,4,36.42,0.2,36.08,0.14,1896,0.9609375,RETURNED
4,3,256,0.9765625,5,37.39,0.28,37.11,0.0,1922,0.96875,LOST
4,3,256,0.98046875,6,36.3,0.15,36.0,0.15,1889,0.98046875,RETURNED
4,3,256,0.98046875,7,36.2,0.25,35.85,0.1,1882,0.96484375,RETURNED
5,267.04,0.26
5,0,256,0.91796875,0,30.83,0.16,30.56,0.11,1908,0.640625,RETURNED
5,0,256,0.9609375,1,31.0,0.16,30.46,0.38,1907,0.91015625,RETURNED
5,0,256,0.9765625,2,31.54,0.11,31.25,0.18,1909,0.91015625,RETURNED
5,0,256,0.9140625,3,31.11,0.27,30.84,0.0,1914,0.8046875,LOST
5,0,256,0.9765625,4,30.66,0.16,30.35,0.15,1896,0.9765625,RETURNED
5,0,256,0.984375,5,30.85,0.16,30.69,0.0,1922,0.96875,LOST
5,0,256,0.98046875,6,30.61,0.19,30.31,0.11,1889,0.97265625,RETURNED
5,0,256,1.0,7,22.71,0.21,22.35,0.16,1399,0.98828125,RETURNED
5,1,256,0.90625,0,30.51,0.24,30.16,0.1,1908,0.62890625,RETURNED
5,1,256,0.9296875,1,30.6,0.24,30.14,0.22,1907,0.78515625,RETURNED
5,1,256,0.9609375,2,31.82,0.75,30.93,0.14,1909,0.91015625,RETURNED
5,1,256,0.96484375,3,30.71,0.17,30.54,0.0,1914,0.92578125,LOST
5,1,256,0.98046875,4,30.25,0.1,30.04,0.11,1896,0.96875,RETURNED
5,1,256,0.98046875,5,30.53,0.18,30.35,0.0,1922,0.9765625,LOST
5,1,256,0.98046875,6,30.28,0.21,29.96,0.11,1889,0.9609375,RETURNED
5,1,256,0.9921875,7,30.26,0.46,29.65,0.15,1882,0.98046875,RETURNED
5,2,256,0.921875,0,30.65,0.15,30.38,0.12,1908,0.6171875,RETURNED
5,2,256,0.93359375,1,31.16,0.17,30.29,0.7,1907,0.90234375,RETURNED
5,2,256,0.9765625,2,31.33,0.19,31.02,0.12,1909,0.91015625,RETURNED
5,2,256,0.96875,3,30.91,0.15,30.76,0.0,1914,0.96484375,LOST
5,2,256,0.98046875,4,30.71,0.32,30.23,0.16,1896,0.96875,RETURNED
5,2,256,0.98828125,5,30.75,0.21,30.54,0.0,1922,0.9765625,LOST
5,2,256,0.98828125,6,30.52,0.23,30.16,0.13,1889,0.96484375,RETURNED
5,2,256,0.99609375,7,30.2,0.18,29.91,0.11,1882,0.98828125,RETURNED
5,3,256,0.92578125,0,30.44,0.16,30.16,0.11,1908,0.6171875,RETURNED
5,3,256,0.93359375,1,30.61,0.25,30.13,0.23,1907,0.84375,RETURNED
5,3,256,0.96484375,2,31.1,0.18,30.84,0.07,1909,0.9296875,RETURNED
5,3,256,0.9765625,3,30.72,0.21,30.51,0.0,1914,0.96484375,LOST
5,3,256,0.98828125,4,30.32,0.18,30.02,0.12,1896,0.9765625,RETURNED
5,3,256,0.98828125,5,30.6,0.32,30.28,0.0,1922,0.9765625,LOST
5,3,256,0.98046875,6,30.24,0.2,29.91,0.14,1889,0.94921875,RETURNED
5,3,256,0.9921875,7,30.05,0.29,29.68,0.09,1882,0.98046875,RETURNED
6,378.61,0.26
6,0,256,0.90625,0,35.52,0.2,35.21,0.11,1908,0.609375,RETURNED
6,0,256,0.9375,1,35.43,0.21,35.12,0.09,1907,0.82421875,RETURNED
6,0,256,0.9296875,2,35.88,0.57,35.15,0.15,1909,0.80078125,RETURNED
6,0,256,0.953125,3,35.68,0.16,35.52,0.0,1914,0.96484375,LOST
6,0,256,0.9765625,4,35.52,0.15,35.24,0.13,1896,0.94921875,RETURNED
6,0,256,0.953125,5,35.68,0.15,35.52,0.0,1922,0.953125,LOST
6,0,256,0.9921875,6,35.81,0.37,35.31,0.12,1889,0.98828125,RETURNED
6,0,256,0.98828125,7,35.28,0.17,35.0,0.12,1882,0.984375,RETURNED
6,0,256,0.99609375,8,35.47,0.17,35.22,0.07,1905,0.9921875,RETURNED
6,1,256,0.9375,0,35.19,0.2,34.88,0.12,1908,0.6328125,RETURNED
6,1,256,0.9609375,1,35.06,0.1,34.85,0.11,1907,0.890625,RETURNED
6,1,256,0.96484375,2,35.28,0.34,34.82,0.12,1909,0.9296875,RETURNED
6,1,256,0.96484375,3,35.41,0.16,35.25,0.0,1914,0.9375,LOST
6,1,256,0.98828125,4,37.26,0.17,36.96,0.14,1896,0.9609375,RETURNED
6,1,256,0.96484375,5,37.4,0.16,37.24,0.0,1922,0.94921875,LOST
6,1,256,0.9921875,6,37.11,0.17,36.84,0.1,1889,0.98828125,RETURNED
6,1,256,0.99609375,7,37.0,0.25,36.63,0.12,1882,0.9921875,RETURNED
6,1,256,1.0,8,29.54,0.22,29.18,0.15,1513,0.99609375,RETURNED
6,2,256,0.921875,0,36.11,0.22,35.74,0.16,1908,0.640625,RETURNED
6,2,256,0.953125,1,35.9,0.16,35.62,0.13,1907,0.90625,RETURNED
6,2,256,0.96875,2,35.81,0.18,35.5,0.13,1909,0.94140625,RETURNED
6,2,256,0.98046875,3,36.09,0.18,35.92,0.0,1914,0.96484375,LOST
6,2,256,0.9765625,4,36.19,0.17,35.87,0.15,1896,0.953125,RETURNED
6,2,256,0.984375,5,36.63,0.3,36.33,0.0,1922,0.9765625,LOST
6,2,256,0.9921875,6,35.91,0.09,35.67,0.15,1889,0.98828125,RETURNED
6,2,256,0.99609375,7,35.9,0.17,35.59,0.14,1882,0.99609375,RETURNED
6,2,256,0.9921875,8,36.01,0.17,35.73,0.11,1905,0.98828125,RETURNED
6,3,256,0.9375,0,34.95,0.16,34.7,0.08,1908,0.6171875,RETURNED
6,3,256,0.94140625,1,34.98,0.11,34.69,0.18,1907,0.87890625,RETURNED
6,3,256,0.9609375,2,34.96,0.22,34.62,0.11,1909,0.94140625,RETURNED
6,3,256,0.96484375,3,35.19,0.16,35.03,0.0,1914,0.9375,LOST
6,3,256,0.9921875,4,35.33,0.21,35.0,0.11,1896,0.96484375,RETURNED
6,3,256,0.9921875,5,35.19,0.16,35.03,0.0,1922,0.96484375,LOST
6,3,256,0.98046875,6,35.08,0.15,34.81,0.12,1889,0.97265625,RETURNED
6,3,256,0.98046875,7,34.4,0.16,34.11,0.12,1882,0.96875,RETURNED
6,3,256,0.9921875,8,35.15,0.18,34.82,0.15,1905,0.9921875,RETURNED
6,3,256,0.99609375,9,35.33,0.22,34.99,0.12,1926,0.99609375,RETURNED
7,441.92,0.21
7,0,256,0.8984375,0,49.79,0.2,49.13,0.46,1908,0.6328125,RETURNED
7,0,256,0.94140625,1,52.52,0.16,52.17,0.18,1907,0.91015625,RETURNED
7,0,256,0.984375,2,48.01,0.22,47.66,0.13,1909,0.953125,RETURNED
7,0,256,0.9921875,3,52.5,0.29,52.21,0.0,1914,0.984375,LOST
7,0,256,0.9765625,4,55.74,0.17,55.46,0.11,1896,0.98046875,RETURNED
7,0,256,0.96484375,5,53.06,0.09,52.96,0.0,1922,0.97265625,LOST
7,0,256,0.98828125,6,52.59,0.22,52.25,0.12,1889,0.9765625,RETURNED
7,0,256,1.0,7,46.99,0.12,46.81,0.07,1690,0.99609375,RETURNED
7,1,256,0.921875,0,49.79,0.12,49.53,0.13,1908,0.609375,RETURNED
7,1,256,0.94921875,1,52.71,0.59,52.0,0.13,1907,0.8984375,RETURNED
7,1,256,0.97265625,2,48.23,0.15,47.85,0.22,1909,0.9296875,RETURNED
7,1,256,0.96875,3,50.2,0.19,50.01,0.0,1914,0.953125,LOST
7,1,256,0.98828125,4,54.64,0.18,54.29,0.16,1896,0.984375,RETURNED
7,1,256,0.984375,5,53.47,0.21,53.25,0.0,1922,0.984375,LOST
7,1,256,0.98828125,6,52.07,0.16,51.8,0.11,1889,0.98828125,RETURNED
7,1,256,1.0,7,47.08,0.11,46.79,0.17,1690,0.99609375,RETURNED
7,2,256,0.93359375,0,35.29,0.16,35.01,0.13,1908,0.65625,RETURNED
7,2,256,0.9609375,1,35.93,0.19,35.43,0.31,1907,0.9140625,RETURNED
7,2,256,0.92578125,2,35.34,0.18,35.03,0.13,1909,0.82421875,RETURNED
7,2,256,0.94921875,3,35.5,0.24,35.26,0.0,1914,0.89453125,LOST
7,2,256,0.9765625,4,34.99,0.15,34.72,0.12,1896,0.953125,RETURNED
7,2,256,0.9765625,5,35.38,0.16,35.22,0.0,1922,0.97265625,LOST
7,2,256,0.984375,6,35.32,0.2,35.0,0.12,1889,0.94921875,RETURNED
7,2,256,0.98828125,7,34.84,0.16,34.54,0.13,1882,0.96875,RETURNED
7,2,256,0.984375,8,35.15,0.16,34.87,0.11,1905,0.9765625,RETURNED
7,2,256,0.99609375,9,35.67,0.2,35.36,0.11,1926,0.9921875,RETURNED
7,2,256,0.9921875,10,35.43,0.16,35.27,0.0,1910,0.99609375,LOST
7,3,256,0.91796875,0,35.49,0.16,35.21,0.12,1908,0.625,RETURNED
7,3,256,0.953125,1,35.94,0.16,35.59,0.2,1907,0.91796875,RETURNED
7,3,256,0.9375,2,35.56,0.2,35.2,0.15,1909,0.82421875,RETURNED
7,3,256,0.96875,3,35.54,0.16,35.38,0.0,1914,0.953125,LOST
7,3,256,0.98828125,4,35.19,0.17,34.9,0.12,1896,0.9609375,RETURNED
7,3,256,0.984375,5,35.78,0.2,35.58,0.0,1922,0.97265625,LOST
7,3,256,0.98828125,6,35.53,0.25,35.17,0.11,1889,0.98828125,RETURNED
7,3,256,0.9921875,7,34.94,0.16,34.67,0.12,1882,0.984375,RETURNED
7,3,256,0.98046875,8,35.47,0.14,35.19,0.14,1905,0.98828125,RETURNED
7,3,256,0.99609375,9,35.71,0.15,35.45,0.11,1926,0.98828125,RETURNED
7,3,256,1.0,10,32.76,0.12,32.65,0.0,1761,0.9921875,LOST
8,308.82,0.27
8,0,256,0.921875,0,35.04,0.16,34.78,0.1,1908,0.6328125,RETURNED
8,0,256,0.94140625,1,35.16,0.16,34.85,0.15,1907,0.87890625,RETURNED
8,0,256,0.9609375,2,40.7,0.29,40.24,0.17,1909,0.90234375,RETURNED
8,0,256,0.98046875,3,36.4,0.17,36.24,0.0,1914,0.9453125,LOST
8,0,256,0.9765625,4,34.96,0.16,34.71,0.09,1896,0.953125,RETURNED
8,0,256,0.95703125,5,35.43,0.2,35.24,0.0,1922,0.9609375,LOST
8,0,256,0.95703125,6,35.14,0.15,34.89,0.11,1889,0.9375,RETURNED
8,0,256,0.99609375,7,34.58,0.17,34.3,0.11,1882,0.984375,RETURNED
8,1,256,0.90234375,0,33.26,0.18,32.96,0.13,1908,0.65234375,RETURNED
8,1,256,0.9140625,1,33.31,0.16,33.02,0.14,1907,0.6171875,RETURNED
8,1,256,0.95703125,2,38.19,0.16,37.91,0.12,1909,0.91015625,RETURNED
8,1,256,0.9453125,3,35.09,0.16,34.93,0.0,1914,0.93359375,LOST
8,1,256,0.98046875,4,33.25,0.18,32.95,0.12,1896,0.9375,RETURNED
8,1,256,0.984375,5,33.4,0.17,33.23,0.0,1922,0.98046875,LOST
8,1,256,0.99609375,6,33.57,0.22,33.2,0.15,1889,0.98046875,RETURNED
8,1,256,0.98828125,7,33.01,0.21,32.7,0.1,1882,0.98046875,RETURNED
8,2,256,0.89453125,0,34.51,0.16,34.25,0.1,1908,0.62890625,RETURNED
8,2,256,0.94140625,1,34.42,0.09,34.23,0.1,1907,0.84375,RETURNED
8,2,256,0.953125,2,39.93,0.18,39.63,0.13,1909,0.8671875,RETURNED
8,2,256,0.96484375,3,35.94,0.17,35.77,0.0,1914,0.9140625,LOST
8,2,256,0.97265625,4,34.5,0.29,34.1,0.11,1896,0.93359375,RETURNED
8,2,256,0.98046875,5,34.86,0.36,34.5,0.0,1922,0.953125,LOST
8,2,256,0.984375,6,34.99,0.2,34.55,0.24,1889,0.97265625,RETURNED
8,2,256,1.0,7,9.57,0.15,9.3,0.11,519,0.99609375,RETURNED
8,3,256,0.890625,0,34.77,0.17,34.42,0.19,1908,0.6171875,RETURNED
8,3,256,0.9453125,1,34.53,0.15,34.3,0.08,1907,0.8984375,RETURNED
8,3,256,0.94140625,2,40.46,0.19,40.16,0.11,1909,0.921875,RETURNED
8,3,256,0.97265625,3,36.3,0.16,36.14,0.0,1914,0.95703125,LOST
8,3,256,0.98046875,4,34.53,0.18,34.24,0.12,1896,0.9609375,RETURNED
8,3,256,0.984375,5,34.9,0.17,34.73,0.0,1922,0.94921875,LOST
8,3,256,0.98828125,6,35.2,0.32,34.77,0.11,1889,0.95703125,RETURNED
8,3,256,0.9921875,7,34.24,0.13,33.95,0.16,1882,0.984375,RETURNED
9,358.64,0.23
9,0,256,0.94140625,0,30.55,0.16,30.19,0.2,1908,0.62109375,RETURNED
9,0,256,0.96484375,1,30.63,0.13,30.29,0.2,1907,0.921875,RETURNED
9,0,256,0.96484375,2,31.11,0.34,30.63,0.14,1909,0.95703125,RETURNED
9,0,256,0.97265625,3,30.58,0.24,30.34,0.0,1914,0.96484375,LOST
9,0,256,0.95703125,4,30.26,0.18,29.94,0.13,1896,0.93359375,RETURNED
9,0,256,0.94921875,5,30.67,0.15,30.52,0.0,1922,0.93359375,LOST
9,0,256,0.984375,6,30.44,0.09,30.15,0.2,1889,0.96484375,RETURNED
9,0,256,0.984375,7,30.21,0.19,29.87,0.14,1882,0.97265625,RETURNED
9,0,256,0.98046875,8,30.72,0.17,30.39,0.16,1905,0.9765625,RETURNED
9,0,256,0.99609375,9,30.92,0.27,30.5,0.15,1926,0.99609375,RETURNED
9,0,256,0.9921875,10,30.33,0.3,30.03,0.0,1910,0.984375,LOST
9,1,256,0.921875,0,30.48,0.16,30.21,0.12,1908,0.61328125,RETURNED
9,1,256,0.96484375,1,30.65,0.14,30.37,0.14,1907,0.90625,RETURNED
9,1,256,0.9453125,2,31.22,0.33,30.64,0.25,1909,0.8984375,RETURNED
9,1,256,0.98828125,3,30.61,0.22,30.39,0.0,1914,0.95703125,LOST
9,1,256,0.97265625,4,30.33,0.18,29.99,0.15,1896,0.953125,RETURNED
9,1,256,0.9765625,5,30.73,0.19,30.54,0.0,1922,0.96875,LOST
9,1,256,0.98046875,6,30.57,0.19,30.27,0.11,1889,0.9765625,RETURNED
9,1,256,0.9921875,7,30.34,0.27,29.95,0.13,1882,0.98828125,RETURNED
9,1,256,0.99609375,8,30.78,0.17,30.41,0.2,1905,0.9921875,RETURNED
9,1,256,0.99609375,9,31.09,0.32,30.56,0.21,1926,0.99609375,RETURNED
9,1,256,0.99609375,10,30.27,0.17,30.11,0.0,1910,0.99609375,LOST
9,2,256,0.921875,0,30.49,0.15,30.23,0.11,1908,0.63671875,RETURNED
9,2,256,0.95703125,1,30.69,0.17,30.29,0.23,1907,0.921875,RETURNED
9,2,256,0.96875,2,30.92,0.16,30.65,0.11,1909,0.9375,RETURNED
9,2,256,0.9765625,3,30.69,0.27,30.42,0.0,1914,0.94921875,LOST
9,2,256,0.9765625,4,30.49,0.33,30.04,0.12,1896,0.96484375,RETURNED
9,2,256,0.9921875,5,30.76,0.17,30.59,0.0,1922,0.9765625,LOST
9,2,256,0.98828125,6,30.56,0.16,30.21,0.18,1889,0.96484375,RETURNED
9,2,256,0.9765625,7,30.3,0.16,30.01,0.13,1882,0.9609375,RETURNED
9,2,256,0.99609375,8,30.76,0.17,30.48,0.11,1905,0.98828125,RETURNED
9,2,256,0.99609375,9,30.92,0.21,30.59,0.13,1926,0.98828125,RETURNED
9,2,256,1.0,10,1.58,0.22,1.22,0.14,77,0.99609375,RETURNED
9,3,256,0.92578125,0,30.61,0.38,30.12,0.11,1908,0.62890625,RETURNED
9,3,256,0.953125,1,30.67,0.26,30.24,0.16,1907,0.8984375,RETURNED
9,3,256,0.95703125,2,30.91,0.22,30.57,0.12,1909,0.875,RETURNED
9,3,256,0.98828125,3,30.61,0.3,30.3,0.0,1914,0.96484375,LOST
9,3,256,0.97265625,4,30.23,0.15,29.93,0.14,1896,0.9609375,RETURNED
9,3,256,0.96484375,5,30.74,0.24,30.5,0.0,1922,0.95703125,LOST
9,3,256,0.98046875,6,31.11,0.39,30.09,0.63,1889,0.97265625,RETURNED
9,3,256,0.98828125,7,30.2,0.15,29.89,0.16,1882,0.98046875,RETURNED
9,3,256,0.984375,8,30.62,0.15,30.34,0.12,1905,0.9921875,RETURNED
9,3,256,0.99609375,9,30.87,0.17,30.52,0.19,1926,0.99609375,RETURNED
9,3,256,0.99609375,10,30.23,0.17,30.06,0.0,1910,0.99609375,LOST
10,486.32,0.30
10,0,256,0.9140625,0,55.28,0.26,54.82,0.2,1908,0.6171875,RETURNED
10,0,256,0.9140625,1,53.91,0.17,53.62,0.11,1907,0.73828125,RETURNED
10,0,256,0.9453125,2,56.03,0.21,55.72,0.11,1909,0.8984375,RETURNED
10,0,256,0.9609375,3,51.8,0.18,51.62,0.0,1914,0.93359375,LOST
10,0,256,0.9765625,4,50.77,0.16,50.47,0.14,1896,0.953125,RETURNED
10,0,256,0.94921875,5,55.52,0.25,55.27,0.0,1922,0.90625,LOST
10,0,256,0.984375,6,53.37,0.12,53.08,0.17,1889,0.95703125,RETURNED
10,0,256,1.0,7,52.56,0.27,52.1,0.18,1784,0.98828125,RETURNED
10,1,256,0.9140625,0,55.33,0.24,54.96,0.13,1908,0.62890625,RETURNED
10,1,256,0.95703125,1,52.5,0.2,52.16,0.14,1907,0.703125,RETURNED
10,1,256,0.96484375,2,55.84,0.23,55.43,0.18,1909,0.9140625,RETURNED
10,1,256,0.9765625,3,51.39,0.18,51.21,0.0,1914,0.95703125,LOST
10,1,256,0.9765625,4,51.49,0.18,51.13,0.18,1896,0.953125,RETURNED
10,1,256,0.98046875,5,54.68,0.18,54.5,0.0,1922,0.9765625,LOST
10,1,256,0.98828125,6,52.5,0.29,52.07,0.14,1889,0.9765625,RETURNED
10,1,256,1.0,7,52.43,0.23,52.08,0.12,1784,0.98828125,RETURNED
10,2,256,0.90234375,0,53.64,0.15,53.33,0.16,1908,0.6171875,RETURNED
10,2,256,0.9609375,1,54.14,0.19,53.79,0.15,1907,0.8671875,RETURNED
10,2,256,0.94921875,2,54.85,0.27,54.43,0.15,1909,0.90234375,RETURNED
10,2,256,0.95703125,3,52.16,0.18,51.99,0.0,1914,0.875,LOST
10,2,256,0.9921875,4,52.01,0.21,51.66,0.14,1896,0.94921875,RETURNED
10,2,256,0.9765625,5,54.94,0.22,54.72,0.0,1922,0.953125,LOST
10,2,256,0.984375,6,54.74,0.2,54.42,0.12,1889,0.9765625,RETURNED
10,2,256,0.9921875,7,54.62,0.26,54.23,0.13,1882,0.9765625,RETURNED
10,3,256,0.921875,0,54.63,0.18,54.25,0.19,1908,0.62109375,RETURNED
10,3,256,0.90625,1,53.15,0.19,52.83,0.13,1907,0.609375,RETURNED
10,3,256,0.9609375,2,55.74,0.16,55.48,0.09,1909,0.94140625,RETURNED
10,3,256,0.984375,3,52.87,0.23,52.63,0.0,1914,0.95703125,LOST
10,3,256,0.9765625,4,51.95,0.2,51.64,0.11,1896,0.9609375,RETURNED
10,3,256,0.99609375,5,56.22,0.19,56.03,0.0,1922,0.98828125,LOST
10,3,256,0.99609375,6,52.5,0.24,52.13,0.12,1889,0.9921875,RETURNED
10,3,256,0.9921875,7,55.03,0.17,54.72,0.14,1882,0.984375,RETURNED
11,339.56,0.26
11,0,256,0.9140625,0,34.92,0.12,34.52,0.28,1908,0.62109375,RETURNED
11,0,256,0.88671875,1,34.7,0.19,34.4,0.1,1907,0.61328125,RETURNED
11,0,256,0.95703125,2,34.73,0.23,34.31,0.19,1909,0.9296875,RETURNED
11,0,256,0.96484375,3,35.22,0.22,35.0,0.0,1914,0.94921875,LOST
11,0,256,0.96875,4,34.88,0.16,34.59,0.12,1896,0.96484375,RETURNED
11,0,256,0.9765625,5,34.82,0.11,34.71,0.0,1922,0.96875,LOST
11,0,256,0.98046875,6,34.76,0.15,34.38,0.22,1889,0.95703125,RETURNED
11,0,256,0.98046875,7,34.44,0.24,34.07,0.13,1882,0.95703125,RETURNED
11,0,256,0.9921875,8,35.09,0.16,34.83,0.11,1905,0.99609375,RETURNED
11,1,256,0.89453125,0,33.64,0.37,33.15,0.12,1908,0.62109375,RETURNED
11,1,256,0.96484375,1,33.62,0.17,33.29,0.17,1907,0.890625,RETURNED
11,1,256,0.953125,2,33.53,0.24,33.18,0.11,1909,0.83203125,RETURNED
11,1,256,0.96875,3,33.91,0.15,33.75,0.0,1914,0.953125,LOST
11,1,256,0.96875,4,33.64,0.2,33.36,0.08,1896,0.96484375,RETURNED
11,1,256,0.9765625,5,33.59,0.2,33.39,0.0,1922,0.9609375,LOST
11,1,256,0.9921875,6,33.27,0.16,32.95,0.16,1889,0.97265625,RETURNED
11,1,256,0.99609375,7,33.3,0.32,32.82,0.15,1882,0.9921875,RETURNED
11,1,256,1.0,8,14.18,0.18,14.0,0.0,799,0.99609375,LOST
11,2,256,0.91015625,0,35.22,0.25,34.84,0.12,1908,0.62109375,RETURNED
11,2,256,0.953125,1,35.09,0.17,34.79,0.13,1907,0.8828125,RETURNED
11,2,256,0.96875,2,35.13,0.23,34.72,0.18,1909,0.94921875,RETURNED
11,2,256,0.9765625,3,35.54,0.22,35.32,0.0,1914,0.94921875,LOST
11,2,256,0.97265625,4,35.26,0.21,34.94,0.11,1896,0.9609375,RETURNED
11,2,256,0.9609375,5,35.15,0.1,35.04,0.0,1922,0.94921875,LOST
11,2,256,0.984375,6,34.91,0.16,34.63,0.11,1889,0.97265625,RETURNED
11,2,256,0.9921875,7,34.74,0.17,34.46,0.11,1882,0.98046875,RETURNED
11,2,256,0.98828125,8,35.58,0.17,35.24,0.17,1905,0.9921875,RETURNED
11,3,256,0.90234375,0,34.58,0.18,34.22,0.19,1908,0.640625,RETURNED
11,3,256,0.92578125,1,34.44,0.16,34.17,0.11,1907,0.671875,RETURNED
11,3,256,0.97265625,2,34.39,0.16,34.12,0.11,1909,0.94140625,RETURNED
11,3,256,0.97265625,3,34.92,0.28,34.64,0.0,1914,0.94921875,LOST
11,3,256,0.97265625,4,34.79,0.29,34.39,0.11,1896,0.95703125,RETURNED
11,3,256,0.9765625,5,34.58,0.16,34.42,0.0,1922,0.97265625,LOST
11,3,256,0.9921875,6,34.39,0.16,34.12,0.11,1889,0.96875,RETURNED
11,3,256,0.9921875,7,34.04,0.17,33.74,0.13,1882,0.9921875,RETURNED
11,3,256,0.98828125,8,34.88,0.17,34.57,0.13,1905,0.984375,RETURNED
12,275.47,0.20
12,0,256,0.89453125,0,30.98,0.17,30.69,0.12,1908,0.609375,RETURNED
12,0,256,0.95703125,1,30.62,0.19,30.3,0.14,1907,0.85546875,RETURNED
12,0,256,0.98046875,2,30.73,0.18,30.42,0.13,1909,0.9375,RETURNED
12,0,256,0.9921875,3,30.76,0.33,30.43,0.0,1914,0.98046875,LOST
12,0,256,0.9921875,4,30.51,0.15,30.18,0.18,1896,0.98046875,RETURNED
12,0,256,0.98046875,5,30.75,0.2,30.55,0.0,1922,0.97265625,LOST
12,0,256,0.96875,6,30.24,0.22,29.89,0.13,1889,0.9296875,RETURNED
12,0,256,0.98828125,7,30.04,0.15,29.76,0.13,1882,0.98046875,RETURNED
12,1,256,0.9140625,0,31.07,0.23,30.65,0.18,1908,0.6171875,RETURNED
12,1,256,0.8984375,1,30.56,0.16,30.26,0.14,1907,0.62890625,RETURNED
12,1,256,0.97265625,2,30.83,0.31,30.42,0.1,1909,0.94140625,RETURNED
12,1,256,0.98828125,3,30.55,0.16,30.39,0.0,1914,0.95703125,LOST
12,1,256,0.9765625,4,30.52,0.21,30.13,0.19,1896,0.95703125,RETURNED
12,1,256,0.9921875,5,30.73,0.18,30.55,0.0,1922,0.98828125,LOST
12,1,256,1.0,6,27.93,0.21,27.59,0.13,1740,0.98046875,RETURNED
12,2,256,0.90234375,0,31.39,0.35,30.9,0.14,1908,0.625,RETURNED
12,2,256,0.921875,1,30.77,0.2,30.44,0.13,1907,0.890625,RETURNED
12,2,256,0.94921875,2,30.86,0.21,30.56,0.1,1909,0.85546875,RETURNED
12,2,256,0.984375,3,30.74,0.22,30.52,0.0,1914,0.96484375,LOST
12,2,256,0.984375,4,30.76,0.29,30.31,0.16,1896,0.95703125,RETURNED
12,2,256,0.96875,5,30.83,0.11,30.72,0.0,1922,0.9609375,LOST
12,2,256,0.99609375,6,30.45,0.22,30.12,0.11,1889,0.984375,RETURNED
12,3,256,0.91796875,0,31.01,0.13,30.74,0.14,1908,0.625,RETURNED
12,3,256,0.94921875,1,30.61,0.17,30.31,0.12,1907,0.83203125,RETURNED
12,3,256,0.98046875,2,30.89,0.29,30.48,0.12,1909,0.9375,RETURNED
12,3,256,0.9921875,3,30.52,0.15,30.37,0.0,1914,0.9765625,LOST
12,3,256,0.96484375,4,30.49,0.19,30.17,0.13,1896,0.921875,RETURNED
12,3,256,0.984375,5,30.87,0.23,30.64,0.0,1922,0.98046875,LOST
12,3,256,1.0,6,24.37,0.26,24.0,0.11,1509,0.984375,RETURNED
13,514.35,0.20
13,0,256,0.91796875,0,49.54,0.21,49.21,0.12,1908,0.62109375,RETURNED
13,0,256,0.9453125,1,48.56,0.18,48.24,0.13,1907,0.8671875,RETURNED
13,0,256,0.95703125,2,50.7,0.26,50.29,0.15,1909,0.90625,RETURNED
13,0,256,0.9765625,3,52.02,0.29,51.73,0.0,1914,0.95703125,LOST
13,0,256,0.96484375,4,47.48,0.19,47.19,0.1,1896,0.95703125,RETURNED
13,0,256,0.98828125,5,51.47,0.17,51.29,0.0,1922,0.984375,LOST
13,0,256,0.98828125,6,47.36,0.22,47.01,0.12,1889,0.9765625,RETURNED
13,0,256,0.96875,7,51.73,0.12,51.36,0.25,1882,0.98828125,RETURNED
13,0,256,0.99609375,8,52.24,0.29,51.8,0.14,1905,0.99609375,RETURNED
13,1,256,0.8828125,0,48.06,0.2,47.72,0.14,1908,0.625,RETURNED
13,1,256,0.9375,1,46.77,0.23,46.32,0.22,1907,0.8828125,RETURNED
13,1,256,0.9609375,2,48.73,0.17,48.42,0.14,1909,0.94140625,RETURNED
13,1,256,0.9609375,3,52.35,0.23,52.12,0.0,1914,0.9609375,LOST
13,1,256,0.96875,4,46.36,0.23,45.99,0.14,1896,0.94921875,RETURNED
13,1,256,0.9921875,5,50.55,0.2,50.35,0.0,1922,0.984375,LOST
13,1,256,0.98828125,6,47.41,0.24,46.96,0.21,1889,0.97265625,RETURNED
13,1,256,0.9921875,7,50.12,0.12,49.79,0.21,1882,0.984375,RETURNED
13,1,256,1.0,8,50.1,0.32,49.66,0.12,1876,0.98828125,RETURNED
13,2,256,0.890625,0,48.08,0.17,47.69,0.22,1908,0.62890625,RETURNED
13,2,256,0.89453125,1,47.67,0.26,47.28,0.12,1907,0.609375,RETURNED
13,2,256,0.94921875,2,48.54,0.45,47.97,0.11,1909,0.8671875,RETURNED
13,2,256,0.96484375,3,53.0,0.23,52.77,0.0,1914,0.9453125,LOST
13,2,256,0.97265625,4,46.23,0.28,45.8,0.15,1896,0.95703125,RETURNED
13,2,256,0.984375,5,50.94,0.25,50.69,0.0,1922,0.9609375,LOST
13,2,256,0.98828125,6,46.74,0.17,46.41,0.16,1889,0.9609375,RETURNED
13,2,256,0.99609375,7,51.29,0.17,50.98,0.14,1882,0.98828125,RETURNED
13,2,256,0.98046875,8,51.13,0.18,50.82,0.13,1905,0.99609375,RETURNED
13,3,256,0.9140625,0,35.64,0.18,30.29,5.16,1908,0.62890625,RETURNED
13,3,256,0.90625,1,30.32,0.18,30.02,0.12,1907,0.625,RETURNED
13,3,256,0.94140625,2,30.39,0.23,30.04,0.12,1909,0.8515625,RETURNED
13,3,256,0.9375,3,30.21,0.13,30.08,0.0,1914,0.78125,LOST
13,3,256,0.95703125,4,30.01,0.1,29.79,0.12,1896,0.93359375,RETURNED
13,3,256,0.96875,5,30.75,0.29,30.46,0.0,1922,0.94140625,LOST
13,3,256,0.984375,6,30.28,0.27,29.84,0.17,1889,0.953125,RETURNED
13,3,256,0.97265625,7,39.96,0.15,29.67,10.13,1882,0.9453125,RETURNED
13,3,256,0.984375,8,30.4,0.15,30.13,0.11,1905,0.97265625,RETURNED
13,3,256,0.97265625,9,30.48,0.12,30.24,0.12,1926,0.98046875,RETURNED
13,3,256,0.984375,10,30.34,0.11,30.23,0.0,1910,0.96875,LOST
13,3,256,0.99609375,11,30.32,0.16,30.05,0.11,1909,0.984375,RETURNED
13,3,256,0.98828125,12,30.4,0.15,30.25,0.0,1907,0.98828125,LOST
13,3,256,0.9921875,13,30.13,0.16,29.97,0.0,1902,0.99609375,LOST
13,3,256,0.98828125,14,40.74,0.18,30.36,10.2,1917,0.9921875,RETURNED
14,296.35,0.27
14,0,256,0.90234375,0,30.57,0.19,30.23,0.14,1908,0.62109375,RETURNED
14,0,256,0.9609375,1,30.84,0.23,30.53,0.08,1907,0.90625,RETURNED
14,0,256,0.95703125,2,30.54,0.12,30.31,0.11,1909,0.91015625,RETURNED
14,0,256,0.95703125,3,30.42,0.17,30.26,0.0,1914,0.875,LOST
14,0,256,0.98046875,4,30.3,0.17,29.97,0.17,1896,0.953125,RETURNED
14,0,256,0.98828125,5,30.71,0.15,30.56,0.0,1922,0.98046875,LOST
14,0,256,0.98828125,6,30.13,0.09,29.91,0.13,1889,0.97265625,RETURNED
14,0,256,0.99609375,7,30.41,0.29,29.91,0.21,1882,0.99609375,RETURNED
14,0,256,0.984375,8,30.58,0.21,30.18,0.19,1905,0.97265625,RETURNED
14,1,256,0.90625,0,30.55,0.18,30.26,0.11,1908,0.6328125,RETURNED
14,1,256,0.94140625,1,30.88,0.19,30.56,0.13,1907,0.859375,RETURNED
14,1,256,0.953125,2,30.85,0.4,30.31,0.14,1909,0.82421875,RETURNED
14,1,256,0.94921875,3,30.42,0.1,30.33,0.0,1914,0.90625,LOST
14,1,256,0.98828125,4,30.38,0.22,30.01,0.15,1896,0.96875,RETURNED
14,1,256,0.984375,5,30.7,0.15,30.55,0.0,1922,0.9609375,LOST
14,1,256,0.97265625,6,30.24,0.17,29.96,0.11,1889,0.95703125,RETURNED
14,1,256,0.9921875,7,30.27,0.15,29.93,0.18,1882,0.99609375,RETURNED
14,1,256,0.984375,8,30.55,0.17,30.18,0.2,1905,0.9765625,RETURNED
14,2,256,0.9140625,0,30.44,0.2,30.11,0.14,1908,0.6328125,RETURNED
14,2,256,0.9609375,1,30.68,0.16,30.4,0.12,1907,0.90625,RETURNED
14,2,256,0.96875,2,30.68,0.3,30.28,0.1,1909,0.94921875,RETURNED
14,2,256,0.96484375,3,30.35,0.16,30.19,0.0,1914,0.9453125,LOST
14,2,256,0.97265625,4,30.24,0.23,29.88,0.13,1896,0.953125,RETURNED
14,2,256,0.97265625,5,30.54,0.09,30.46,0.0,1922,0.9609375,LOST
14,2,256,0.99609375,6,30.16,0.21,29.83,0.12,1889,0.98828125,RETURNED
14,2,256,0.99609375,7,30.11,0.18,29.81,0.12,1882,0.9921875,RETURNED
14,2,256,0.99609375,8,30.24,0.09,30.05,0.11,1905,0.99609375,RETURNED
14,3,256,0.9140625,0,30.65,0.16,30.37,0.12,1908,0.625,RETURNED
14,3,256,0.953125,1,31.15,0.17,30.65,0.33,1907,0.87890625,RETURNED
14,3,256,0.96484375,2,30.72,0.21,30.39,0.12,1909,0.94140625,RETURNED
14,3,256,0.95703125,3,30.58,0.2,30.39,0.0,1914,0.94921875,LOST
14,3,256,0.98828125,4,30.45,0.22,30.09,0.13,1896,0.9609375,RETURNED
14,3,256,0.98828125,5,30.86,0.17,30.69,0.0,1922,0.98046875,LOST
14,3,256,0.9765625,6,30.29,0.18,30.0,0.11,1889,0.95703125,RETURNED
14,3,256,0.99609375,7,30.41,0.16,30.02,0.23,1882,0.99609375,RETURNED
14,3,256,1.0,8,22.94,0.09,22.69,0.15,1425,0.99609375,RETURNED
15,228.77,0.26
15,0,256,0.9140625,0,34.97,0.16,34.68,0.13,1908,0.640625,RETURNED
15,0,256,0.97265625,1,35.02,0.17,34.73,0.12,1907,0.921875,RETURNED
15,0,256,0.9609375,2,34.96,0.21,34.64,0.11,1909,0.94140625,RETURNED
15,0,256,0.98828125,3,34.75,0.15,34.6,0.0,1914,0.97265625,LOST
15,0,256,0.98046875,4,34.73,0.16,34.44,0.13,1896,0.9765625,RETURNED
15,1,256,0.90625,0,35.76,0.21,35.41,0.15,1908,0.61328125,RETURNED
15,1,256,0.95703125,1,35.68,0.1,35.43,0.15,1907,0.88671875,RETURNED
15,1,256,0.96875,2,35.58,0.2,35.29,0.09,1909,0.94140625,RETURNED
15,1,256,0.98828125,3,35.39,0.19,35.2,0.0,1914,0.97265625,LOST
15,1,256,0.99609375,4,35.2,0.11,34.95,0.14,1896,0.96875,RETURNED
15,2,256,0.921875,0,34.54,0.14,34.2,0.19,1908,0.6171875,RETURNED
15,2,256,0.9140625,1,34.66,0.17,34.31,0.18,1907,0.62109375,RETURNED
15,2,256,0.9765625,2,34.45,0.18,34.16,0.12,1909,0.9375,RETURNED
15,2,256,0.9765625,3,34.4,0.19,34.22,0.0,1914,0.95703125,LOST
15,2,256,0.984375,4,34.34,0.18,34.05,0.12,1896,0.96484375,RETURNED
15,3,256,0.8984375,0,34.45,0.26,34.07,0.11,1908,0.609375,RETURNED
15,3,256,0.95703125,1,34.46,0.17,34.13,0.17,1907,0.88671875,RETURNED
15,3,256,0.9609375,2,34.36,0.11,34.12,0.13,1909,0.8984375,RETURNED
15,3,256,0.9609375,3,34.24,0.15,34.08,0.0,1914,0.94921875,LOST
15,3,256,1.0,4,33.41,0.17,33.25,0.0,1864,0.97265625,LOST
16,295.31,0.28
16,0,256,0.921875,0,34.86,0.2,34.55,0.11,1908,0.609375,RETURNED
16,0,256,0.91015625,1,34.76,0.16,34.37,0.23,1907,0.62890625,RETURNED
16,0,256,0.95703125,2,34.86,0.19,34.56,0.11,1909,0.9140625,RETURNED
16,0,256,0.95703125,3,34.73,0.16,34.57,0.0,1914,0.9375,LOST
16,0,256,0.9765625,4,34.97,0.17,34.68,0.12,1896,0.953125,RETURNED
16,0,256,0.94921875,5,34.76,0.16,34.59,0.0,1922,0.90625,LOST
16,0,256,0.99609375,6,34.35,0.21,33.95,0.2,1889,0.953125,RETURNED
16,0,256,0.99609375,7,34.15,0.16,33.87,0.11,1882,0.9921875,RETURNED
16,1,256,0.9140625,0,35.72,0.16,35.43,0.14,1908,0.6171875,RETURNED
16,1,256,0.9453125,1,35.72,0.3,35.3,0.12,1907,0.88671875,RETURNED
16,1,256,0.8828125,2,35.84,0.15,35.52,0.17,1909,0.62890625,RETURNED
16,1,256,0.9765625,3,35.49,0.16,35.33,0.0,1914,0.953125,LOST
16,1,256,0.97265625,4,36.16,0.28,35.77,0.12,1896,0.953125,RETURNED
16,1,256,0.98828125,5,35.75,0.18,35.57,0.0,1922,0.98828125,LOST
16,1,256,0.98828125,6,35.32,0.23,35.0,0.09,1889,0.9765625,RETURNED
16,1,256,1.0,7,0.96,0.15,0.81,0.0,44,0.98828125,LOST
16,2,256,0.921875,0,34.83,0.14,34.58,0.12,1908,0.625,RETURNED
16,2,256,0.9140625,1,34.71,0.18,34.42,0.12,1907,0.64453125,RETURNED
16,2,256,0.953125,2,35.07,0.16,34.8,0.11,1909,0.80859375,RETURNED
16,2,256,0.97265625,3,34.83,0.31,34.52,0.0,1914,0.94921875,LOST
16,2,256,0.98828125,4,35.34,0.17,34.96,0.21,1896,0.953125,RETURNED
16,2,256,0.98828125,5,34.92,0.09,34.82,0.0,1922,0.984375,LOST
16,2,256,0.98046875,6,34.46,0.29,34.06,0.11,1889,0.9609375,RETURNED
16,2,256,1.0,7,16.7,0.16,16.54,0.0,916,0.9921875,LOST
16,3,256,0.90625,0,35.49,0.22,35.14,0.13,1908,0.6171875,RETURNED
16,3,256,0.9453125,1,35.62,0.27,35.16,0.19,1907,0.87890625,RETURNED
16,3,256,0.953125,2,35.68,0.16,35.3,0.22,1909,0.90625,RETURNED
16,3,256,0.94921875,3,35.03,0.15,34.89,0.0,1914,0.921875,LOST
16,3,256,0.984375,4,35.74,0.31,35.31,0.12,1896,0.953125,RETURNED
16,3,256,0.98046875,5,35.53,0.3,35.23,0.0,1922,0.953125,LOST
16,3,256,0.9921875,6,35.09,0.22,34.75,0.12,1889,0.984375,RETURNED
16,3,256,1.0,7,17.05,0.18,16.87,0.0,916,0.99609375,LOST
17,452.50,0.20
17,0,256,0.91796875,0,53.36,0.18,53.08,0.1,1908,0.62109375,RETURNED
17,0,256,0.93359375,1,51.39,0.17,51.09,0.13,1907,0.83984375,RETURNED
17,0,256,0.96875,2,51.9,0.18,51.58,0.14,1909,0.93359375,RETURNED
17,0,256,0.984375,3,52.15,0.16,51.99,0.0,1914,0.96875,LOST
17,0,256,0.98046875,4,55.5,0.18,55.2,0.12,1896,0.94921875,RETURNED
17,0,256,0.98828125,5,52.16,0.26,51.91,0.0,1922,0.96875,LOST
17,0,256,0.99609375,6,50.5,0.32,50.03,0.15,1889,0.9921875,RETURNED
17,0,256,1.0,7,21.57,0.15,21.27,0.14,757,0.9921875,RETURNED
17,1,256,0.890625,0,52.72,0.17,52.43,0.12,1908,0.625,RETURNED
17,1,256,0.95703125,1,52.31,0.19,52.0,0.12,1907,0.859375,RETURNED
17,1,256,0.97265625,2,52.04,0.15,51.65,0.24,1909,0.9453125,RETURNED
17,1,256,0.984375,3,52.54,0.16,52.38,0.0,1914,0.9765625,LOST
17,1,256,0.9921875,4,55.04,0.19,54.76,0.09,1896,0.98828125,RETURNED
17,1,256,0.9921875,5,51.87,0.16,51.71,0.0,1922,0.9921875,LOST
17,1,256,0.984375,6,49.81,0.19,49.44,0.17,1889,0.96875,RETURNED
17,1,256,0.9921875,7,49.01,0.19,48.57,0.24,1882,0.984375,RETURNED
17,2,256,0.921875,0,52.75,0.2,52.4,0.15,1908,0.625,RETURNED
17,2,256,0.9765625,1,52.04,0.15,51.78,0.11,1907,0.8828125,RETURNED
17,2,256,0.95703125,2,51.12,0.19,50.8,0.14,1909,0.921875,RETURNED
17,2,256,0.984375,3,52.27,0.23,52.04,0.0,1914,0.97265625,LOST
17,2,256,0.98046875,4,55.95,0.17,55.67,0.11,1896,0.93359375,RETURNED
17,2,256,0.984375,5,52.27,0.2,52.07,0.0,1922,0.984375,LOST
17,2,256,0.9921875,6,50.99,0.17,50.7,0.12,1889,0.984375,RETURNED
17,2,256,0.99609375,7,50.16,0.23,49.74,0.19,1882,0.9921875,RETURNED
17,3,256,0.9375,0,52.86,0.2,52.49,0.17,1908,0.625,RETURNED
17,3,256,0.94921875,1,52.84,0.28,52.39,0.17,1907,0.86328125,RETURNED
17,3,256,0.9921875,2,51.27,0.21,50.96,0.1,1909,0.9765625,RETURNED
17,3,256,0.98046875,3,52.72,0.16,52.56,0.0,1914,0.9609375,LOST
17,3,256,0.984375,4,54.03,0.32,53.59,0.12,1896,0.97265625,RETURNED
17,3,256,0.9765625,5,52.41,0.15,52.26,0.0,1922,0.97265625,LOST
17,3,256,0.9921875,6,52.61,0.17,52.31,0.13,1889,0.98828125,RETURNED
17,3,256,0.99609375,7,50.05,0.17,49.7,0.17,1882,0.9921875,RETURNED
18,230.33,0.19
18,0,256,0.90234375,0,30.66,0.17,30.21,0.27,1908,0.62109375,RETURNED
18,0,256,0.9609375,1,30.52,0.16,30.16,0.2,1907,0.90625,RETURNED
18,0,256,0.96875,2,40.56,0.25,30.15,10.16,1909,0.9140625,RETURNED
18,0,256,0.96484375,3,32.03,0.16,31.87,0.0,1914,0.93359375,LOST
18,0,256,0.984375,4,41.75,0.16,31.46,10.13,1896,0.9609375,RETURNED
18,0,256,0.9609375,5,30.59,0.18,30.41,0.0,1922,0.94921875,LOST
18,1,256,0.8828125,0,30.84,0.17,30.51,0.16,1908,0.609375,RETURNED
18,1,256,0.93359375,1,30.71,0.17,30.4,0.14,1907,0.8671875,RETURNED
18,1,256,0.93359375,2,40.87,0.29,30.41,10.16,1909,0.7890625,RETURNED
18,1,256,0.97265625,3,32.35,0.16,32.19,0.0,1914,0.9609375,LOST
18,1,256,0.95703125,4,42.24,0.23,31.89,10.12,1896,0.93359375,RETURNED
18,1,256,1.0,5,19.05,0.16,18.73,0.17,1160,0.984375,RETURNED
18,2,256,0.890625,0,30.69,0.17,30.34,0.18,1908,0.62109375,RETURNED
18,2,256,0.9609375,1,30.86,0.24,30.29,0.34,1907,0.890625,RETURNED
18,2,256,0.9609375,2,40.66,0.28,30.26,10.12,1909,0.94140625,RETURNED
18,2,256,0.97265625,3,32.17,0.22,31.95,0.0,1914,0.96484375,LOST
18,2,256,0.984375,4,41.75,0.16,31.31,10.28,1896,0.9609375,RETURNED
18,2,256,0.9921875,5,30.77,0.21,30.56,0.0,1922,0.984375,LOST
18,3,256,0.90625,0,30.48,0.17,30.04,0.27,1908,0.62109375,RETURNED
18,3,256,0.94921875,1,30.51,0.25,29.98,0.27,1907,0.859375,RETURNED
18,3,256,0.9453125,2,40.4,0.26,30.01,10.13,1909,0.8671875,RETURNED
18,3,256,0.95703125,3,31.83,0.22,31.61,0.0,1914,0.93359375,LOST
18,3,256,0.984375,4,41.88,0.18,31.57,10.13,1896,0.9609375,RETURNED
18,3,256,0.98046875,5,30.8,0.21,30.59,0.0,1922,0.96875,LOST
19,272.34,0.29
19,0,256,0.90234375,0,35.17,0.1,34.93,0.14,1908,0.6171875,RETURNED
19,0,256,0.95703125,1,35.47,0.16,35.2,0.12,1907,0.8671875,RETURNED
19,0,256,0.953125,2,34.8,0.16,34.53,0.11,1909,0.8828125,RETURNED
19,0,256,0.96484375,3,34.55,0.16,34.39,0.0,1914,0.9453125,LOST
19,0,256,0.984375,4,34.55,0.17,34.27,0.11,1896,0.9609375,RETURNED
19,0,256,0.98046875,5,35.32,0.24,35.08,0.0,1922,0.97265625,LOST
19,0,256,0.9765625,6,34.83,0.23,34.46,0.13,1889,0.953125,RETURNED
19,1,256,0.90234375,0,35.81,0.17,35.53,0.11,1908,0.6328125,RETURNED
19,1,256,0.91015625,1,36.11,0.16,35.82,0.14,1907,0.62109375,RETURNED
19,1,256,0.94140625,2,35.27,0.18,35.02,0.08,1909,0.8828125,RETURNED
19,1,256,0.97265625,3,35.21,0.16,35.05,0.0,1914,0.9375,LOST
19,1,256,0.96484375,4,35.29,0.16,34.95,0.18,1896,0.95703125,RETURNED
19,1,256,0.984375,5,35.66,0.16,35.5,0.0,1922,0.984375,LOST
19,1,256,0.9765625,6,34.92,0.11,34.71,0.1,1889,0.9609375,RETURNED
19,2,256,0.92578125,0,35.2,0.19,34.89,0.11,1908,0.609375,RETURNED
19,2,256,0.90234375,1,35.58,0.22,35.16,0.21,1907,0.625,RETURNED
19,2,256,0.95703125,2,34.83,0.12,34.56,0.15,1909,0.91796875,RETURNED
19,2,256,0.96875,3,34.84,0.28,34.56,0.0,1914,0.953125,LOST
19,2,256,0.984375,4,34.38,0.15,34.15,0.08,1896,0.953125,RETURNED
19,2,256,0.953125,5,35.17,0.19,34.98,0.0,1922,0.90625,LOST
19,2,256,0.9765625,6,34.54,0.16,34.24,0.13,1889,0.96484375,RETURNED
19,3,256,0.90234375,0,35.22,0.23,34.89,0.11,1908,0.609375,RETURNED
19,3,256,0.94140625,1,35.35,0.16,35.11,0.07,1907,0.87109375,RETURNED
19,3,256,0.97265625,2,34.66,0.17,34.41,0.08,1909,0.92578125,RETURNED
19,3,256,0.95703125,3,34.67,0.15,34.52,0.0,1914,0.94140625,LOST
19,3,256,0.9609375,4,34.59,0.19,34.32,0.08,1896,0.94921875,RETURNED
19,3,256,0.96875,5,34.98,0.18,34.8,0.0,1922,0.921875,LOST
19,3,256,1.0,6,18.23,0.33,17.79,0.11,984,0.9765625,RETURNED
20,270.40,0.26
20,0,256,0.91015625,0,30.67,0.4,30.11,0.16,1908,0.6171875,RETURNED
20,0,256,0.88671875,1,30.41,0.16,30.14,0.12,1907,0.62890625,RETURNED
20,0,256,0.94921875,2,30.47,0.17,30.14,0.15,1909,0.859375,RETURNED
20,0,256,0.96484375,3,30.41,0.22,30.19,0.0,1914,0.90234375,LOST
20,0,256,0.9765625,4,30.18,0.12,29.9,0.15,1896,0.9453125,RETURNED
20,0,256,0.9921875,5,30.96,0.21,30.75,0.0,1922,0.9765625,LOST
20,0,256,0.9921875,6,30.27,0.26,29.89,0.12,1889,0.97265625,RETURNED
20,0,256,1.0,7,30.42,0.19,30.12,0.11,1882,0.9921875,RETURNED
20,1,256,0.90625,0,30.57,0.16,30.3,0.11,1908,0.6171875,RETURNED
20,1,256,0.94921875,1,30.63,0.23,30.29,0.11,1907,0.8515625,RETURNED
20,1,256,0.9375,2,30.73,0.18,30.35,0.21,1909,0.8671875,RETURNED
20,1,256,0.9453125,3,30.52,0.12,30.4,0.0,1914,0.9140625,LOST
20,1,256,0.9765625,4,30.32,0.12,30.07,0.13,1896,0.94921875,RETURNED
20,1,256,0.96484375,5,31.06,0.17,30.88,0.0,1922,0.94140625,LOST
20,1,256,0.98046875,6,30.52,0.21,30.05,0.26,1889,0.9765625,RETURNED
20,1,256,0.98828125,7,30.62,0.17,30.32,0.12,1882,0.98046875,RETURNED
20,2,256,0.8984375,0,30.61,0.22,30.28,0.11,1908,0.6171875,RETURNED
20,2,256,0.94921875,1,30.56,0.22,30.23,0.11,1907,0.83203125,RETURNED
20,2,256,0.97265625,2,30.62,0.22,30.25,0.15,1909,0.9453125,RETURNED
20,2,256,0.94140625,3,30.47,0.19,30.28,0.0,1914,0.8828125,LOST
20,2,256,0.96484375,4,30.49,0.29,30.05,0.15,1896,0.95703125,RETURNED
20,2,256,0.96484375,5,31.02,0.17,30.85,0.0,1922,0.96484375,LOST
20,2,256,0.9921875,6,30.44,0.2,30.11,0.13,1889,0.9609375,RETURNED
20,2,256,0.99609375,7,30.66,0.18,30.29,0.19,1882,0.9921875,RETURNED
20,3,256,0.88671875,0,30.83,0.3,30.4,0.13,1908,0.60546875,RETURNED
20,3,256,0.9453125,1,30.7,0.25,30.34,0.1,1907,0.875,RETURNED
20,3,256,0.9375,2,30.64,0.15,30.36,0.13,1909,0.77734375,RETURNED
20,3,256,0.9609375,3,30.6,0.19,30.41,0.0,1914,0.91015625,LOST
20,3,256,0.984375,4,30.42,0.14,30.16,0.13,1896,0.9453125,RETURNED
20,3,256,0.984375,5,31.17,0.2,30.98,0.0,1922,0.98046875,LOST
20,3,256,0.99609375,6,30.6,0.22,30.23,0.15,1889,0.98046875,RETURNED
20,3,256,1.0,7,30.71,0.19,30.41,0.11,1882,0.99609375,RETURNED
21,461.16,0.20
21,0,256,0.91796875,0,54.03,0.3,53.57,0.15,1908,0.61328125,RETURNED
21,0,256,0.9375,1,52.82,0.3,52.41,0.12,1907,0.8046875,RETURNED
21,0,256,0.953125,2,52.05,0.2,51.69,0.15,1909,0.90625,RETURNED
21,0,256,0.9765625,3,52.27,0.23,52.04,0.0,1914,0.95703125,LOST
21,0,256,0.9765625,4,51.86,0.18,51.49,0.19,1896,0.94921875,RETURNED
21,0,256,0.984375,5,53.01,0.2,52.81,0.0,1922,0.97265625,LOST
21,0,256,0.9921875,6,52.95,0.17,52.6,0.19,1889,0.9765625,RETURNED
21,0,256,0.9921875,7,51.68,0.16,51.28,0.23,1882,0.9921875,RETURNED
21,1,256,0.8984375,0,53.61,0.2,53.23,0.18,1908,0.640625,RETURNED
21,1,256,0.93359375,1,51.85,0.18,51.52,0.15,1907,0.8984375,RETURNED
21,1,256,0.95703125,2,52.0,0.19,51.71,0.1,1909,0.85546875,RETURNED
21,1,256,0.9609375,3,51.12,0.26,50.86,0.0,1914,0.921875,LOST
21,1,256,0.97265625,4,50.9,0.17,50.58,0.14,1896,0.9375,RETURNED
21,1,256,0.984375,5,51.72,0.2,51.51,0.0,1922,0.94921875,LOST
21,1,256,0.984375,6,52.69,0.17,52.34,0.18,1889,0.97265625,RETURNED
21,1,256,0.97265625,7,52.01,0.1,51.74,0.17,1882,0.95703125,RETURNED
21,2,256,0.90234375,0,51.76,0.21,51.43,0.13,1908,0.60546875,RETURNED
21,2,256,0.89453125,1,52.15,0.31,51.7,0.14,1907,0.62109375,RETURNED
21,2,256,0.95703125,2,51.85,0.2,51.39,0.26,1909,0.859375,RETURNED
21,2,256,0.9765625,3,52.21,0.28,51.93,0.0,1914,0.94140625,LOST
21,2,256,0.9765625,4,51.28,0.17,50.98,0.14,1896,0.94921875,RETURNED
21,2,256,0.98046875,5,53.84,0.17,53.67,0.0,1922,0.9453125,LOST
21,2,256,0.98828125,6,52.92,0.25,52.48,0.18,1889,0.9765625,RETURNED
21,2,256,1.0,7,49.09,0.21,48.75,0.13,1798,0.9921875,RETURNED
21,3,256,0.89453125,0,53.85,0.38,53.32,0.15,1908,0.61328125,RETURNED
21,3,256,0.92578125,1,53.71,0.22,53.37,0.13,1907,0.8515625,RETURNED
21,3,256,0.9609375,2,52.54,0.18,52.18,0.19,1909,0.921875,RETURNED
21,3,256,0.9765625,3,51.64,0.18,51.45,0.0,1914,0.95703125,LOST
21,3,256,0.96484375,4,52.2,0.22,51.87,0.12,1896,0.9609375,RETURNED
21,3,256,0.984375,5,52.1,0.18,51.91,0.0,1922,0.9765625,LOST
21,3,256,0.98828125,6,53.08,0.19,52.73,0.16,1889,0.9765625,RETURNED
21,3,256,0.98828125,7,51.84,0.18,51.44,0.23,1882,0.98828125,RETURNED
22,494.39,0.21
22,0,256,0.89453125,0,53.74,0.19,53.37,0.18,1908,0.625,RETURNED
22,0,256,0.9609375,1,52.17,0.25,51.84,0.08,1907,0.87890625,RETURNED
22,0,256,0.94140625,2,53.14,0.3,52.65,0.19,1909,0.8515625,RETURNED
22,0,256,0.98828125,3,51.46,0.19,51.27,0.0,1914,0.96484375,LOST
22,0,256,0.94921875,4,51.01,0.2,50.62,0.19,1896,0.90234375,RETURNED
22,0,256,0.98828125,5,51.39,0.29,51.1,0.0,1922,0.984375,LOST
22,0,256,0.9921875,6,53.6,0.22,53.19,0.19,1889,0.984375,RETURNED
22,0,256,0.99609375,7,54.41,0.72,53.57,0.13,1882,0.9921875,RETURNED
22,0,256,1.0,8,29.15,0.17,28.98,0.0,1051,0.99609375,LOST
22,1,256,0.91015625,0,53.99,0.18,53.63,0.19,1908,0.625,RETURNED
22,1,256,0.92578125,1,51.58,0.15,51.26,0.17,1907,0.62890625,RETURNED
22,1,256,0.9453125,2,52.15,0.19,51.83,0.13,1909,0.890625,RETURNED
22,1,256,0.96484375,3,51.88,0.18,51.7,0.0,1914,0.94921875,LOST
22,1,256,0.96875,4,51.27,0.18,50.92,0.17,1896,0.96484375,RETURNED
22,1,256,0.98046875,5,52.01,0.21,51.8,0.0,1922,0.953125,LOST
22,1,256,0.9921875,6,53.07,0.21,52.72,0.14,1889,0.96875,RETURNED
22,1,256,0.9765625,7,52.55,0.17,52.26,0.12,1882,0.95703125,RETURNED
22,1,256,0.99609375,8,49.04,0.17,48.73,0.15,1905,0.9921875,RETURNED
22,2,256,0.91015625,0,52.29,0.21,51.99,0.09,1908,0.61328125,RETURNED
22,2,256,0.94921875,1,52.99,0.18,52.68,0.12,1907,0.90234375,RETURNED
22,2,256,0.984375,2,51.41,0.18,51.1,0.13,1909,0.94140625,RETURNED
22,2,256,0.96875,3,54.33,0.18,54.15,0.0,1914,0.90625,LOST
22,2,256,0.96875,4,51.74,0.22,51.39,0.13,1896,0.9453125,RETURNED
22,2,256,0.98046875,5,53.04,0.16,52.89,0.0,1922,0.98046875,LOST
22,2,256,0.9921875,6,53.11,0.18,52.73,0.2,1889,0.984375,RETURNED
22,2,256,0.9921875,7,52.38,0.28,51.95,0.14,1882,0.98828125,RETURNED
22,2,256,0.984375,8,46.96,0.2,46.41,0.36,1905,0.99609375,RETURNED
22,3,256,0.87890625,0,52.88,0.17,52.6,0.12,1908,0.609375,RETURNED
22,3,256,0.94921875,1,53.88,0.25,53.48,0.15,1907,0.87890625,RETURNED
22,3,256,0.94921875,2,53.04,0.11,52.8,0.13,1909,0.890625,RETURNED
22,3,256,0.96484375,3,53.55,0.22,53.33,0.0,1914,0.9375,LOST
22,3,256,0.98046875,4,52.11,0.22,51.75,0.14,1896,0.96875,RETURNED
22,3,256,0.984375,5,52.77,0.2,52.58,0.0,1922,0.9609375,LOST
22,3,256,0.984375,6,53.32,0.17,53.02,0.13,1889,0.96875,RETURNED
22,3,256,0.98828125,7,53.67,0.3,53.2,0.16,1882,0.984375,RETURNED
22,3,256,1.0,8,26.85,0.22,26.52,0.11,962,0.99609375,RETURNED
23,245.44,0.22
23,0,256,0.92578125,0,30.63,0.11,30.3,0.22,1908,0.625,RETURNED
23,0,256,0.94140625,1,30.6,0.26,30.19,0.15,1907,0.765625,RETURNED
23,0,256,0.96484375,2,30.9,0.17,30.63,0.1,1909,0.9140625,RETURNED
23,0,256,0.96875,3,30.56,0.22,30.34,0.0,1914,0.95703125,LOST
23,0,256,0.98046875,4,40.56,0.21,30.21,10.13,1896,0.96484375,RETURNED
23,0,256,0.96484375,5,30.81,0.2,30.61,0.0,1922,0.95703125,LOST
23,0,256,0.98828125,6,30.24,0.2,29.93,0.11,1889,0.984375,RETURNED
23,1,256,0.921875,0,30.68,0.23,30.27,0.17,1908,0.62109375,RETURNED
23,1,256,0.9375,1,30.54,0.1,30.23,0.21,1907,0.83984375,RETURNED
23,1,256,0.98046875,2,30.97,0.24,30.58,0.14,1909,0.93359375,RETURNED
23,1,256,0.96484375,3,30.59,0.19,30.39,0.0,1914,0.94140625,LOST
23,1,256,0.96875,4,40.51,0.15,30.21,10.14,1896,0.95703125,RETURNED
23,1,256,0.97265625,5,30.79,0.17,30.62,0.0,1922,0.95703125,LOST
23,1,256,1.0,6,25.54,0.19,25.35,0.0,1599,0.98828125,LOST
23,2,256,0.90625,0,30.41,0.2,30.09,0.11,1908,0.609375,RETURNED
23,2,256,0.953125,1,30.44,0.16,30.11,0.17,1907,0.90234375,RETURNED
23,2,256,0.95703125,2,30.83,0.26,30.45,0.12,1909,0.92578125,RETURNED
23,2,256,0.96484375,3,30.6,0.27,30.33,0.0,1914,0.9296875,LOST
23,2,256,0.98046875,4,40.47,0.14,30.11,10.21,1896,0.953125,RETURNED
23,2,256,0.97265625,5,30.65,0.12,30.53,0.0,1922,0.953125,LOST
23,2,256,0.9921875,6,30.09,0.22,29.76,0.11,1889,0.9765625,RETURNED
23,3,256,0.92578125,0,30.83,0.53,30.17,0.13,1908,0.62109375,RETURNED
23,3,256,0.953125,1,30.44,0.15,30.13,0.15,1907,0.87109375,RETURNED
23,3,256,0.95703125,2,31.02,0.27,30.46,0.3,1909,0.91796875,RETURNED
23,3,256,0.98046875,3,30.46,0.17,30.29,0.0,1914,0.96484375,LOST
23,3,256,0.98828125,4,40.52,0.21,30.21,10.1,1896,0.95703125,RETURNED
23,3,256,0.98828125,5,30.81,0.16,30.65,0.0,1922,0.9765625,LOST
23,3,256,0.98046875,6,30.22,0.16,29.95,0.11,1889,0.97265625,RETURNED
0,315.24,13.49
0,0,256,0.92578125,0,30.39,0.12,30.18,0.09,1908,0.625,RETURNED
0,0,256,0.91015625,1,30.64,0.11,30.29,0.24,1907,0.625,RETURNED
0,0,256,0.92578125,2,30.69,0.25,30.17,0.27,1909,0.890625,RETURNED
0,0,256,0.96484375,3,30.52,0.18,30.34,0.0,1914,0.92578125,LOST
0,0,256,0.98828125,4,31.28,0.27,30.92,0.09,1896,0.98046875,RETURNED
0,0,256,0.9921875,5,30.74,0.11,30.64,0.0,1922,0.98046875,LOST
0,0,256,0.9765625,6,30.21,0.15,29.97,0.09,1889,0.94921875,RETURNED
0,0,256,0.984375,7,30.49,0.12,30.28,0.08,1882,0.97265625,RETURNED
0,0,256,0.9921875,8,30.53,0.2,30.17,0.16,1905,0.984375,RETURNED
0,1,256,0.8984375,0,30.65,0.17,30.37,0.11,1908,0.6171875,RETURNED
0,1,256,0.953125,1,30.67,0.17,30.4,0.09,1907,0.86328125,RETURNED
0,1,256,0.98046875,2,30.54,0.11,30.31,0.13,1909,0.91796875,RETURNED
0,1,256,0.97265625,3,30.57,0.13,30.44,0.0,1914,0.9375,LOST
0,1,256,0.97265625,4,31.44,0.2,31.09,0.15,1896,0.96875,RETURNED
0,1,256,0.98046875,5,31.03,0.21,30.83,0.0,1922,0.97265625,LOST
0,1,256,0.9921875,6,30.47,0.12,30.15,0.2,1889,0.98828125,RETURNED
0,1,256,0.99609375,7,30.76,0.25,30.44,0.07,1882,0.9921875,RETURNED
0,1,256,0.99609375,8,30.53,0.13,30.34,0.07,1905,0.99609375,RETURNED
0,2,256,0.921875,0,30.96,0.2,30.64,0.12,1908,0.625,RETURNED
0,2,256,0.94921875,1,30.87,0.12,30.6,0.14,1907,0.8515625,RETURNED
0,2,256,0.97265625,2,30.78,0.18,30.49,0.11,1909,0.921875,RETURNED
0,2,256,0.94140625,3,30.9,0.16,30.74,0.0,1914,0.90625,LOST
0,2,256,0.9609375,4,31.86,0.24,31.45,0.16,1896,0.9453125,RETURNED
0,2,256,0.9765625,5,31.39,0.31,31.08,0.0,1922,0.97265625,LOST
0,2,256,0.99609375,6,30.67,0.21,30.33,0.13,1889,0.98828125,RETURNED
0,2,256,0.99609375,7,30.97,0.17,30.63,0.16,1882,0.9921875,RETURNED
0,2,256,0.9921875,8,30.77,0.14,30.53,0.1,1905,0.99609375,RETURNED
0,3,256,0.921875,0,30.55,0.1,30.37,0.08,1908,0.61328125,RETURNED
0,3,256,0.9609375,1,30.59,0.09,30.41,0.08,1907,0.92578125,RETURNED
0,3,256,0.97265625,2,30.63,0.27,30.28,0.08,1909,0.9453125,RETURNED
0,3,256,0.97265625,3,30.56,0.11,30.45,0.0,1914,0.89453125,LOST
0,3,256,0.97265625,4,31.28,0.14,31.06,0.08,1896,0.95703125,RETURNED
0,3,256,0.9921875,5,30.93,0.12,30.8,0.0,1922,0.98046875,LOST
0,3,256,0.9921875,6,30.37,0.12,30.1,0.15,1889,0.98828125,RETURNED
0,3,256,0.9921875,7,30.64,0.12,30.42,0.1,1882,0.98828125,RETURNED
0,3,256,1.0,8,20.14,0.1,19.94,0.11,1254,0.99609375,RETURNED
1,299.96,0.23
1,0,256,0.921875,0,30.44,0.11,30.24,0.1,1908,0.625,RETURNED
1,0,256,0.9609375,1,30.56,0.15,30.22,0.19,1907,0.89453125,RETURNED
1,0,256,0.97265625,2,30.43,0.2,30.06,0.18,1909,0.9375,RETURNED
1,0,256,0.9765625,3,30.6,0.1,30.49,0.0,1914,0.9609375,LOST
1,0,256,0.97265625,4,30.58,0.11,30.32,0.15,1896,0.93359375,RETURNED
1,0,256,0.98828125,5,30.79,0.2,30.6,0.0,1922,0.96484375,LOST
1,0,256,0.9921875,6,30.15,0.13,29.87,0.15,1889,0.9765625,RETURNED
1,0,256,0.99609375,7,30.16,0.21,29.88,0.07,1882,0.98046875,RETURNED
1,0,256,0.984375,8,31.45,1.11,30.23,0.11,1905,0.984375,RETURNED
1,1,256,0.91015625,0,30.7,0.15,30.29,0.26,1908,0.6171875,RETURNED
1,1,256,0.9375,1,30.9,0.15,30.3,0.46,1907,0.8515625,RETURNED
1,1,256,0.96484375,2,30.4,0.21,30.11,0.08,1909,0.9375,RETURNED
1,1,256,0.984375,3,30.68,0.11,30.56,0.0,1914,0.96875,LOST
1,1,256,0.98828125,4,30.73,0.29,30.36,0.07,1896,0.97265625,RETURNED
1,1,256,0.97265625,5,30.77,0.13,30.64,0.0,1922,0.94140625,LOST
1,1,256,0.98046875,6,30.3,0.27,29.95,0.08,1889,0.953125,RETURNED
1,1,256,0.98828125,7,30.2,0.13,29.99,0.08,1882,0.98046875,RETURNED
1,1,256,1.0,8,22.45,0.12,22.2,0.13,1397,0.99609375,RETURNED
1,2,256,0.90625,0,30.77,0.11,30.44,0.22,1908,0.61328125,RETURNED
1,2,256,0.90234375,1,30.68,0.23,30.37,0.08,1907,0.62890625,RETURNED
1,2,256,0.95703125,2,30.41,0.14,30.2,0.07,1909,0.90625,RETURNED
1,2,256,0.984375,3,31.2,0.63,30.57,0.0,1914,0.97265625,LOST
1,2,256,0.98046875,4,30.79,0.16,30.47,0.15,1896,0.94921875,RETURNED
1,2,256,0.9765625,5,30.83,0.11,30.73,0.0,1922,0.97265625,LOST
1,2,256,0.984375,6,30.31,0.1,30.08,0.13,1889,0.97265625,RETURNED
1,2,256,0.98828125,7,30.36,0.18,30.11,0.08,1882,0.96875,RETURNED
1,2,256,1.0,8,16.05,0.1,15.86,0.09,991,0.9921875,RETURNED
1,3,256,0.9140625,0,30.52,0.12,30.31,0.08,1908,0.62890625,RETURNED
1,3,256,0.93359375,1,30.64,0.11,30.28,0.26,1907,0.890625,RETURNED
1,3,256,0.94921875,2,30.34,0.1,30.12,0.12,1909,0.890625,RETURNED
1,3,256,0.96484375,3,30.64,0.16,30.48,0.0,1914,0.97265625,LOST
1,3,256,0.9765625,4,30.65,0.17,30.35,0.13,1896,0.95703125,RETURNED
1,3,256,0.98046875,5,30.84,0.18,30.66,0.0,1922,0.9765625,LOST
1,3,256,0.99609375,6,30.14,0.1,29.95,0.09,1889,0.9765625,RETURNED
1,3,256,0.99609375,7,30.18,0.11,29.99,0.08,1882,0.9921875,RETURNED
1,3,256,1.0,8,22.5,0.15,22.27,0.08,1397,0.99609375,RETURNED
2,379.42,0.27
2,0,256,0.91015625,0,45.67,0.17,30.33,15.17,1908,0.6328125,RETURNED
2,0,256,0.96484375,1,30.84,0.47,30.23,0.15,1907,0.90625,RETURNED
2,0,256,0.984375,2,30.61,0.1,30.27,0.23,1909,0.9609375,RETURNED
2,0,256,0.97265625,3,31.14,0.13,31.02,0.0,1914,0.96484375,LOST
2,0,256,0.98828125,4,30.59,0.12,30.26,0.21,1896,0.984375,RETURNED
2,0,256,0.9921875,5,30.98,0.17,30.81,0.0,1922,0.9765625,LOST
2,0,256,0.9921875,6,30.51,0.22,30.07,0.21,1889,0.9765625,RETURNED
2,0,256,0.99609375,7,30.25,0.11,30.02,0.11,1882,0.9921875,RETURNED
2,0,256,0.9921875,8,50.6,0.1,30.35,20.14,1905,0.9921875,RETURNED
2,0,256,0.99609375,9,30.71,0.14,30.45,0.11,1926,0.98828125,RETURNED
2,1,256,0.9140625,0,40.51,0.15,30.25,10.12,1908,0.6171875,RETURNED
2,1,256,0.93359375,1,30.6,0.22,30.22,0.16,1907,0.83203125,RETURNED
2,1,256,0.94921875,2,30.57,0.16,30.2,0.21,1909,0.796875,RETURNED
2,1,256,0.97265625,3,31.1,0.19,30.91,0.0,1914,0.93359375,LOST
2,1,256,0.9765625,4,30.92,0.23,30.17,0.52,1896,0.95703125,RETURNED
2,1,256,0.9921875,5,30.93,0.16,30.77,0.0,1922,0.984375,LOST
2,1,256,0.984375,6,30.26,0.11,30.0,0.15,1889,0.96875,RETURNED
2,1,256,0.9921875,7,30.19,0.14,29.92,0.12,1882,0.984375,RETURNED
2,1,256,0.9765625,8,30.51,0.11,30.24,0.16,1905,0.9765625,RETURNED
2,1,256,0.99609375,9,55.77,0.29,30.4,25.09,1926,0.9921875,RETURNED
2,2,256,0.9296875,0,40.41,0.14,30.16,10.11,1908,0.62890625,RETURNED
2,2,256,0.95703125,1,30.6,0.25,30.27,0.08,1907,0.89453125,RETURNED
2,2,256,0.94921875,2,30.47,0.19,30.17,0.11,1909,0.91796875,RETURNED
2,2,256,0.97265625,3,31.29,0.33,30.96,0.0,1914,0.94140625,LOST
2,2,256,0.9765625,4,30.57,0.16,30.21,0.2,1896,0.96484375,RETURNED
2,2,256,0.98046875,5,30.88,0.11,30.76,0.0,1922,0.96484375,LOST
2,2,256,0.9921875,6,30.35,0.2,30.01,0.15,1889,0.9765625,RETURNED
2,2,256,0.9921875,7,30.13,0.1,29.94,0.08,1882,0.9921875,RETURNED
2,2,256,0.9921875,8,30.49,0.1,30.25,0.14,1905,0.9921875,RETURNED
2,2,256,0.9921875,9,40.74,0.12,30.51,10.11,1926,0.984375,RETURNED
2,2,256,0.9921875,10,30.28,0.15,30.14,0.0,1910,0.99609375,LOST
2,3,256,0.89453125,0,40.65,0.13,30.43,10.09,1908,0.61328125,RETURNED
2,3,256,0.90234375,1,30.81,0.19,30.46,0.16,1907,0.62109375,RETURNED
2,3,256,0.96484375,2,30.82,0.19,30.42,0.21,1909,0.94921875,RETURNED
2,3,256,0.98046875,3,31.25,0.12,31.13,0.0,1914,0.96484375,LOST
2,3,256,0.9765625,4,30.94,0.23,30.52,0.19,1896,0.95703125,RETURNED
2,3,256,0.984375,5,31.22,0.25,30.96,0.0,1922,0.95703125,LOST
2,3,256,0.9921875,6,30.56,0.17,30.22,0.17,1889,0.98828125,RETURNED
2,3,256,0.984375,7,30.48,0.12,30.22,0.15,1882,0.95703125,RETURNED
2,3,256,0.97265625,8,40.72,0.13,30.48,10.11,1905,0.98828125,RETURNED
2,3,256,0.99609375,9,31.25,0.33,30.57,0.34,1926,0.9921875,RETURNED
2,3,256,1.0,10,11.52,0.17,11.21,0.14,707,0.99609375,RETURNED
3,360.82,0.32
3,0,256,0.87890625,0,30.85,0.11,30.59,0.14,1908,0.62109375,RETURNED
3,0,256,0.94140625,1,30.71,0.27,30.35,0.09,1907,0.76953125,RETURNED
3,0,256,0.95703125,2,31.21,0.36,30.4,0.45,1909,0.9296875,RETURNED
3,0,256,0.96875,3,30.71,0.29,30.42,0.0,1914,0.96484375,LOST
3,0,256,0.9765625,4,40.42,0.12,30.16,10.15,1896,0.9609375,RETURNED
3,0,256,0.98046875,5,30.65,0.15,30.5,0.0,1922,0.953125,LOST
3,0,256,0.98828125,6,30.24,0.13,30.03,0.08,1889,0.97265625,RETURNED
3,0,256,0.98828125,7,30.18,0.19,29.87,0.13,1882,0.97265625,RETURNED
3,0,256,0.984375,8,30.76,0.24,30.45,0.07,1905,0.984375,RETURNED
3,0,256,0.9921875,9,30.92,0.12,30.63,0.17,1926,0.98828125,RETURNED
3,1,256,0.91015625,0,31.02,0.11,30.49,0.42,1908,0.625,RETURNED
3,1,256,0.92578125,1,30.58,0.26,30.24,0.08,1907,0.84765625,RETURNED
3,1,256,0.9765625,2,30.54,0.11,30.26,0.17,1909,0.95703125,RETURNED
3,1,256,0.984375,3,30.52,0.1,30.42,0.0,1914,0.96875,LOST
3,1,256,0.984375,4,40.33,0.17,30.05,10.11,1896,0.96875,RETURNED
3,1,256,0.98046875,5,30.54,0.13,30.41,0.0,1922,0.96875,LOST
3,1,256,0.984375,6,30.18,0.12,29.95,0.1,1889,0.9765625,RETURNED
3,1,256,0.98828125,7,30.03,0.13,29.81,0.08,1882,0.984375,RETURNED
3,1,256,0.98046875,8,30.98,0.18,30.37,0.43,1905,0.9765625,RETURNED
3,1,256,1.0,9,18.86,0.21,18.52,0.13,1165,0.9921875,RETURNED
3,2,256,0.90625,0,31.07,0.11,30.78,0.18,1908,0.6171875,RETURNED
3,2,256,0.93359375,1,30.74,0.18,30.49,0.08,1907,0.8671875,RETURNED
3,2,256,0.97265625,2,30.98,0.2,30.51,0.27,1909,0.90625,RETURNED
3,2,256,0.98046875,3,30.83,0.27,30.57,0.0,1914,0.94921875,LOST
3,2,256,0.96875,4,55.6,0.17,30.32,25.12,1896,0.921875,RETURNED
3,2,256,0.98828125,5,31.06,0.27,30.8,0.0,1922,0.98046875,LOST
3,2,256,0.984375,6,30.52,0.11,30.15,0.26,1889,0.97265625,RETURNED
3,2,256,0.9921875,7,30.44,0.14,30.19,0.11,1882,0.98828125,RETURNED
3,2,256,0.99609375,8,30.74,0.13,30.45,0.16,1905,0.98828125,RETURNED
3,2,256,0.99609375,9,30.95,0.12,30.69,0.14,1926,0.99609375,RETURNED
3,3,256,0.9140625,0,30.67,0.13,30.43,0.12,1908,0.6328125,RETURNED
3,3,256,0.96484375,1,30.82,0.61,30.13,0.09,1907,0.8515625,RETURNED
3,3,256,0.9609375,2,30.5,0.2,30.16,0.14,1909,0.90625,RETURNED
3,3,256,0.96484375,3,30.64,0.43,30.21,0.0,1914,0.96484375,LOST
3,3,256,0.984375,4,50.33,0.24,29.94,20.16,1896,0.97265625,RETURNED
3,3,256,0.9921875,5,30.6,0.25,30.35,0.0,1922,0.984375,LOST
3,3,256,0.9921875,6,30.02,0.21,29.73,0.08,1889,0.984375,RETURNED
3,3,256,0.984375,7,30.06,0.14,29.73,0.18,1882,0.984375,RETURNED
3,3,256,0.98828125,8,30.22,0.09,30.06,0.07,1905,0.98828125,RETURNED
3,3,256,0.9921875,9,30.56,0.11,30.33,0.12,1926,0.98828125,RETURNED
4,346.30,0.26
4,0,256,0.90625,0,35.24,0.17,34.84,0.23,1908,0.6171875,RETURNED
4,0,256,0.953125,1,35.01,0.1,34.8,0.11,1907,0.87890625,RETURNED
4,0,256,0.97265625,2,35.48,0.13,35.05,0.3,1909,0.94140625,RETURNED
4,0,256,0.97265625,3,35.03,0.15,34.88,0.0,1914,0.953125,LOST
4,0,256,0.96484375,4,34.83,0.16,34.55,0.12,1896,0.953125,RETURNED
4,0,256,0.95703125,5,35.16,0.15,35.02,0.0,1922,0.90625,LOST
4,0,256,0.98828125,6,35.56,0.13,35.33,0.1,1889,0.9609375,RETURNED
4,0,256,0.98828125,7,34.63,0.1,34.43,0.1,1882,0.984375,RETURNED
4,0,256,1.0,8,15.35,0.11,14.89,0.35,815,0.99609375,RETURNED
4,1,256,0.9140625,0,35.34,0.51,34.69,0.14,1908,0.6171875,RETURNED
4,1,256,0.91796875,1,34.79,0.3,34.4,0.1,1907,0.62890625,RETURNED
4,1,256,0.953125,2,34.92,0.12,34.6,0.2,1909,0.9140625,RETURNED
4,1,256,0.97265625,3,34.53,0.12,34.41,0.0,1914,0.95703125,LOST
4,1,256,0.96484375,4,34.53,0.19,34.23,0.12,1896,0.9375,RETURNED
4,1,256,0.9765625,5,34.85,0.16,34.7,0.0,1922,0.96875,LOST
4,1,256,0.9921875,6,35.15,0.11,34.94,0.09,1889,0.9765625,RETURNED
4,1,256,0.984375,7,34.1,0.11,33.9,0.09,1882,0.9765625,RETURNED
4,1,256,0.984375,8,34.59,0.1,34.33,0.15,1905,0.9921875,RETURNED
4,2,256,0.890625,0,35.68,0.28,35.29,0.11,1908,0.609375,RETURNED
4,2,256,0.95703125,1,35.55,0.26,35.18,0.1,1907,0.9140625,RETURNED
4,2,256,0.95703125,2,35.84,0.27,35.42,0.15,1909,0.921875,RETURNED
4,2,256,0.9609375,3,35.4,0.15,35.25,0.0,1914,0.9609375,LOST
4,2,256,0.9765625,4,35.2,0.12,34.95,0.13,1896,0.95703125,RETURNED
4,2,256,0.9765625,5,35.54,0.13,35.41,0.0,1922,0.96484375,LOST
4,2,256,0.9921875,6,36.07,0.16,35.79,0.12,1889,0.97265625,RETURNED
4,2,256,0.9921875,7,35.0,0.2,34.69,0.11,1882,0.98828125,RETURNED
4,2,256,0.98046875,8,35.22,0.12,35.01,0.08,1905,0.9765625,RETURNED
4,3,256,0.9140625,0,35.6,0.12,35.33,0.15,1908,0.609375,RETURNED
4,3,256,0.9453125,1,35.64,0.29,35.25,0.1,1907,0.83984375,RETURNED
4,3,256,0.9609375,2,35.8,0.15,35.51,0.13,1909,0.93359375,RETURNED
4,3,256,0.98046875,3,35.61,0.34,35.27,0.0,1914,0.97265625,LOST
4,3,256,0.97265625,4,35.63,0.17,35.24,0.22,1896,0.9609375,RETURNED
4,3,256,0.9765625,5,35.79,0.11,35.68,0.0,1922,0.9609375,LOST
4,3,256,0.9765625,6,36.25,0.23,35.92,0.09,1889,0.95703125,RETURNED
4,3,256,0.97265625,7,35.72,0.24,34.93,0.55,1882,0.96875,RETURNED
4,3,256,0.9921875,8,35.49,0.11,35.31,0.07,1905,0.9921875,RETURNED
5,303.09,0.57
5,0,256,0.8828125,0,30.6,0.1,30.42,0.08,1908,0.62109375,RETURNED
5,0,256,0.9375,1,31.18,0.15,30.8,0.22,1907,0.84375,RETURNED
5,0,256,0.95703125,2,30.72,0.21,30.42,0.1,1909,0.90625,RETURNED
5,0,256,0.9609375,3,30.68,0.17,30.52,0.0,1914,0.8984375,LOST
5,0,256,0.94921875,4,30.51,0.15,30.28,0.08,1896,0.90625,RETURNED
5,0,256,0.97265625,5,31.86,0.14,31.72,0.0,1922,0.96484375,LOST
5,0,256,0.98828125,6,30.4,0.17,30.09,0.14,1889,0.953125,RETURNED
5,0,256,0.9921875,7,30.17,0.09,30.01,0.07,1882,0.98828125,RETURNED
5,0,256,0.99609375,8,30.51,0.15,30.29,0.07,1905,0.99609375,RETURNED
5,1,256,0.89453125,0,30.53,0.11,30.35,0.08,1908,0.61328125,RETURNED
5,1,256,0.9453125,1,30.93,0.17,30.67,0.1,1907,0.890625,RETURNED
5,1,256,0.9609375,2,30.55,0.12,30.34,0.08,1909,0.8828125,RETURNED
5,1,256,0.9453125,3,30.66,0.23,30.43,0.0,1914,0.9140625,LOST
5,1,256,0.96484375,4,30.47,0.19,30.19,0.09,1896,0.94921875,RETURNED
5,1,256,0.97265625,5,31.77,0.22,31.55,0.0,1922,0.953125,LOST
5,1,256,0.98828125,6,30.23,0.18,29.96,0.1,1889,0.96875,RETURNED
5,1,256,0.99609375,7,30.31,0.23,29.95,0.14,1882,0.98828125,RETURNED
5,1,256,1.0,8,0.91,0.12,0.69,0.09,44,0.99609375,RETURNED
5,2,256,0.88671875,0,30.89,0.31,30.4,0.19,1908,0.6171875,RETURNED
5,2,256,0.9375,1,31.0,0.16,30.76,0.08,1907,0.890625,RETURNED
5,2,256,0.92578125,2,30.64,0.11,30.37,0.17,1909,0.85546875,RETURNED
5,2,256,0.96484375,3,30.62,0.12,30.49,0.0,1914,0.9453125,LOST
5,2,256,0.984375,4,30.51,0.13,30.25,0.13,1896,0.94921875,RETURNED
5,2,256,0.98046875,5,31.81,0.12,31.69,0.0,1922,0.953125,LOST
5,2,256,0.98828125,6,30.31,0.12,30.06,0.13,1889,0.96875,RETURNED
5,2,256,0.99609375,7,30.42,0.37,29.97,0.08,1882,0.98828125,RETURNED
5,2,256,1.0,8,0.54,0.1,0.45,0.0,28,1.0,LOST
5,3,256,0.90234375,0,30.7,0.27,30.29,0.14,1908,0.61328125,RETURNED
5,3,256,0.9296875,1,30.99,0.22,30.59,0.18,1907,0.8359375,RETURNED
5,3,256,0.9453125,2,30.69,0.34,30.26,0.09,1909,0.9296875,RETURNED
5,3,256,0.98046875,3,30.65,0.31,30.34,0.0,1914,0.9609375,LOST
5,3,256,0.96875,4,30.3,0.09,30.14,0.08,1896,0.9375,RETURNED
5,3,256,0.9921875,5,32.01,0.49,31.52,0.0,1922,0.9453125,LOST
5,3,256,0.99609375,6,30.11,0.1,29.92,0.1,1889,0.98828125,RETURNED
5,3,256,0.984375,7,30.15,0.21,29.86,0.08,1882,0.9765625,RETURNED
5,3,256,0.9921875,8,30.36,0.1,30.09,0.17,1905,0.98828125,RETURNED
