0,265.16,32.32
0,0,256,0.8984375,0,30.87,0.31,30.3,0.26,1908,0.625,RETURNED
0,0,256,0.94140625,1,30.82,0.15,30.09,0.58,1907,0.890625,RETURNED
0,0,256,0.95703125,2,30.46,0.21,30.12,0.13,1909,0.91796875,RETURNED
0,0,256,0.984375,3,30.57,0.12,30.26,0.19,1914,0.95703125,RETURNED
0,0,256,0.984375,4,30.44,0.15,30.14,0.15,1899,0.96875,RETURNED
0,0,256,0.99609375,5,30.86,0.16,30.34,0.36,1914,0.96484375,RETURNED
0,0,256,1.0,6,15.5,0.15,14.88,0.48,942,0.99609375,RETURNED
0,1,256,0.90625,0,30.79,0.2,30.37,0.22,1908,0.6171875,RETURNED
0,1,256,0.9296875,1,30.48,0.19,30.18,0.11,1907,0.89453125,RETURNED
0,1,256,0.9765625,2,31.09,0.46,30.3,0.34,1909,0.94140625,RETURNED
0,1,256,0.9609375,3,30.72,0.15,30.44,0.13,1914,0.93359375,RETURNED
0,1,256,0.9921875,4,30.69,0.25,30.25,0.19,1899,0.984375,RETURNED
0,1,256,0.98828125,5,30.78,0.18,30.49,0.11,1914,0.9765625,RETURNED
0,1,256,0.9921875,6,30.78,0.31,30.48,0.0,1918,0.984375,LOST
0,2,256,0.921875,0,30.83,0.32,30.35,0.15,1908,0.64453125,RETURNED
0,2,256,0.94921875,1,30.42,0.2,30.11,0.12,1907,0.8359375,RETURNED
0,2,256,0.97265625,2,30.77,0.34,30.23,0.2,1909,0.92578125,RETURNED
0,2,256,0.96484375,3,30.87,0.35,30.36,0.16,1914,0.87890625,RETURNED
0,2,256,0.984375,4,31.29,0.2,30.95,0.14,1899,0.9765625,RETURNED
0,2,256,0.99609375,5,31.06,0.19,30.59,0.27,1914,0.9765625,RETURNED
0,2,256,1.0,6,3.32,0.41,2.9,0.0,180,0.99609375,LOST
0,3,256,0.8984375,0,30.72,0.22,30.2,0.3,1908,0.62109375,RETURNED
0,3,256,0.94140625,1,30.5,0.28,29.98,0.24,1907,0.890625,RETURNED
0,3,256,0.953125,2,30.45,0.25,30.05,0.15,1909,0.8828125,RETURNED
0,3,256,0.9765625,3,30.62,0.23,30.23,0.16,1914,0.953125,RETURNED
0,3,256,0.9296875,4,30.76,0.38,30.05,0.33,1899,0.91015625,RETURNED
0,3,256,0.98828125,5,30.61,0.18,30.27,0.16,1914,0.97265625,RETURNED
0,3,256,0.99609375,6,30.37,0.19,30.19,0.0,1918,0.98046875,LOST
1,298.33,0.21
1,0,256,0.91015625,0,30.93,0.2,30.52,0.21,1908,0.62109375,RETURNED
1,0,256,0.9609375,1,30.68,0.16,30.37,0.15,1907,0.859375,RETURNED
1,0,256,0.95703125,2,30.81,0.28,30.43,0.1,1909,0.9140625,RETURNED
1,0,256,0.9609375,3,31.12,0.24,30.72,0.16,1914,0.9453125,RETURNED
1,0,256,0.984375,4,30.83,0.44,30.28,0.11,1899,0.94921875,RETURNED
1,0,256,0.98046875,5,31.04,0.27,30.58,0.19,1914,0.92578125,RETURNED
1,0,256,0.984375,6,30.79,0.25,30.53,0.0,1918,0.9765625,LOST
1,0,256,0.9921875,7,30.67,0.23,30.28,0.17,1903,0.9921875,RETURNED
1,0,256,0.99609375,8,30.76,0.31,30.45,0.0,1916,0.9921875,LOST
1,1,256,0.88671875,0,30.88,0.56,30.19,0.13,1908,0.6328125,RETURNED
1,1,256,0.953125,1,30.6,0.2,30.07,0.34,1907,0.87109375,RETURNED
1,1,256,0.96484375,2,30.74,0.44,30.15,0.15,1909,0.88671875,RETURNED
1,1,256,0.96875,3,30.72,0.2,30.36,0.17,1914,0.96484375,RETURNED
1,1,256,0.9921875,4,30.33,0.17,29.98,0.19,1899,0.95703125,RETURNED
1,1,256,0.98046875,5,30.63,0.32,30.21,0.09,1914,0.96875,RETURNED
1,1,256,0.9921875,6,30.51,0.21,30.3,0.0,1918,0.9921875,LOST
1,1,256,0.98828125,7,30.58,0.32,30.04,0.23,1903,0.98046875,RETURNED
1,1,256,1.0,8,28.21,0.25,27.82,0.14,1767,0.984375,RETURNED
1,2,256,0.9375,0,30.49,0.18,30.15,0.16,1908,0.62890625,RETURNED
1,2,256,0.93359375,1,30.58,0.36,30.02,0.21,1907,0.62109375,RETURNED
1,2,256,0.9765625,2,31.07,0.75,30.13,0.2,1909,0.9609375,RETURNED
1,2,256,0.96875,3,30.68,0.24,30.26,0.18,1914,0.953125,RETURNED
1,2,256,0.9921875,4,31.17,0.68,29.95,0.54,1899,0.96484375,RETURNED
1,2,256,0.98046875,5,31.24,0.6,30.28,0.36,1914,0.91796875,RETURNED
1,2,256,0.9921875,6,30.74,0.5,30.23,0.0,1918,0.9921875,LOST
1,2,256,0.98828125,7,30.29,0.16,29.98,0.15,1903,0.984375,RETURNED
1,2,256,0.99609375,8,30.22,0.12,30.1,0.0,1916,0.98828125,LOST
1,3,256,0.91015625,0,30.56,0.19,30.19,0.18,1908,0.625,RETURNED
1,3,256,0.9140625,1,30.43,0.19,30.13,0.11,1907,0.62890625,RETURNED
1,3,256,0.953125,2,30.79,0.49,30.18,0.13,1909,0.90234375,RETURNED
1,3,256,0.97265625,3,30.91,0.25,30.36,0.3,1914,0.9453125,RETURNED
1,3,256,0.9765625,4,30.48,0.22,30.04,0.22,1899,0.96484375,RETURNED
1,3,256,0.98046875,5,30.71,0.19,30.3,0.22,1914,0.9609375,RETURNED
1,3,256,0.98046875,6,30.65,0.34,30.31,0.0,1918,0.95703125,LOST
1,3,256,0.9921875,7,30.42,0.24,30.03,0.15,1903,0.9921875,RETURNED
1,3,256,0.99609375,8,30.43,0.24,30.19,0.0,1916,0.9921875,LOST
2,302.04,0.19
2,0,256,0.90234375,0,30.85,0.56,30.07,0.21,1908,0.63671875,RETURNED
2,0,256,0.9453125,1,30.43,0.2,29.95,0.29,1907,0.83203125,RETURNED
2,0,256,0.98046875,2,30.39,0.24,30.01,0.14,1909,0.95703125,RETURNED
2,0,256,0.98046875,3,30.5,0.24,30.07,0.19,1914,0.953125,RETURNED
2,0,256,0.98828125,4,30.48,0.39,29.86,0.23,1899,0.98046875,RETURNED
2,0,256,0.9765625,5,30.5,0.23,30.13,0.13,1914,0.96484375,RETURNED
2,0,256,0.984375,6,30.58,0.26,30.32,0.0,1918,0.9765625,LOST
2,0,256,0.99609375,7,30.38,0.26,29.97,0.14,1903,0.98828125,RETURNED
2,0,256,1.0,8,18.83,0.22,18.45,0.16,1171,0.99609375,RETURNED
2,1,256,0.91796875,0,30.76,0.23,30.27,0.26,1908,0.6171875,RETURNED
2,1,256,0.94921875,1,30.78,0.2,30.14,0.43,1907,0.88671875,RETURNED
2,1,256,0.953125,2,30.59,0.26,30.21,0.12,1909,0.90625,RETURNED
2,1,256,0.97265625,3,30.67,0.21,30.24,0.21,1914,0.94921875,RETURNED
2,1,256,0.9609375,4,30.46,0.18,30.08,0.2,1899,0.92578125,RETURNED
2,1,256,0.99609375,5,30.74,0.28,30.33,0.13,1914,0.9921875,RETURNED
2,1,256,0.9921875,6,30.78,0.25,30.53,0.0,1918,0.98828125,LOST
2,1,256,0.984375,7,30.53,0.15,30.16,0.21,1903,0.9765625,RETURNED
2,1,256,1.0,8,18.85,0.19,18.51,0.16,1171,0.99609375,RETURNED
2,2,256,0.90625,0,30.85,0.66,30.08,0.11,1908,0.6171875,RETURNED
2,2,256,0.9453125,1,30.29,0.17,29.98,0.14,1907,0.81640625,RETURNED
2,2,256,0.95703125,2,30.49,0.18,30.06,0.26,1909,0.921875,RETURNED
2,2,256,0.9921875,3,34.69,4.3,30.12,0.26,1914,0.98046875,RETURNED
2,2,256,0.9765625,4,30.33,0.28,29.88,0.18,1899,0.97265625,RETURNED
2,2,256,0.99609375,5,30.58,0.17,30.27,0.14,1914,0.9921875,RETURNED
2,2,256,0.9921875,6,30.35,0.17,30.18,0.0,1918,0.97265625,LOST
2,2,256,0.99609375,7,30.4,0.23,30.04,0.13,1903,0.9921875,RETURNED
2,2,256,0.99609375,8,30.35,0.31,30.04,0.0,1916,0.98046875,LOST
2,3,256,0.91015625,0,30.48,0.19,30.15,0.14,1908,0.62890625,RETURNED
2,3,256,0.95703125,1,30.46,0.3,30.03,0.13,1907,0.91015625,RETURNED
2,3,256,0.94921875,2,30.49,0.23,30.09,0.17,1909,0.91015625,RETURNED
2,3,256,0.9609375,3,30.57,0.23,30.11,0.23,1914,0.91796875,RETURNED
2,3,256,0.98046875,4,30.32,0.19,29.93,0.2,1899,0.9765625,RETURNED
2,3,256,0.98828125,5,30.42,0.14,30.16,0.12,1914,0.953125,RETURNED
2,3,256,0.9921875,6,30.54,0.2,30.34,0.0,1918,0.98828125,LOST
2,3,256,0.98828125,7,30.33,0.18,30.01,0.14,1903,0.96875,RETURNED
2,3,256,0.98046875,8,30.24,0.13,30.12,0.0,1916,0.9765625,LOST
0,302.00,5.72
0,0,256,0.921875,0,30.53,0.19,30.17,0.17,1908,0.61328125,RETURNED
0,0,256,0.9140625,1,30.8,0.51,30.19,0.1,1907,0.63671875,RETURNED
0,0,256,0.9453125,2,30.53,0.17,30.16,0.2,1909,0.90234375,RETURNED
0,0,256,0.94140625,3,31.27,0.3,30.35,0.61,1914,0.87890625,RETURNED
0,0,256,0.98828125,4,30.55,0.31,30.06,0.19,1899,0.97265625,RETURNED
0,0,256,0.99609375,5,30.99,0.44,30.38,0.17,1914,0.9921875,RETURNED
0,0,256,0.98046875,6,30.54,0.2,30.34,0.0,1918,0.92578125,LOST
0,0,256,0.98046875,7,30.43,0.17,30.12,0.13,1903,0.96875,RETURNED
0,0,256,1.0,8,8.38,0.24,7.93,0.22,501,0.99609375,RETURNED
0,1,256,0.9296875,0,30.4,0.18,30.02,0.2,1908,0.64453125,RETURNED
0,1,256,0.953125,1,30.36,0.21,30.01,0.13,1907,0.84765625,RETURNED
0,1,256,0.97265625,2,30.97,0.18,30.06,0.73,1909,0.94921875,RETURNED
0,1,256,0.9765625,3,30.54,0.23,30.15,0.16,1914,0.9453125,RETURNED
0,1,256,0.984375,4,30.79,0.72,29.94,0.13,1899,0.9765625,RETURNED
0,1,256,0.9609375,5,30.71,0.32,30.24,0.16,1914,0.90234375,RETURNED
0,1,256,0.98828125,6,30.46,0.32,30.14,0.0,1918,0.98046875,LOST
0,1,256,0.9921875,7,30.24,0.18,29.9,0.16,1903,0.98828125,RETURNED
0,1,256,0.99609375,8,30.23,0.21,30.03,0.0,1916,0.9921875,LOST
0,2,256,0.90234375,0,30.59,0.12,30.31,0.17,1908,0.640625,RETURNED
0,2,256,0.90234375,1,30.62,0.25,30.23,0.14,1907,0.62109375,RETURNED
0,2,256,0.953125,2,30.7,0.36,30.19,0.15,1909,0.921875,RETURNED
0,2,256,0.98046875,3,30.85,0.28,30.39,0.18,1914,0.9453125,RETURNED
0,2,256,0.9921875,4,30.58,0.18,30.15,0.25,1899,0.9765625,RETURNED
0,2,256,0.9765625,5,30.76,0.18,30.46,0.12,1914,0.94921875,RETURNED
0,2,256,0.9921875,6,30.81,0.38,30.44,0.0,1918,0.984375,LOST
0,2,256,0.984375,7,30.51,0.22,30.17,0.12,1903,0.98046875,RETURNED
0,2,256,1.0,8,8.33,0.23,7.95,0.14,501,0.9921875,RETURNED
0,3,256,0.8828125,0,30.73,0.32,30.12,0.28,1908,0.6171875,RETURNED
0,3,256,0.88671875,1,30.48,0.24,30.11,0.13,1907,0.6171875,RETURNED
0,3,256,0.8984375,2,30.41,0.19,30.11,0.12,1909,0.625,RETURNED
0,3,256,0.953125,3,30.47,0.11,30.24,0.12,1914,0.90234375,RETURNED
0,3,256,0.9921875,4,30.47,0.18,30.0,0.29,1899,0.98046875,RETURNED
0,3,256,0.98828125,5,30.75,0.36,30.3,0.09,1914,0.98046875,RETURNED
0,3,256,0.99609375,6,30.39,0.13,30.26,0.0,1918,0.9921875,LOST
0,3,256,0.98828125,7,30.86,0.32,30.02,0.52,1903,0.984375,RETURNED
0,3,256,1.0,8,23.64,0.13,23.3,0.21,1483,0.9921875,RETURNED
0,276.77,11.09
0,0,256,0.91015625,0,30.45,0.17,30.19,0.09,1908,0.62890625,RETURNED
0,0,256,0.94140625,1,30.48,0.17,30.14,0.18,1907,0.87109375,RETURNED
0,0,256,0.9375,2,30.52,0.11,30.22,0.19,1909,0.82421875,RETURNED
0,0,256,0.97265625,3,30.65,0.29,30.27,0.09,1914,0.95703125,RETURNED
0,0,256,0.98828125,4,30.53,0.25,30.16,0.12,1899,0.96484375,RETURNED
0,0,256,0.98046875,5,30.72,0.4,30.2,0.12,1914,0.97265625,RETURNED
0,0,256,0.99609375,6,30.41,0.12,30.28,0.0,1918,0.9921875,LOST
0,0,256,0.98828125,7,30.15,0.11,29.97,0.07,1903,0.9765625,RETURNED
0,1,256,0.90234375,0,30.47,0.12,30.24,0.12,1908,0.60546875,RETURNED
0,1,256,0.90234375,1,30.36,0.11,30.14,0.11,1907,0.61328125,RETURNED
0,1,256,0.97265625,2,30.58,0.18,30.27,0.12,1909,0.94140625,RETURNED
0,1,256,0.94140625,3,30.59,0.16,30.3,0.14,1914,0.88671875,RETURNED
0,1,256,0.984375,4,30.46,0.12,30.22,0.12,1899,0.96484375,RETURNED
0,1,256,0.99609375,5,31.15,0.83,30.22,0.1,1914,0.96875,RETURNED
0,1,256,0.98828125,6,30.47,0.17,30.3,0.0,1918,0.984375,LOST
0,1,256,0.99609375,7,30.37,0.23,30.01,0.14,1903,0.9765625,RETURNED
0,2,256,0.91015625,0,30.5,0.1,30.28,0.11,1908,0.609375,RETURNED
0,2,256,0.96484375,1,31.27,0.99,30.2,0.08,1907,0.87890625,RETURNED
0,2,256,0.94921875,2,30.58,0.1,30.38,0.1,1909,0.90625,RETURNED
0,2,256,0.9765625,3,31.4,0.2,30.42,0.78,1914,0.9453125,RETURNED
0,2,256,0.98046875,4,30.69,0.15,30.28,0.26,1899,0.97265625,RETURNED
0,2,256,0.98828125,5,30.53,0.14,30.31,0.08,1914,0.98828125,RETURNED
0,2,256,0.9921875,6,30.6,0.21,30.38,0.0,1918,0.98046875,LOST
0,2,256,1.0,7,16.4,0.11,16.14,0.16,1020,0.99609375,RETURNED
0,3,256,0.90625,0,30.59,0.26,30.24,0.09,1908,0.625,RETURNED
0,3,256,0.9453125,1,30.59,0.3,30.2,0.09,1907,0.875,RETURNED
0,3,256,0.97265625,2,30.51,0.13,30.27,0.12,1909,0.9296875,RETURNED
0,3,256,0.984375,3,30.66,0.09,30.38,0.19,1914,0.96875,RETURNED
0,3,256,0.9765625,4,30.41,0.11,30.24,0.06,1899,0.95703125,RETURNED
0,3,256,0.984375,5,30.58,0.23,30.27,0.08,1914,0.98046875,RETURNED
0,3,256,0.9921875,6,30.45,0.12,30.34,0.0,1918,0.98046875,LOST
0,3,256,0.9921875,7,30.4,0.1,30.15,0.15,1903,0.98828125,RETURNED
1,306.85,0.26
1,0,256,0.88671875,0,31.01,0.26,30.56,0.19,1908,0.609375,RETURNED
1,0,256,0.95703125,1,30.85,0.17,30.59,0.09,1907,0.81640625,RETURNED
1,0,256,0.9765625,2,30.57,0.13,30.37,0.07,1909,0.94140625,RETURNED
1,0,256,0.98046875,3,31.21,0.4,30.7,0.11,1914,0.97265625,RETURNED
1,0,256,0.9921875,4,30.57,0.17,30.32,0.08,1899,0.953125,RETURNED
1,0,256,0.9921875,5,31.14,0.23,30.82,0.09,1914,0.97265625,RETURNED
1,0,256,0.9921875,6,31.07,0.45,30.62,0.0,1918,0.984375,LOST
1,0,256,1.0,7,51.86,0.24,41.5,10.11,1888,0.984375,RETURNED
1,1,256,0.92578125,0,30.65,0.15,30.4,0.1,1908,0.62890625,RETURNED
1,1,256,0.9375,1,30.78,0.1,30.57,0.11,1907,0.83203125,RETURNED
1,1,256,0.94140625,2,30.95,0.44,30.39,0.12,1909,0.91015625,RETURNED
1,1,256,0.97265625,3,30.96,0.13,30.64,0.19,1914,0.9296875,RETURNED
1,1,256,0.984375,4,30.45,0.11,30.25,0.09,1899,0.97265625,RETURNED
1,1,256,0.98828125,5,31.06,0.12,30.82,0.12,1914,0.98828125,RETURNED
1,1,256,0.9921875,6,30.93,0.37,30.56,0.0,1918,0.98828125,LOST
1,1,256,0.9921875,7,30.8,0.13,30.58,0.09,1903,0.98046875,RETURNED
1,1,256,0.99609375,8,30.71,0.13,30.58,0.0,1916,0.9921875,LOST
1,2,256,0.90625,0,30.81,0.22,30.47,0.12,1908,0.61328125,RETURNED
1,2,256,0.953125,1,30.82,0.14,30.59,0.09,1907,0.91796875,RETURNED
1,2,256,0.9375,2,30.73,0.17,30.38,0.17,1909,0.86328125,RETURNED
1,2,256,0.9453125,3,31.03,0.23,30.7,0.11,1914,0.87109375,RETURNED
1,2,256,0.984375,4,30.62,0.18,30.36,0.08,1899,0.9609375,RETURNED
1,2,256,0.99609375,5,31.34,0.16,30.87,0.3,1914,0.984375,RETURNED
1,2,256,0.984375,6,30.75,0.11,30.64,0.0,1918,0.98046875,LOST
1,2,256,0.98828125,7,31.35,0.37,30.63,0.35,1903,0.98828125,RETURNED
1,2,256,0.99609375,8,30.86,0.31,30.55,0.0,1916,0.9921875,LOST
1,3,256,0.921875,0,30.95,0.23,30.64,0.08,1908,0.609375,RETURNED
1,3,256,0.96875,1,31.01,0.12,30.77,0.12,1907,0.890625,RETURNED
1,3,256,0.953125,2,30.92,0.31,30.54,0.08,1909,0.9453125,RETURNED
1,3,256,0.98046875,3,31.07,0.11,30.87,0.08,1914,0.94140625,RETURNED
1,3,256,0.984375,4,30.75,0.13,30.48,0.14,1899,0.96875,RETURNED
1,3,256,0.99609375,5,31.23,0.11,30.97,0.15,1914,0.984375,RETURNED
1,3,256,0.99609375,6,30.83,0.1,30.73,0.0,1918,0.98828125,LOST
1,3,256,0.99609375,7,31.01,0.13,30.73,0.15,1903,0.98046875,RETURNED
1,3,256,0.99609375,8,30.81,0.11,30.69,0.0,1916,0.99609375,LOST
2,208.91,0.98
2,0,256,0.90234375,0,31.04,0.2,30.77,0.08,1908,0.609375,RETURNED
2,0,256,0.953125,1,31.01,0.1,30.74,0.17,1907,0.92578125,RETURNED
2,0,256,0.98046875,2,31.06,0.21,30.76,0.09,1909,0.953125,RETURNED
2,0,256,0.97265625,3,31.3,0.2,30.94,0.16,1914,0.97265625,RETURNED
2,0,256,0.9921875,4,30.8,0.17,30.53,0.1,1899,0.984375,RETURNED
2,0,256,0.984375,5,31.24,0.13,31.04,0.07,1914,0.9765625,RETURNED
2,1,256,0.93359375,0,30.69,0.11,30.43,0.15,1908,0.625,RETURNED
2,1,256,0.953125,1,30.83,0.31,30.4,0.12,1907,0.81640625,RETURNED
2,1,256,0.96875,2,30.65,0.25,30.32,0.08,1909,0.90625,RETURNED
2,1,256,0.9765625,3,30.84,0.19,30.56,0.09,1914,0.96875,RETURNED
2,1,256,0.98828125,4,30.45,0.2,30.15,0.11,1899,0.97265625,RETURNED
2,1,256,0.984375,5,30.81,0.13,30.61,0.07,1914,0.97265625,RETURNED
2,2,256,0.921875,0,30.66,0.21,30.36,0.09,1908,0.62890625,RETURNED
2,2,256,0.95703125,1,30.61,0.19,30.31,0.11,1907,0.9140625,RETURNED
2,2,256,0.9765625,2,30.71,0.35,30.28,0.08,1909,0.94921875,RETURNED
2,2,256,0.9765625,3,30.7,0.13,30.46,0.11,1914,0.9609375,RETURNED
2,2,256,0.99609375,4,30.42,0.15,30.2,0.06,1899,0.97265625,RETURNED
2,2,256,0.99609375,5,30.89,0.27,30.53,0.09,1914,0.98828125,RETURNED
2,3,256,0.90625,0,30.63,0.19,30.25,0.2,1908,0.61328125,RETURNED
2,3,256,0.953125,1,30.5,0.18,30.25,0.07,1907,0.87890625,RETURNED
2,3,256,0.96875,2,31.07,0.13,30.86,0.08,1909,0.94140625,RETURNED
2,3,256,0.984375,3,31.36,0.11,31.09,0.17,1914,0.953125,RETURNED
2,3,256,0.9921875,4,31.46,0.6,30.68,0.17,1899,0.984375,RETURNED
2,3,256,1.0,5,20.75,0.16,20.51,0.08,1255,0.984375,RETURNED
3,353.17,0.40
3,0,256,0.91796875,0,32.93,0.11,32.72,0.1,1908,0.6171875,RETURNED
3,0,256,0.95703125,1,32.98,0.11,32.71,0.16,1907,0.91796875,RETURNED
3,0,256,0.9765625,2,33.14,0.11,32.92,0.12,1909,0.95703125,RETURNED
3,0,256,0.96484375,3,33.2,0.2,32.87,0.13,1914,0.9453125,RETURNED
3,0,256,0.9921875,4,33.07,0.1,32.63,0.34,1899,0.9765625,RETURNED
3,0,256,0.96875,5,33.09,0.1,32.9,0.09,1914,0.8984375,RETURNED
3,0,256,0.97265625,6,33.16,0.16,33.0,0.0,1918,0.91796875,LOST
3,0,256,0.984375,7,33.03,0.26,32.65,0.12,1903,0.97265625,RETURNED
3,0,256,0.99609375,8,32.8,0.11,32.69,0.0,1916,0.99609375,LOST
3,0,256,0.98828125,9,32.88,0.11,32.7,0.07,1911,0.9765625,RETURNED
3,1,256,0.890625,0,63.91,0.19,63.61,0.11,1908,0.625,RETURNED
3,1,256,0.93359375,1,64.04,0.11,63.83,0.1,1907,0.8515625,RETURNED
3,1,256,0.9765625,2,63.86,0.1,63.64,0.12,1909,0.96484375,RETURNED
3,1,256,0.9921875,3,64.2,0.25,63.85,0.1,1914,0.984375,RETURNED
3,1,256,0.984375,4,63.62,0.14,63.36,0.12,1899,0.97265625,RETURNED
3,2,256,0.90625,0,31.86,0.09,31.64,0.13,1908,0.6171875,RETURNED
3,2,256,0.8984375,1,31.92,0.12,31.66,0.14,1907,0.62109375,RETURNED
3,2,256,0.94140625,2,32.03,0.19,31.69,0.15,1909,0.8046875,RETURNED
3,2,256,0.984375,3,32.16,0.18,31.88,0.09,1914,0.94140625,RETURNED
3,2,256,0.97265625,4,31.74,0.13,31.55,0.07,1899,0.9765625,RETURNED
3,2,256,0.98046875,5,31.99,0.11,31.77,0.11,1914,0.95703125,RETURNED
3,2,256,0.9609375,6,32.19,0.22,31.97,0.0,1918,0.8984375,LOST
3,2,256,0.984375,7,31.82,0.12,31.62,0.08,1903,0.9765625,RETURNED
3,2,256,0.98828125,8,31.93,0.12,31.8,0.0,1916,0.98046875,LOST
3,2,256,1.0,9,19.13,0.22,18.77,0.14,1134,0.9921875,RETURNED
3,3,256,0.9140625,0,33.34,0.26,32.87,0.2,1908,0.6328125,RETURNED
3,3,256,0.96875,1,32.91,0.11,32.68,0.12,1907,0.9140625,RETURNED
3,3,256,0.95703125,2,33.27,0.44,32.71,0.11,1909,0.890625,RETURNED
3,3,256,0.97265625,3,33.23,0.17,32.86,0.2,1914,0.94140625,RETURNED
3,3,256,0.96875,4,32.96,0.11,32.68,0.17,1899,0.9765625,RETURNED
3,3,256,0.96875,5,33.2,0.11,33.0,0.09,1914,0.9609375,RETURNED
3,3,256,0.98828125,6,33.13,0.1,33.03,0.0,1918,0.9765625,LOST
3,3,256,0.98046875,7,32.97,0.17,32.72,0.08,1903,0.97265625,RETURNED
3,3,256,0.98828125,8,33.0,0.11,32.88,0.0,1916,0.9765625,LOST
3,3,256,0.984375,9,33.13,0.17,32.87,0.08,1911,0.9765625,RETURNED
4,207.93,0.26
4,0,256,0.921875,0,30.44,0.14,30.2,0.1,1908,0.61328125,RETURNED
4,0,256,0.95703125,1,30.58,0.12,30.37,0.09,1907,0.8671875,RETURNED
4,0,256,0.9765625,2,30.5,0.13,30.26,0.1,1909,0.95703125,RETURNED
4,0,256,0.9921875,3,30.53,0.09,30.32,0.12,1914,0.98046875,RETURNED
4,0,256,0.97265625,4,30.34,0.12,30.12,0.1,1899,0.94921875,RETURNED
4,0,256,1.0,5,1.98,0.16,1.7,0.12,108,0.99609375,RETURNED
4,1,256,0.91015625,0,61.95,0.13,61.72,0.1,1908,0.6171875,RETURNED
4,1,256,0.96875,1,61.81,0.14,61.53,0.14,1907,0.94921875,RETURNED
4,1,256,0.96484375,2,61.87,0.11,61.58,0.18,1909,0.9375,RETURNED
4,2,256,0.9140625,0,30.33,0.11,30.15,0.08,1908,0.61328125,RETURNED
4,2,256,0.8828125,1,30.46,0.11,30.23,0.12,1907,0.62109375,RETURNED
4,2,256,0.94921875,2,30.49,0.25,30.13,0.11,1909,0.90625,RETURNED
4,2,256,0.97265625,3,30.45,0.12,30.23,0.1,1914,0.94140625,RETURNED
4,2,256,0.984375,4,30.3,0.21,30.02,0.08,1899,0.9765625,RETURNED
4,2,256,0.97265625,5,30.45,0.13,30.19,0.14,1914,0.95703125,RETURNED
4,3,256,0.8984375,0,30.54,0.15,30.17,0.22,1908,0.62109375,RETURNED
4,3,256,0.94921875,1,30.45,0.13,30.25,0.08,1907,0.90625,RETURNED
4,3,256,0.9609375,2,30.54,0.28,30.18,0.08,1909,0.9140625,RETURNED
4,3,256,0.98828125,3,30.52,0.16,30.26,0.1,1914,0.97265625,RETURNED
4,3,256,0.9765625,4,30.26,0.11,30.04,0.11,1899,0.96875,RETURNED
4,3,256,0.98828125,5,30.45,0.1,30.19,0.16,1914,0.96484375,RETURNED
5,214.50,0.28
5,0,256,0.9296875,0,40.63,0.11,30.38,10.14,1908,0.625,RETURNED
5,0,256,0.9609375,1,30.44,0.12,30.23,0.1,1907,0.9296875,RETURNED
5,0,256,0.96875,2,30.37,0.1,30.19,0.08,1909,0.9296875,RETURNED
5,0,256,0.98046875,3,30.74,0.2,30.45,0.09,1914,0.94140625,RETURNED
5,0,256,0.984375,4,30.29,0.1,30.01,0.18,1899,0.9765625,RETURNED
5,0,256,0.9921875,5,30.53,0.1,30.31,0.11,1914,0.96875,RETURNED
5,1,256,0.9140625,0,40.53,0.1,30.36,10.08,1908,0.62890625,RETURNED
5,1,256,0.94140625,1,30.66,0.18,30.31,0.18,1907,0.85546875,RETURNED
5,1,256,0.9609375,2,30.5,0.12,30.21,0.17,1909,0.9375,RETURNED
5,1,256,0.98046875,3,30.71,0.14,30.45,0.12,1914,0.96875,RETURNED
5,1,256,0.9921875,4,30.55,0.26,30.17,0.12,1899,0.96875,RETURNED
5,1,256,0.9921875,5,30.55,0.09,30.37,0.09,1914,0.98046875,RETURNED
5,2,256,0.90625,0,40.53,0.09,30.34,10.1,1908,0.609375,RETURNED
5,2,256,0.93359375,1,30.52,0.12,30.28,0.12,1907,0.79296875,RETURNED
5,2,256,0.95703125,2,30.48,0.14,30.17,0.18,1909,0.9140625,RETURNED
5,2,256,0.97265625,3,30.72,0.14,30.41,0.17,1914,0.953125,RETURNED
5,2,256,0.984375,4,30.33,0.19,30.07,0.07,1899,0.95703125,RETURNED
5,2,256,1.0,5,12.57,0.14,12.17,0.26,765,0.99609375,RETURNED
5,3,256,0.9140625,0,40.47,0.16,30.17,10.13,1908,0.61328125,RETURNED
5,3,256,0.90234375,1,30.4,0.14,30.17,0.09,1907,0.62890625,RETURNED
5,3,256,0.94140625,2,30.34,0.19,30.07,0.08,1909,0.8671875,RETURNED
5,3,256,0.9765625,3,30.73,0.2,30.34,0.19,1914,0.94140625,RETURNED
5,3,256,0.9921875,4,30.31,0.15,30.0,0.16,1899,0.9765625,RETURNED
5,3,256,0.98828125,5,30.4,0.12,30.19,0.08,1914,0.98046875,RETURNED
6,211.84,0.27
6,0,256,0.91015625,0,30.39,0.2,30.11,0.08,1908,0.6328125,RETURNED
6,0,256,0.94140625,1,30.4,0.28,30.02,0.1,1907,0.8515625,RETURNED
6,0,256,0.95703125,2,40.62,0.18,30.23,10.21,1909,0.88671875,RETURNED
6,0,256,0.984375,3,30.56,0.1,30.34,0.11,1914,0.97265625,RETURNED
6,0,256,0.98046875,4,30.34,0.11,30.08,0.15,1899,0.96875,RETURNED
6,1,256,0.90234375,0,30.66,0.12,30.36,0.18,1908,0.625,RETURNED
6,1,256,0.95703125,1,30.89,0.55,30.23,0.12,1907,0.859375,RETURNED
6,1,256,0.97265625,2,30.76,0.16,30.46,0.14,1909,0.9453125,RETURNED
6,1,256,0.94921875,3,35.29,0.11,35.09,0.09,1914,0.90234375,RETURNED
6,1,256,0.98046875,4,30.54,0.16,30.31,0.07,1899,0.92578125,RETURNED
6,1,256,1.0,5,2.63,0.11,2.41,0.11,152,0.98828125,RETURNED
6,2,256,0.8984375,0,30.5,0.1,30.16,0.24,1908,0.60546875,RETURNED
6,2,256,0.94921875,1,30.24,0.1,30.06,0.07,1907,0.90234375,RETURNED
6,2,256,0.9609375,2,32.19,0.18,31.94,0.07,1909,0.94921875,RETURNED
6,2,256,0.9609375,3,57.17,0.19,56.63,0.35,1914,0.921875,RETURNED
6,2,256,0.984375,4,42.37,0.25,42.06,0.07,1899,0.984375,RETURNED
6,3,256,0.90625,0,30.62,0.15,30.39,0.08,1908,0.62109375,RETURNED
6,3,256,0.953125,1,30.46,0.15,30.23,0.07,1907,0.890625,RETURNED
6,3,256,0.94921875,2,30.9,0.22,30.56,0.12,1909,0.84375,RETURNED
6,3,256,0.95703125,3,30.83,0.1,30.63,0.1,1914,0.94140625,RETURNED
6,3,256,0.96484375,4,30.74,0.2,30.43,0.11,1899,0.9453125,RETURNED
6,3,256,0.96875,5,30.93,0.27,30.49,0.17,1914,0.95703125,RETURNED
7,283.77,0.27
7,0,256,0.91796875,0,32.73,0.3,32.33,0.1,1908,0.6328125,RETURNED
7,0,256,0.96484375,1,32.72,0.14,32.45,0.13,1907,0.875,RETURNED
7,0,256,0.9609375,2,32.6,0.2,32.27,0.13,1909,0.90625,RETURNED
7,0,256,0.98828125,3,32.77,0.11,32.44,0.22,1914,0.9609375,RETURNED
7,0,256,0.984375,4,32.6,0.15,32.14,0.31,1899,0.95703125,RETURNED
7,0,256,0.984375,5,32.72,0.1,32.55,0.07,1914,0.9765625,RETURNED
7,0,256,0.9765625,6,32.7,0.15,32.54,0.0,1918,0.96875,LOST
7,0,256,0.98046875,7,32.4,0.12,32.21,0.07,1903,0.94921875,RETURNED
7,1,256,0.91796875,0,32.41,0.18,32.09,0.13,1908,0.62109375,RETURNED
7,1,256,0.9296875,1,32.59,0.22,32.17,0.2,1907,0.61328125,RETURNED
7,1,256,0.9375,2,32.53,0.2,32.2,0.14,1909,0.8671875,RETURNED
7,1,256,0.9609375,3,32.45,0.12,32.25,0.07,1914,0.84765625,RETURNED
7,1,256,0.9765625,4,32.21,0.11,31.97,0.13,1899,0.9609375,RETURNED
7,1,256,0.953125,5,32.72,0.17,32.43,0.12,1914,0.90625,RETURNED
7,1,256,0.9921875,6,32.45,0.11,32.34,0.0,1918,0.984375,LOST
7,1,256,0.99609375,7,32.47,0.35,32.0,0.13,1903,0.9765625,RETURNED
7,2,256,0.90625,0,32.43,0.17,32.16,0.1,1908,0.63671875,RETURNED
7,2,256,0.90234375,1,32.57,0.21,32.26,0.1,1907,0.62109375,RETURNED
7,2,256,0.96484375,2,32.38,0.16,32.12,0.1,1909,0.90234375,RETURNED
7,2,256,0.94921875,3,32.49,0.12,32.3,0.08,1914,0.90234375,RETURNED
7,2,256,0.984375,4,32.26,0.11,32.0,0.16,1899,0.95703125,RETURNED
7,2,256,0.98046875,5,32.73,0.16,32.42,0.15,1914,0.9609375,RETURNED
7,2,256,0.96484375,6,32.4,0.1,32.3,0.0,1918,0.96484375,LOST
7,2,256,1.0,7,31.96,0.12,31.7,0.14,1888,0.9765625,RETURNED
7,3,256,0.91796875,0,65.6,0.2,65.13,0.27,1908,0.6171875,RETURNED
7,3,256,0.9609375,1,65.5,0.21,65.04,0.25,1907,0.92578125,RETURNED
7,3,256,0.984375,2,65.82,0.11,65.3,0.42,1909,0.9609375,RETURNED
7,3,256,0.984375,3,65.79,0.19,65.45,0.14,1914,0.98828125,RETURNED
8,205.56,0.26
8,0,256,0.89453125,0,30.42,0.24,30.07,0.11,1908,0.62109375,RETURNED
8,0,256,0.93359375,1,30.28,0.11,29.94,0.22,1907,0.82421875,RETURNED
8,0,256,0.97265625,2,30.36,0.18,30.02,0.17,1909,0.92578125,RETURNED
8,0,256,0.95703125,3,30.53,0.11,30.18,0.24,1914,0.93359375,RETURNED
8,0,256,0.98046875,4,30.39,0.31,29.92,0.16,1899,0.96875,RETURNED
8,0,256,0.98046875,5,30.5,0.13,30.26,0.11,1914,0.9765625,RETURNED
8,1,256,0.90625,0,60.82,0.13,60.41,0.29,1908,0.61328125,RETURNED
8,1,256,0.95703125,1,60.88,0.25,60.43,0.2,1907,0.91796875,RETURNED
8,1,256,0.98828125,2,60.86,0.12,60.6,0.13,1909,0.97265625,RETURNED
8,2,256,0.90625,0,30.53,0.17,30.21,0.15,1908,0.625,RETURNED
8,2,256,0.93359375,1,30.96,0.11,30.06,0.79,1907,0.8046875,RETURNED
8,2,256,0.95703125,2,30.71,0.13,30.15,0.43,1909,0.9140625,RETURNED
8,2,256,0.984375,3,30.55,0.13,30.27,0.14,1914,0.96875,RETURNED
8,2,256,0.984375,4,30.4,0.17,30.04,0.19,1899,0.95703125,RETURNED
8,2,256,1.0,5,7.34,0.26,6.92,0.17,437,0.984375,RETURNED
8,3,256,0.921875,0,30.53,0.13,30.26,0.13,1908,0.65625,RETURNED
8,3,256,0.96875,1,30.35,0.12,30.09,0.14,1907,0.91796875,RETURNED
8,3,256,0.921875,2,30.43,0.14,30.21,0.08,1909,0.8359375,RETURNED
8,3,256,0.953125,3,30.72,0.17,30.3,0.25,1914,0.93359375,RETURNED
8,3,256,0.98828125,4,30.43,0.29,30.07,0.08,1899,0.97265625,RETURNED
8,3,256,0.97265625,5,30.69,0.19,30.39,0.11,1914,0.9296875,RETURNED
9,273.91,0.29
9,0,256,0.8984375,0,30.74,0.13,30.51,0.1,1908,0.62890625,RETURNED
9,0,256,0.953125,1,30.9,0.24,30.57,0.08,1907,0.8828125,RETURNED
9,0,256,0.97265625,2,30.82,0.12,30.54,0.16,1909,0.9453125,RETURNED
9,0,256,0.98046875,3,31.0,0.14,30.72,0.14,1914,0.96875,RETURNED
9,0,256,0.984375,4,42.98,0.17,30.29,12.53,1899,0.98046875,RETURNED
9,0,256,0.99609375,5,30.72,0.11,30.54,0.08,1914,0.98046875,RETURNED
9,0,256,0.99609375,6,30.98,0.28,30.69,0.0,1918,0.98828125,LOST
9,0,256,1.0,7,2.67,0.22,2.38,0.07,150,0.99609375,RETURNED
9,1,256,0.89453125,0,31.47,0.25,31.06,0.15,1908,0.625,RETURNED
9,1,256,0.94921875,1,31.35,0.17,31.11,0.07,1907,0.8671875,RETURNED
9,1,256,0.96484375,2,31.33,0.09,31.09,0.15,1909,0.92578125,RETURNED
9,1,256,0.98046875,3,31.41,0.13,31.15,0.12,1914,0.953125,RETURNED
9,1,256,0.98046875,4,31.2,0.2,30.91,0.09,1899,0.96875,RETURNED
9,1,256,0.9765625,5,31.28,0.15,31.0,0.13,1914,0.96484375,RETURNED
9,1,256,0.9921875,6,31.32,0.09,31.22,0.0,1918,0.98046875,LOST
9,1,256,0.9921875,7,31.03,0.12,30.84,0.07,1903,0.98828125,RETURNED
9,2,256,0.8984375,0,30.72,0.27,30.37,0.08,1908,0.625,RETURNED
9,2,256,0.95703125,1,30.71,0.17,30.45,0.08,1907,0.85546875,RETURNED
9,2,256,0.9453125,2,30.63,0.14,30.4,0.09,1909,0.8984375,RETURNED
9,2,256,0.98046875,3,30.86,0.1,30.61,0.14,1914,0.95703125,RETURNED
9,2,256,0.98046875,4,30.43,0.15,30.19,0.09,1899,0.97265625,RETURNED
9,2,256,0.984375,5,30.69,0.15,30.41,0.13,1914,0.98046875,RETURNED
9,2,256,0.99609375,6,30.73,0.13,30.6,0.0,1918,0.984375,LOST
9,2,256,0.9921875,7,30.45,0.12,30.24,0.1,1903,0.97265625,RETURNED
9,3,256,0.9140625,0,30.96,0.19,30.58,0.19,1908,0.6328125,RETURNED
9,3,256,0.9453125,1,30.88,0.17,30.63,0.08,1907,0.89453125,RETURNED
9,3,256,0.96875,2,31.49,0.78,30.56,0.15,1909,0.91015625,RETURNED
9,3,256,0.98046875,3,31.18,0.36,30.73,0.09,1914,0.96875,RETURNED
9,3,256,0.98046875,4,30.74,0.12,30.42,0.21,1899,0.9609375,RETURNED
9,3,256,0.984375,5,30.84,0.2,30.56,0.08,1914,0.9765625,RETURNED
9,3,256,0.9921875,6,31.02,0.29,30.73,0.0,1918,0.98046875,LOST
9,3,256,0.98828125,7,30.63,0.2,30.36,0.08,1903,0.98046875,RETURNED
10,242.73,0.28
10,0,256,0.90625,0,31.92,0.72,30.74,0.46,1908,0.625,RETURNED
10,0,256,0.95703125,1,30.9,0.21,30.55,0.14,1907,0.8828125,RETURNED
10,0,256,0.97265625,2,31.06,0.14,30.8,0.12,1909,0.94140625,RETURNED
10,0,256,0.96875,3,31.03,0.24,30.69,0.09,1914,0.9296875,RETURNED
10,0,256,0.98046875,4,30.79,0.18,30.45,0.15,1899,0.94921875,RETURNED
10,0,256,0.98046875,5,32.58,0.2,32.17,0.21,1914,0.96484375,RETURNED
10,0,256,0.98828125,6,30.91,0.32,30.59,0.0,1918,0.984375,LOST
10,1,256,0.94921875,0,31.6,0.7,30.79,0.11,1908,0.6171875,RETURNED
10,1,256,0.9453125,1,30.76,0.1,30.53,0.13,1907,0.85546875,RETURNED
10,1,256,0.8984375,2,31.01,0.15,30.77,0.09,1909,0.6171875,RETURNED
10,1,256,0.98046875,3,30.97,0.13,30.55,0.28,1914,0.95703125,RETURNED
10,1,256,0.98828125,4,30.9,0.25,30.57,0.08,1899,0.97265625,RETURNED
10,1,256,0.99609375,5,32.65,0.31,31.99,0.36,1914,0.9921875,RETURNED
10,1,256,1.0,6,22.29,0.11,22.18,0.0,1371,0.984375,LOST
10,2,256,0.91015625,0,31.22,0.47,30.65,0.09,1908,0.62109375,RETURNED
10,2,256,0.90625,1,30.71,0.14,30.45,0.11,1907,0.609375,RETURNED
10,2,256,0.95703125,2,31.2,0.32,30.72,0.16,1909,0.91796875,RETURNED
10,2,256,0.98046875,3,30.96,0.18,30.53,0.24,1914,0.95703125,RETURNED
10,2,256,0.984375,4,30.87,0.21,30.57,0.09,1899,0.97265625,RETURNED
10,2,256,0.9765625,5,32.25,0.16,31.94,0.16,1914,0.98046875,RETURNED
10,2,256,0.98046875,6,31.08,0.21,30.87,0.0,1918,0.97265625,LOST
10,3,256,0.91796875,0,31.83,0.32,31.26,0.26,1908,0.62109375,RETURNED
10,3,256,0.9375,1,31.37,0.22,31.05,0.11,1907,0.890625,RETURNED
10,3,256,0.9453125,2,34.14,0.16,33.53,0.45,1909,0.85546875,RETURNED
10,3,256,0.98828125,3,31.82,0.22,31.27,0.33,1914,0.96875,RETURNED
10,3,256,0.9921875,4,31.25,0.14,31.0,0.11,1899,0.98046875,RETURNED
10,3,256,0.96484375,5,32.94,0.09,32.77,0.08,1914,0.9375,RETURNED
10,3,256,0.9921875,6,31.87,0.66,31.21,0.0,1918,0.984375,LOST
11,358.76,0.28
11,0,256,0.91796875,0,30.42,0.25,30.09,0.07,1908,0.61328125,RETURNED
11,0,256,0.94140625,1,30.42,0.18,30.15,0.09,1907,0.796875,RETURNED
11,0,256,0.97265625,2,30.46,0.19,30.13,0.14,1909,0.9140625,RETURNED
11,0,256,0.984375,3,30.62,0.19,30.29,0.13,1914,0.97265625,RETURNED
11,0,256,0.984375,4,30.2,0.11,30.0,0.08,1899,0.96875,RETURNED
11,0,256,0.98828125,5,30.48,0.11,30.27,0.11,1914,0.9609375,RETURNED
11,0,256,0.984375,6,30.55,0.1,30.44,0.0,1918,0.98046875,LOST
11,0,256,0.9765625,7,30.35,0.13,30.16,0.07,1903,0.9609375,RETURNED
11,0,256,0.98046875,8,30.33,0.12,30.2,0.0,1916,0.9609375,LOST
11,0,256,0.98828125,9,30.38,0.13,30.17,0.08,1911,0.97265625,RETURNED
11,0,256,0.9921875,10,30.65,0.3,30.2,0.15,1921,0.984375,RETURNED
11,1,256,0.92578125,0,30.59,0.26,30.16,0.17,1908,0.625,RETURNED
11,1,256,0.90625,1,30.39,0.11,30.18,0.1,1907,0.65234375,RETURNED
11,1,256,0.9453125,2,30.41,0.1,30.23,0.08,1909,0.90234375,RETURNED
11,1,256,0.9609375,3,30.52,0.1,30.33,0.09,1914,0.9453125,RETURNED
11,1,256,0.96875,4,30.4,0.25,30.06,0.08,1899,0.9453125,RETURNED
11,1,256,0.99609375,5,32.12,1.64,30.32,0.16,1914,0.984375,RETURNED
11,1,256,0.98828125,6,30.52,0.12,30.41,0.0,1918,0.9609375,LOST
11,1,256,0.984375,7,30.39,0.16,30.15,0.08,1903,0.97265625,RETURNED
11,1,256,0.98828125,8,30.49,0.22,30.28,0.0,1916,0.984375,LOST
11,1,256,0.984375,9,30.64,0.11,30.17,0.36,1911,0.984375,RETURNED
11,1,256,0.9921875,10,30.41,0.12,30.22,0.07,1921,0.984375,RETURNED
11,2,256,0.91796875,0,30.81,0.57,30.14,0.11,1908,0.6171875,RETURNED
11,2,256,0.93359375,1,30.71,0.25,30.2,0.26,1907,0.82421875,RETURNED
11,2,256,0.9609375,2,30.44,0.11,30.17,0.16,1909,0.953125,RETURNED
11,2,256,0.98046875,3,30.66,0.1,30.34,0.21,1914,0.96875,RETURNED
11,2,256,0.984375,4,30.39,0.25,30.01,0.13,1899,0.9609375,RETURNED
11,2,256,0.96484375,5,30.62,0.1,30.33,0.18,1914,0.94140625,RETURNED
11,2,256,0.96875,6,30.59,0.21,30.38,0.0,1918,0.9375,LOST
11,2,256,0.96875,7,30.5,0.16,30.16,0.18,1903,0.9765625,RETURNED
11,2,256,0.9921875,8,30.35,0.11,30.24,0.0,1916,0.9921875,LOST
11,2,256,0.99609375,9,30.42,0.13,30.18,0.11,1911,0.98828125,RETURNED
11,2,256,0.984375,10,30.58,0.23,30.22,0.14,1921,0.984375,RETURNED
11,3,256,0.921875,0,30.57,0.27,30.2,0.1,1908,0.6328125,RETURNED
11,3,256,0.953125,1,30.67,0.18,30.3,0.18,1907,0.73046875,RETURNED
11,3,256,0.95703125,2,30.49,0.16,30.25,0.09,1909,0.91796875,RETURNED
11,3,256,0.9375,3,30.69,0.17,30.42,0.1,1914,0.89453125,RETURNED
11,3,256,0.96484375,4,30.56,0.11,30.09,0.35,1899,0.94140625,RETURNED
11,3,256,0.9765625,5,30.65,0.13,30.4,0.12,1914,0.953125,RETURNED
11,3,256,0.9921875,6,30.72,0.26,30.46,0.0,1918,0.9765625,LOST
11,3,256,0.984375,7,30.46,0.1,30.25,0.11,1903,0.96484375,RETURNED
11,3,256,0.99609375,8,30.39,0.1,30.29,0.0,1916,0.98046875,LOST
11,3,256,0.99609375,9,30.5,0.11,30.26,0.13,1911,0.984375,RETURNED
11,3,256,1.0,10,3.31,0.18,3.06,0.08,193,0.99609375,RETURNED
12,207.39,0.30
12,0,256,0.90625,0,31.68,1.27,30.29,0.11,1908,0.61328125,RETURNED
12,0,256,0.9453125,1,30.39,0.1,30.2,0.09,1907,0.90234375,RETURNED
12,0,256,0.953125,2,30.47,0.15,30.13,0.18,1909,0.90234375,RETURNED
12,0,256,0.96484375,3,30.62,0.11,30.42,0.09,1914,0.94140625,RETURNED
12,0,256,0.98828125,4,30.46,0.2,30.16,0.1,1899,0.98046875,RETURNED
12,0,256,0.9921875,5,30.6,0.17,30.34,0.09,1914,0.9765625,RETURNED
12,1,256,0.91015625,0,30.89,0.14,30.66,0.09,1908,0.65625,RETURNED
12,1,256,0.91796875,1,30.85,0.17,30.53,0.15,1907,0.61328125,RETURNED
12,1,256,0.96484375,2,30.75,0.16,30.47,0.12,1909,0.91015625,RETURNED
12,1,256,0.97265625,3,30.95,0.1,30.77,0.08,1914,0.953125,RETURNED
12,1,256,0.9765625,4,30.9,0.21,30.55,0.14,1899,0.95703125,RETURNED
12,1,256,0.984375,5,30.99,0.12,30.69,0.18,1914,0.9765625,RETURNED
12,2,256,0.90234375,0,31.96,1.36,30.45,0.15,1908,0.62109375,RETURNED
12,2,256,0.93359375,1,30.73,0.25,30.39,0.09,1907,0.87109375,RETURNED
12,2,256,0.98046875,2,30.65,0.22,30.32,0.11,1909,0.94140625,RETURNED
12,2,256,0.95703125,3,30.84,0.11,30.61,0.12,1914,0.9140625,RETURNED
12,2,256,0.9921875,4,30.55,0.13,30.31,0.11,1899,0.97265625,RETURNED
12,2,256,1.0,5,2.8,0.28,2.41,0.1,152,0.9921875,RETURNED
12,3,256,0.90234375,0,30.76,0.18,30.48,0.1,1908,0.640625,RETURNED
12,3,256,0.91796875,1,30.55,0.14,30.28,0.13,1907,0.62890625,RETURNED
12,3,256,0.95703125,2,30.64,0.26,30.22,0.16,1909,0.90234375,RETURNED
12,3,256,0.95703125,3,30.75,0.15,30.51,0.09,1914,0.93359375,RETURNED
12,3,256,0.96484375,4,30.51,0.11,30.28,0.12,1899,0.9609375,RETURNED
12,3,256,0.984375,5,30.72,0.2,30.41,0.1,1914,0.96875,RETURNED
13,297.69,0.27
13,0,256,0.8984375,0,61.28,0.2,60.93,0.16,1908,0.62109375,RETURNED
13,0,256,0.9609375,1,61.84,0.33,61.35,0.16,1907,0.9296875,RETURNED
13,0,256,0.98046875,2,61.02,0.17,60.75,0.1,1909,0.9765625,RETURNED
13,0,256,0.984375,3,61.16,0.1,60.93,0.12,1914,0.9765625,RETURNED
13,1,256,0.89453125,0,30.9,0.38,30.35,0.16,1908,0.62109375,RETURNED
13,1,256,0.94140625,1,30.64,0.28,30.23,0.13,1907,0.8984375,RETURNED
13,1,256,0.97265625,2,30.69,0.17,30.42,0.1,1909,0.93359375,RETURNED
13,1,256,0.96484375,3,30.74,0.13,30.42,0.2,1914,0.95703125,RETURNED
13,1,256,0.9921875,4,30.56,0.16,30.1,0.29,1899,0.98046875,RETURNED
13,1,256,0.98828125,5,30.56,0.18,30.28,0.1,1914,0.98046875,RETURNED
13,1,256,0.98828125,6,30.52,0.13,30.39,0.0,1918,0.984375,LOST
13,1,256,0.9921875,7,30.37,0.12,30.06,0.19,1903,0.984375,RETURNED
13,1,256,1.0,8,14.72,0.11,14.51,0.1,921,0.99609375,RETURNED
13,2,256,0.8984375,0,30.62,0.33,30.18,0.11,1908,0.63671875,RETURNED
13,2,256,0.9140625,1,30.48,0.23,30.13,0.11,1907,0.61328125,RETURNED
13,2,256,0.96484375,2,30.55,0.13,30.22,0.2,1909,0.9140625,RETURNED
13,2,256,0.9765625,3,30.78,0.29,30.31,0.19,1914,0.9453125,RETURNED
13,2,256,0.98828125,4,30.18,0.17,29.92,0.08,1899,0.97265625,RETURNED
13,2,256,0.98046875,5,30.61,0.22,30.17,0.22,1914,0.9765625,RETURNED
13,2,256,0.9921875,6,30.38,0.15,30.23,0.0,1918,0.96875,LOST
13,2,256,0.98828125,7,30.28,0.13,30.0,0.15,1903,0.96875,RETURNED
13,2,256,1.0,8,1.54,0.15,1.32,0.08,84,0.99609375,RETURNED
13,3,256,0.92578125,0,30.56,0.14,30.33,0.09,1908,0.62109375,RETURNED
13,3,256,0.95703125,1,30.5,0.13,30.25,0.11,1907,0.8984375,RETURNED
13,3,256,0.94921875,2,30.59,0.1,30.34,0.16,1909,0.90234375,RETURNED
13,3,256,0.9765625,3,30.91,0.23,30.48,0.21,1914,0.9453125,RETURNED
13,3,256,0.98828125,4,30.63,0.35,30.07,0.21,1899,0.96875,RETURNED
13,3,256,0.99609375,5,30.71,0.29,30.29,0.13,1914,0.98046875,RETURNED
13,3,256,0.9921875,6,30.49,0.14,30.35,0.0,1918,0.98828125,LOST
13,3,256,0.99609375,7,30.34,0.18,30.08,0.08,1903,0.9921875,RETURNED
13,3,256,0.99609375,8,31.4,1.32,30.08,0.0,1916,0.9921875,LOST
14,281.41,0.59
14,0,256,0.9140625,0,32.23,0.18,31.9,0.15,1908,0.62109375,RETURNED
14,0,256,0.9296875,1,31.99,0.27,31.6,0.12,1907,0.8515625,RETURNED
14,0,256,0.98046875,2,31.75,0.1,31.56,0.09,1909,0.9296875,RETURNED
14,0,256,0.98046875,3,32.07,0.18,31.81,0.08,1914,0.953125,RETURNED
14,0,256,0.984375,4,32.02,0.19,31.67,0.17,1899,0.96875,RETURNED
14,0,256,0.9921875,5,32.1,0.31,31.66,0.13,1914,0.9765625,RETURNED
14,0,256,0.99609375,6,31.94,0.11,31.83,0.0,1918,0.9921875,LOST
14,0,256,0.98828125,7,32.37,0.2,31.42,0.75,1903,0.984375,RETURNED
14,1,256,0.9140625,0,32.06,0.15,31.81,0.1,1908,0.6171875,RETURNED
14,1,256,0.96875,1,32.13,0.17,31.66,0.3,1907,0.8515625,RETURNED
14,1,256,0.90625,2,31.92,0.12,31.7,0.1,1909,0.61328125,RETURNED
14,1,256,0.9765625,3,32.14,0.21,31.84,0.08,1914,0.95703125,RETURNED
14,1,256,0.98828125,4,31.85,0.16,31.6,0.09,1899,0.98046875,RETURNED
14,1,256,0.9921875,5,32.08,0.3,31.71,0.07,1914,0.984375,RETURNED
14,1,256,0.99609375,6,32.07,0.14,31.93,0.0,1918,0.98046875,LOST
14,1,256,1.0,7,23.37,0.09,23.19,0.09,1398,0.9921875,RETURNED
14,2,256,0.890625,0,32.19,0.16,31.9,0.12,1908,0.61328125,RETURNED
14,2,256,0.8984375,1,32.13,0.15,31.82,0.16,1907,0.609375,RETURNED
14,2,256,0.9765625,2,32.46,0.46,31.91,0.08,1909,0.9296875,RETURNED
14,2,256,0.953125,3,32.44,0.39,31.96,0.09,1914,0.9140625,RETURNED
14,2,256,0.98046875,4,31.93,0.11,31.75,0.07,1899,0.9609375,RETURNED
14,2,256,0.984375,5,32.14,0.11,31.85,0.18,1914,0.9609375,RETURNED
14,2,256,0.99609375,6,32.3,0.11,32.19,0.0,1918,0.98046875,LOST
14,2,256,1.0,7,23.48,0.22,23.2,0.07,1398,0.9921875,RETURNED
14,3,256,0.9140625,0,65.0,0.15,64.76,0.1,1908,0.62890625,RETURNED
14,3,256,0.97265625,1,64.62,0.17,64.36,0.09,1907,0.96875,RETURNED
14,3,256,0.98046875,2,64.94,0.11,64.63,0.2,1909,0.9765625,RETURNED
14,3,256,0.98828125,3,65.21,0.28,64.83,0.09,1914,0.984375,RETURNED
15,267.59,0.30
15,0,256,0.890625,0,30.3,0.26,29.96,0.08,1908,0.62890625,RETURNED
15,0,256,0.921875,1,30.56,0.47,29.9,0.19,1907,0.6171875,RETURNED
15,0,256,0.953125,2,30.14,0.15,29.9,0.09,1909,0.90234375,RETURNED
15,0,256,0.97265625,3,30.57,0.25,30.19,0.13,1914,0.9375,RETURNED
15,0,256,0.97265625,4,29.98,0.14,29.76,0.08,1899,0.94140625,RETURNED
15,0,256,0.97265625,5,30.31,0.12,30.08,0.12,1914,0.953125,RETURNED
15,0,256,1.0,6,19.24,0.25,18.91,0.08,1205,0.98046875,RETURNED
15,1,256,0.89453125,0,61.29,0.28,60.91,0.1,1908,0.625,RETURNED
15,1,256,0.96484375,1,61.18,0.13,60.87,0.17,1907,0.921875,RETURNED
15,1,256,0.984375,2,61.25,0.12,60.87,0.26,1909,0.9765625,RETURNED
15,1,256,0.9765625,3,60.92,0.13,60.69,0.1,1914,0.97265625,RETURNED
15,2,256,0.91796875,0,30.46,0.1,30.24,0.11,1908,0.609375,RETURNED
15,2,256,0.96484375,1,30.62,0.39,30.12,0.11,1907,0.91796875,RETURNED
15,2,256,0.96484375,2,30.36,0.12,30.11,0.14,1909,0.91796875,RETURNED
15,2,256,0.9765625,3,30.72,0.09,30.5,0.13,1914,0.96484375,RETURNED
15,2,256,0.9765625,4,30.7,0.16,29.98,0.56,1899,0.9609375,RETURNED
15,2,256,0.96484375,5,30.73,0.18,30.31,0.23,1914,0.91015625,RETURNED
15,2,256,0.9765625,6,30.39,0.15,30.25,0.0,1918,0.96484375,LOST
15,3,256,0.91796875,0,30.71,0.19,30.27,0.25,1908,0.6484375,RETURNED
15,3,256,0.92578125,1,30.62,0.24,30.23,0.15,1907,0.61328125,RETURNED
15,3,256,0.97265625,2,30.92,0.15,30.26,0.51,1909,0.953125,RETURNED
15,3,256,0.98046875,3,31.07,0.31,30.59,0.16,1914,0.95703125,RETURNED
15,3,256,0.97265625,4,30.49,0.16,30.09,0.23,1899,0.9609375,RETURNED
15,3,256,0.98828125,5,30.65,0.11,30.43,0.11,1914,0.9765625,RETURNED
15,3,256,0.98828125,6,30.53,0.13,30.41,0.0,1918,0.9765625,LOST
16,238.97,0.27
16,0,256,0.92578125,0,30.98,0.12,30.75,0.1,1908,0.625,RETURNED
16,0,256,0.91015625,1,31.43,0.17,30.62,0.64,1907,0.609375,RETURNED
16,0,256,0.9609375,2,30.84,0.11,30.63,0.1,1909,0.90234375,RETURNED
16,0,256,0.98828125,3,31.27,0.44,30.73,0.11,1914,0.96875,RETURNED
16,0,256,0.99609375,4,30.88,0.1,30.65,0.13,1899,0.9921875,RETURNED
16,0,256,0.99609375,5,31.87,0.25,31.43,0.18,1914,0.9921875,RETURNED
16,0,256,1.0,6,11.31,0.19,11.12,0.0,693,0.99609375,LOST
16,1,256,0.90234375,0,31.14,0.19,30.57,0.39,1908,0.61328125,RETURNED
16,1,256,0.95703125,1,30.64,0.1,30.43,0.11,1907,0.84765625,RETURNED
16,1,256,0.95703125,2,30.72,0.14,30.46,0.12,1909,0.88671875,RETURNED
16,1,256,0.98046875,3,30.94,0.17,30.63,0.15,1914,0.94140625,RETURNED
16,1,256,0.97265625,4,30.89,0.13,30.47,0.29,1899,0.953125,RETURNED
16,1,256,0.99609375,5,31.5,0.49,30.78,0.24,1914,0.98046875,RETURNED
16,1,256,1.0,6,1.46,0.18,1.19,0.08,75,0.99609375,RETURNED
16,2,256,0.9140625,0,30.96,0.18,30.68,0.09,1908,0.6171875,RETURNED
16,2,256,0.91796875,1,30.84,0.17,30.59,0.09,1907,0.86328125,RETURNED
16,2,256,0.9765625,2,30.85,0.17,30.58,0.1,1909,0.953125,RETURNED
16,2,256,0.98046875,3,31.03,0.2,30.69,0.14,1914,0.94921875,RETURNED
16,2,256,0.9765625,4,31.07,0.34,30.6,0.14,1899,0.94921875,RETURNED
16,2,256,0.99609375,5,31.13,0.14,30.85,0.13,1914,0.9921875,RETURNED
16,2,256,0.9921875,6,30.89,0.12,30.77,0.0,1918,0.9921875,LOST
16,3,256,0.91015625,0,30.9,0.12,30.61,0.17,1908,0.609375,RETURNED
16,3,256,0.94921875,1,30.84,0.18,30.49,0.17,1907,0.86328125,RETURNED
16,3,256,0.94921875,2,30.75,0.09,30.5,0.17,1909,0.8359375,RETURNED
16,3,256,0.98046875,3,30.89,0.17,30.62,0.1,1914,0.9375,RETURNED
16,3,256,0.9921875,4,31.28,0.16,30.54,0.58,1899,0.96875,RETURNED
16,3,256,0.9921875,5,31.06,0.16,30.77,0.13,1914,0.98046875,RETURNED
16,3,256,1.0,6,11.57,0.11,11.33,0.12,707,0.98828125,RETURNED
17,267.08,0.26
17,0,256,0.92578125,0,60.9,0.13,60.63,0.14,1908,0.60546875,RETURNED
17,0,256,0.9296875,1,61.54,0.18,61.01,0.35,1907,0.8671875,RETURNED
17,0,256,0.96875,2,61.02,0.23,60.68,0.11,1909,0.96484375,RETURNED
17,0,256,0.99609375,3,60.83,0.1,60.54,0.19,1914,0.99609375,RETURNED
17,1,256,0.8984375,0,30.57,0.13,30.33,0.1,1908,0.61328125,RETURNED
17,1,256,0.91796875,1,30.52,0.23,30.16,0.13,1907,0.625,RETURNED
17,1,256,0.94140625,2,30.65,0.19,30.36,0.1,1909,0.84375,RETURNED
17,1,256,0.95703125,3,30.75,0.11,30.53,0.11,1914,0.88671875,RETURNED
17,1,256,0.96484375,4,30.59,0.16,30.11,0.32,1899,0.9453125,RETURNED
17,1,256,0.96484375,5,30.63,0.13,30.28,0.22,1914,0.90234375,RETURNED
17,1,256,0.98828125,6,30.65,0.11,30.54,0.0,1918,0.96875,LOST
17,2,256,0.8984375,0,30.71,0.11,30.52,0.08,1908,0.62890625,RETURNED
17,2,256,0.90234375,1,30.6,0.12,30.35,0.14,1907,0.62109375,RETURNED
17,2,256,0.9453125,2,30.9,0.12,30.51,0.27,1909,0.87109375,RETURNED
17,2,256,0.96484375,3,31.05,0.15,30.67,0.23,1914,0.9375,RETURNED
17,2,256,0.98828125,4,30.49,0.13,30.26,0.1,1899,0.94921875,RETURNED
17,2,256,0.99609375,5,30.81,0.14,30.47,0.2,1914,0.98828125,RETURNED
17,2,256,0.984375,6,30.83,0.12,30.71,0.0,1918,0.98046875,LOST
17,3,256,0.90234375,0,30.81,0.15,30.52,0.14,1908,0.6171875,RETURNED
17,3,256,0.91796875,1,30.64,0.21,30.35,0.08,1907,0.8515625,RETURNED
17,3,256,0.94140625,2,30.84,0.14,30.52,0.17,1909,0.90625,RETURNED
17,3,256,0.96875,3,31.0,0.13,30.7,0.17,1914,0.9453125,RETURNED
17,3,256,0.98828125,4,30.47,0.12,30.27,0.08,1899,0.95703125,RETURNED
17,3,256,0.9921875,5,30.76,0.15,30.46,0.15,1914,0.98828125,RETURNED
17,3,256,1.0,6,29.69,0.12,29.47,0.11,1843,0.984375,RETURNED
18,176.01,0.31
18,0,256,0.921875,0,30.99,0.27,30.63,0.08,1908,0.62109375,RETURNED
18,0,256,0.9140625,1,30.9,0.13,30.7,0.07,1907,0.62890625,RETURNED
18,0,256,0.97265625,2,30.81,0.12,30.59,0.11,1909,0.94140625,RETURNED
18,0,256,0.99609375,3,31.1,0.16,30.72,0.22,1914,0.9921875,RETURNED
18,0,256,0.99609375,4,30.61,0.13,30.4,0.08,1899,0.99609375,RETURNED
18,1,256,0.890625,0,30.88,0.24,30.54,0.1,1908,0.62890625,RETURNED
18,1,256,0.91015625,1,30.92,0.18,30.67,0.07,1907,0.63671875,RETURNED
18,1,256,0.94140625,2,30.87,0.12,30.57,0.18,1909,0.89453125,RETURNED
18,1,256,0.99609375,3,31.06,0.13,30.72,0.22,1914,0.9921875,RETURNED
18,1,256,0.99609375,4,30.58,0.14,30.33,0.11,1899,0.9921875,RETURNED
18,2,256,0.921875,0,30.75,0.13,30.53,0.09,1908,0.625,RETURNED
18,2,256,0.96484375,1,30.91,0.18,30.58,0.15,1907,0.921875,RETURNED
18,2,256,0.9921875,2,30.72,0.11,30.5,0.11,1909,0.96484375,RETURNED
18,2,256,0.94921875,3,30.89,0.13,30.69,0.07,1914,0.91015625,RETURNED
18,2,256,1.0,4,19.77,0.1,19.59,0.07,1229,0.98828125,RETURNED
18,3,256,0.89453125,0,30.71,0.15,30.48,0.09,1908,0.62109375,RETURNED
18,3,256,0.9609375,1,30.76,0.1,30.58,0.09,1907,0.921875,RETURNED
18,3,256,0.97265625,2,30.84,0.24,30.5,0.1,1909,0.91015625,RETURNED
18,3,256,0.984375,3,31.01,0.15,30.66,0.2,1914,0.97265625,RETURNED
18,3,256,0.98828125,4,30.51,0.13,30.26,0.12,1899,0.984375,RETURNED
19,352.56,0.27
19,0,256,0.8984375,0,32.51,0.14,32.3,0.08,1908,0.62109375,RETURNED
19,0,256,0.96875,1,32.49,0.1,32.31,0.08,1907,0.8984375,RETURNED
19,0,256,0.9765625,2,32.9,0.48,32.23,0.19,1909,0.90625,RETURNED
19,0,256,0.9765625,3,32.7,0.15,32.47,0.07,1914,0.96875,RETURNED
19,0,256,0.984375,4,32.41,0.23,32.08,0.09,1899,0.97265625,RETURNED
19,0,256,0.984375,5,32.76,0.19,32.49,0.08,1914,0.9765625,RETURNED
19,0,256,0.9921875,6,32.66,0.18,32.48,0.0,1918,0.98828125,LOST
19,0,256,0.9921875,7,32.42,0.13,32.2,0.09,1903,0.98046875,RETURNED
19,0,256,0.9921875,8,32.5,0.21,32.28,0.0,1916,0.984375,LOST
19,0,256,0.9921875,9,32.64,0.28,32.23,0.13,1911,0.984375,RETURNED
19,1,256,0.90625,0,63.66,0.21,63.13,0.33,1908,0.625,RETURNED
19,1,256,0.9453125,1,63.94,0.59,63.27,0.09,1907,0.91015625,RETURNED
19,1,256,0.97265625,2,63.56,0.23,63.16,0.17,1909,0.953125,RETURNED
19,1,256,0.9765625,3,63.73,0.1,63.48,0.15,1914,0.98046875,RETURNED
19,1,256,0.98828125,4,63.1,0.2,62.65,0.25,1899,0.9765625,RETURNED
19,2,256,0.91015625,0,33.08,0.24,32.7,0.13,1908,0.62109375,RETURNED
19,2,256,0.91015625,1,33.01,0.14,32.77,0.1,1907,0.765625,RETURNED
19,2,256,0.94921875,2,33.04,0.16,32.77,0.11,1909,0.90625,RETURNED
19,2,256,0.9765625,3,33.19,0.11,33.0,0.08,1914,0.9609375,RETURNED
19,2,256,0.98828125,4,32.89,0.11,32.69,0.09,1899,0.9765625,RETURNED
19,2,256,0.98828125,5,33.4,0.3,32.99,0.11,1914,0.9765625,RETURNED
19,2,256,0.9921875,6,33.08,0.14,32.95,0.0,1918,0.984375,LOST
19,2,256,0.9921875,7,33.05,0.18,32.74,0.13,1903,0.98046875,RETURNED
19,2,256,0.9921875,8,32.81,0.14,32.66,0.0,1916,0.98828125,LOST
19,2,256,1.0,9,1.99,0.35,1.56,0.08,91,0.99609375,RETURNED
19,3,256,0.89453125,0,32.06,0.13,31.8,0.14,1908,0.625,RETURNED
19,3,256,0.9375,1,32.02,0.1,31.78,0.15,1907,0.82421875,RETURNED
19,3,256,0.95703125,2,32.65,0.15,31.94,0.56,1909,0.91015625,RETURNED
19,3,256,0.9765625,3,32.41,0.11,32.16,0.13,1914,0.96875,RETURNED
19,3,256,0.98046875,4,31.96,0.15,31.65,0.16,1899,0.9609375,RETURNED
19,3,256,0.96875,5,32.38,0.13,32.06,0.19,1914,0.9453125,RETURNED
19,3,256,0.9921875,6,32.21,0.18,32.03,0.0,1918,0.97265625,LOST
19,3,256,0.99609375,7,32.14,0.2,31.82,0.11,1903,0.9765625,RETURNED
19,3,256,0.9921875,8,31.92,0.18,31.74,0.0,1916,0.9921875,LOST
20,328.37,0.29
20,0,256,0.90234375,0,60.79,0.14,60.54,0.1,1908,0.62890625,RETURNED
20,0,256,0.9765625,1,60.71,0.2,60.42,0.09,1907,0.89453125,RETURNED
20,0,256,0.9765625,2,60.85,0.15,60.6,0.1,1909,0.9296875,RETURNED
20,0,256,0.98828125,3,60.9,0.12,60.64,0.14,1914,0.9765625,RETURNED
20,0,256,0.98828125,4,60.36,0.09,60.15,0.12,1899,0.9921875,RETURNED
20,1,256,0.89453125,0,30.64,0.13,30.39,0.12,1908,0.65234375,RETURNED
20,1,256,0.921875,1,30.49,0.21,30.2,0.08,1907,0.6875,RETURNED
20,1,256,0.95703125,2,30.76,0.31,30.26,0.2,1909,0.92578125,RETURNED
20,1,256,0.97265625,3,30.62,0.26,30.27,0.09,1914,0.96484375,RETURNED
20,1,256,0.98828125,4,30.42,0.14,30.21,0.07,1899,0.98046875,RETURNED
20,1,256,0.9921875,5,30.58,0.18,30.31,0.09,1914,0.98828125,RETURNED
20,1,256,0.9609375,6,30.57,0.19,30.38,0.0,1918,0.95703125,LOST
20,1,256,0.9921875,7,30.41,0.22,30.05,0.14,1903,0.98828125,RETURNED
20,1,256,0.9921875,8,30.73,0.29,30.44,0.0,1916,0.98828125,LOST
20,1,256,0.97265625,9,30.4,0.2,30.07,0.13,1911,0.9765625,RETURNED
20,2,256,0.91015625,0,30.82,0.14,30.43,0.25,1908,0.60546875,RETURNED
20,2,256,0.96484375,1,30.92,0.2,30.22,0.51,1907,0.9140625,RETURNED
20,2,256,0.95703125,2,30.65,0.24,30.3,0.1,1909,0.89453125,RETURNED
20,2,256,0.98046875,3,30.51,0.12,30.31,0.08,1914,0.9453125,RETURNED
20,2,256,0.98046875,4,30.53,0.22,30.23,0.09,1899,0.95703125,RETURNED
20,2,256,0.9765625,5,30.57,0.14,30.36,0.08,1914,0.94921875,RETURNED
20,2,256,0.98828125,6,30.57,0.13,30.44,0.0,1918,0.98828125,LOST
20,2,256,0.984375,7,30.35,0.11,30.11,0.14,1903,0.97265625,RETURNED
20,2,256,0.99609375,8,30.63,0.17,30.47,0.0,1916,0.9921875,LOST
20,2,256,1.0,9,9.58,0.17,9.33,0.08,592,0.9921875,RETURNED
20,3,256,0.9296875,0,30.72,0.21,30.36,0.15,1908,0.63671875,RETURNED
20,3,256,0.94921875,1,30.82,0.31,30.18,0.34,1907,0.88671875,RETURNED
20,3,256,0.91015625,2,30.56,0.3,30.12,0.14,1909,0.64453125,RETURNED
20,3,256,0.96875,3,30.29,0.09,30.12,0.08,1914,0.94140625,RETURNED
20,3,256,0.98828125,4,30.29,0.11,30.04,0.15,1899,0.95703125,RETURNED
20,3,256,0.98828125,5,30.4,0.13,30.19,0.09,1914,0.98046875,RETURNED
20,3,256,0.97265625,6,30.37,0.11,30.26,0.0,1918,0.98046875,LOST
20,3,256,0.9921875,7,30.27,0.29,29.9,0.08,1903,0.98828125,RETURNED
20,3,256,0.99609375,8,30.44,0.14,30.3,0.0,1916,0.9921875,LOST
20,3,256,0.9765625,9,30.43,0.27,29.94,0.21,1911,0.984375,RETURNED
21,242.51,0.28
21,0,256,0.90234375,0,30.39,0.13,30.15,0.12,1908,0.61328125,RETURNED
21,0,256,0.9453125,1,30.58,0.23,30.27,0.08,1907,0.8984375,RETURNED
21,0,256,0.9375,2,30.44,0.11,30.2,0.12,1909,0.9375,RETURNED
21,0,256,0.96875,3,30.64,0.15,30.38,0.1,1914,0.93359375,RETURNED
21,0,256,0.984375,4,30.79,0.66,30.05,0.08,1899,0.9765625,RETURNED
21,0,256,0.9765625,5,30.5,0.11,30.28,0.11,1914,0.9765625,RETURNED
21,0,256,1.0,6,14.74,0.19,14.37,0.18,911,0.98828125,RETURNED
21,1,256,0.90625,0,30.64,0.33,30.24,0.07,1908,0.62890625,RETURNED
21,1,256,0.93359375,1,30.74,0.26,30.37,0.12,1907,0.875,RETURNED
21,1,256,0.97265625,2,30.53,0.15,30.29,0.09,1909,0.91796875,RETURNED
21,1,256,0.96875,3,30.87,0.16,30.52,0.18,1914,0.9453125,RETURNED
21,1,256,0.98046875,4,30.42,0.14,30.2,0.07,1899,0.97265625,RETURNED
21,1,256,0.98828125,5,30.6,0.11,30.39,0.1,1914,0.984375,RETURNED
21,1,256,0.99609375,6,30.51,0.15,30.36,0.0,1918,0.98046875,LOST
21,2,256,0.9140625,0,30.48,0.21,30.11,0.16,1908,0.6171875,RETURNED
21,2,256,0.92578125,1,30.41,0.11,30.2,0.1,1907,0.6796875,RETURNED
21,2,256,0.96875,2,30.41,0.1,30.2,0.11,1909,0.9296875,RETURNED
21,2,256,0.9765625,3,30.52,0.11,30.33,0.08,1914,0.96875,RETURNED
21,2,256,0.9765625,4,30.35,0.23,30.02,0.1,1899,0.96875,RETURNED
21,2,256,0.984375,5,30.46,0.16,30.21,0.09,1914,0.96875,RETURNED
21,2,256,0.98046875,6,30.4,0.16,30.24,0.0,1918,0.96484375,LOST
21,3,256,0.8984375,0,30.39,0.15,30.08,0.15,1908,0.609375,RETURNED
21,3,256,0.94921875,1,30.49,0.14,30.26,0.09,1907,0.8984375,RETURNED
21,3,256,0.94140625,2,30.69,0.38,30.17,0.14,1909,0.88671875,RETURNED
21,3,256,0.9765625,3,30.71,0.16,30.38,0.17,1914,0.96875,RETURNED
21,3,256,0.98046875,4,30.27,0.15,30.03,0.09,1899,0.94921875,RETURNED
21,3,256,0.96875,5,30.42,0.1,30.22,0.1,1914,0.9765625,RETURNED
21,3,256,0.98828125,6,30.34,0.13,30.21,0.0,1918,0.9765625,LOST
22,388.34,0.27
22,0,256,0.9296875,0,30.67,0.15,30.17,0.35,1908,0.62109375,RETURNED
22,0,256,0.94921875,1,30.75,0.1,30.56,0.08,1907,0.921875,RETURNED
22,0,256,0.97265625,2,30.46,0.13,30.26,0.08,1909,0.921875,RETURNED
22,0,256,0.96484375,3,30.47,0.1,30.29,0.09,1914,0.9296875,RETURNED
22,0,256,0.96484375,4,30.28,0.12,30.03,0.13,1899,0.953125,RETURNED
22,0,256,0.98046875,5,30.66,0.15,30.4,0.11,1914,0.96484375,RETURNED
22,0,256,0.99609375,6,30.49,0.15,30.34,0.0,1918,0.9921875,LOST
22,0,256,0.984375,7,30.42,0.17,30.11,0.15,1903,0.96875,RETURNED
22,0,256,0.9921875,8,30.31,0.12,30.18,0.0,1916,0.984375,LOST
22,0,256,0.99609375,9,30.51,0.12,30.27,0.13,1911,0.9765625,RETURNED
22,0,256,0.984375,10,30.61,0.12,30.35,0.14,1921,0.98046875,RETURNED
22,1,256,0.90234375,0,30.67,0.19,30.37,0.11,1908,0.6328125,RETURNED
22,1,256,0.90234375,1,30.93,0.16,30.69,0.08,1907,0.62109375,RETURNED
22,1,256,0.98046875,2,30.63,0.17,30.35,0.11,1909,0.96875,RETURNED
22,1,256,0.984375,3,30.74,0.11,30.48,0.15,1914,0.96875,RETURNED
22,1,256,0.97265625,4,30.45,0.17,30.18,0.1,1899,0.953125,RETURNED
22,1,256,0.9765625,5,30.72,0.11,30.54,0.07,1914,0.9609375,RETURNED
22,1,256,0.99609375,6,30.63,0.13,30.49,0.0,1918,0.984375,LOST
22,1,256,0.9921875,7,30.53,0.1,30.26,0.17,1903,0.98046875,RETURNED
22,1,256,0.9921875,8,30.62,0.18,30.44,0.0,1916,0.9921875,LOST
22,1,256,0.98828125,9,30.71,0.18,30.38,0.15,1911,0.98828125,RETURNED
22,1,256,0.9921875,10,30.79,0.12,30.58,0.09,1921,0.99609375,RETURNED
22,2,256,0.91015625,0,30.38,0.16,30.14,0.08,1908,0.6171875,RETURNED
22,2,256,0.90625,1,30.73,0.13,30.51,0.09,1907,0.62109375,RETURNED
22,2,256,0.94921875,2,30.43,0.1,30.23,0.09,1909,0.87109375,RETURNED
22,2,256,0.9609375,3,30.53,0.11,30.26,0.16,1914,0.94921875,RETURNED
22,2,256,0.9609375,4,30.23,0.18,29.98,0.08,1899,0.94921875,RETURNED
22,2,256,0.9921875,5,30.56,0.19,30.28,0.1,1914,0.984375,RETURNED
22,2,256,0.98046875,6,30.42,0.16,30.26,0.0,1918,0.94140625,LOST
22,2,256,0.98046875,7,30.5,0.14,30.06,0.3,1903,0.96875,RETURNED
22,2,256,0.98046875,8,30.34,0.24,30.1,0.0,1916,0.96875,LOST
22,2,256,0.99609375,9,30.48,0.15,30.23,0.1,1911,0.984375,RETURNED
22,2,256,0.98828125,10,30.73,0.33,30.31,0.09,1921,0.984375,RETURNED
22,2,256,0.9921875,11,30.65,0.26,30.26,0.12,1915,0.99609375,RETURNED
22,3,256,0.90234375,0,61.38,0.18,61.05,0.15,1908,0.625,RETURNED
22,3,256,0.95703125,1,60.91,0.18,60.61,0.12,1907,0.8984375,RETURNED
22,3,256,0.96875,2,61.03,0.19,60.73,0.11,1909,0.9609375,RETURNED
22,3,256,0.9921875,3,61.01,0.12,60.81,0.08,1914,0.9921875,RETURNED
22,3,256,0.98828125,4,60.52,0.11,60.29,0.12,1899,0.98828125,RETURNED
22,3,256,1.0,5,29.26,0.15,29.02,0.09,912,0.99609375,RETURNED
23,300.80,0.43
23,0,256,0.9140625,0,31.01,0.2,30.71,0.1,1908,0.6171875,RETURNED
23,0,256,0.97265625,1,30.93,0.22,30.43,0.27,1907,0.9296875,RETURNED
23,0,256,0.9609375,2,31.08,0.11,30.74,0.23,1909,0.89453125,RETURNED
23,0,256,0.97265625,3,30.94,0.22,30.6,0.12,1914,0.97265625,RETURNED
23,0,256,0.984375,4,30.77,0.14,30.54,0.09,1899,0.97265625,RETURNED
23,0,256,0.9921875,5,31.31,0.64,30.57,0.11,1914,0.9765625,RETURNED
23,0,256,0.984375,6,30.91,0.12,30.79,0.0,1918,0.91015625,LOST
23,0,256,0.98828125,7,30.72,0.14,30.49,0.09,1903,0.98828125,RETURNED
23,0,256,0.99609375,8,30.96,0.14,30.82,0.0,1916,0.99609375,LOST
23,1,256,0.91796875,0,31.07,0.2,30.67,0.19,1908,0.6171875,RETURNED
23,1,256,0.9453125,1,30.65,0.11,30.46,0.08,1907,0.88671875,RETURNED
23,1,256,0.98828125,2,31.17,0.22,30.71,0.24,1909,0.97265625,RETURNED
23,1,256,0.984375,3,32.73,2.01,30.63,0.09,1914,0.97265625,RETURNED
23,1,256,0.96875,4,30.9,0.2,30.54,0.15,1899,0.96484375,RETURNED
23,1,256,0.9765625,5,30.91,0.21,30.61,0.09,1914,0.97265625,RETURNED
23,1,256,0.9921875,6,30.96,0.13,30.83,0.0,1918,0.984375,LOST
23,1,256,0.99609375,7,30.96,0.36,30.47,0.14,1903,0.98828125,RETURNED
23,1,256,1.0,8,0.85,0.22,0.44,0.19,28,1.0,RETURNED
23,2,256,0.9296875,0,30.95,0.28,30.54,0.12,1908,0.60546875,RETURNED
23,2,256,0.97265625,1,30.53,0.11,30.28,0.14,1907,0.9296875,RETURNED
23,2,256,0.9609375,2,30.88,0.11,30.57,0.19,1909,0.90234375,RETURNED
23,2,256,0.953125,3,30.76,0.24,30.43,0.09,1914,0.91796875,RETURNED
23,2,256,0.98828125,4,30.69,0.15,30.38,0.15,1899,0.97265625,RETURNED
23,2,256,0.98046875,5,30.77,0.25,30.45,0.08,1914,0.97265625,RETURNED
23,2,256,0.9765625,6,30.78,0.13,30.66,0.0,1918,0.97265625,LOST
23,2,256,0.98828125,7,30.58,0.1,30.31,0.17,1903,0.98828125,RETURNED
23,2,256,0.984375,8,30.93,0.26,30.67,0.0,1916,0.98046875,LOST
23,3,256,0.9296875,0,30.86,0.12,30.67,0.07,1908,0.63671875,RETURNED
23,3,256,0.94921875,1,30.81,0.23,30.44,0.14,1907,0.9140625,RETURNED
23,3,256,0.97265625,2,30.94,0.16,30.68,0.1,1909,0.92578125,RETURNED
23,3,256,0.9765625,3,30.89,0.19,30.56,0.14,1914,0.96875,RETURNED
23,3,256,0.96484375,4,30.88,0.12,30.5,0.26,1899,0.91015625,RETURNED
23,3,256,0.98046875,5,31.26,0.49,30.57,0.2,1914,0.96484375,RETURNED
23,3,256,0.98828125,6,30.94,0.17,30.77,0.0,1918,0.984375,LOST
23,3,256,0.9921875,7,30.74,0.15,30.45,0.14,1903,0.984375,RETURNED
23,3,256,1.0,8,2.71,0.11,1.13,1.47,71,0.99609375,RETURNED
24,269.12,0.28
24,0,256,0.93359375,0,30.54,0.14,30.25,0.15,1908,0.6328125,RETURNED
24,0,256,0.9453125,1,30.52,0.16,30.24,0.13,1907,0.85546875,RETURNED
24,0,256,0.98046875,2,30.77,0.32,30.35,0.09,1909,0.92578125,RETURNED
24,0,256,0.9765625,3,30.53,0.13,30.3,0.1,1914,0.9375,RETURNED
24,0,256,0.984375,4,30.5,0.15,30.14,0.21,1899,0.97265625,RETURNED
24,0,256,0.9921875,5,30.76,0.26,30.36,0.13,1914,0.9765625,RETURNED
24,0,256,0.98828125,6,30.76,0.26,30.5,0.0,1918,0.98046875,LOST
24,0,256,1.0,7,21.67,0.11,21.43,0.13,1351,0.98828125,RETURNED
24,1,256,0.92578125,0,30.85,0.12,30.66,0.08,1908,0.625,RETURNED
24,1,256,0.95703125,1,30.86,0.13,30.6,0.13,1907,0.8671875,RETURNED
24,1,256,0.97265625,2,30.98,0.12,30.75,0.1,1909,0.9375,RETURNED
24,1,256,0.96875,3,30.94,0.16,30.7,0.09,1914,0.9609375,RETURNED
24,1,256,0.984375,4,30.95,0.22,30.56,0.16,1899,0.94921875,RETURNED
24,1,256,0.984375,5,31.07,0.17,30.77,0.13,1914,0.98046875,RETURNED
24,1,256,0.99609375,6,31.05,0.13,30.93,0.0,1918,0.98828125,LOST
24,1,256,0.98828125,7,31.42,0.25,30.59,0.58,1903,0.98046875,RETURNED
24,2,256,0.90234375,0,30.45,0.14,30.2,0.11,1908,0.6171875,RETURNED
24,2,256,0.9453125,1,30.45,0.21,30.14,0.1,1907,0.85546875,RETURNED
24,2,256,0.9453125,2,30.65,0.12,30.26,0.27,1909,0.8125,RETURNED
24,2,256,0.97265625,3,30.55,0.17,30.25,0.13,1914,0.921875,RETURNED
24,2,256,0.9765625,4,30.47,0.2,30.1,0.16,1899,0.94140625,RETURNED
24,2,256,0.984375,5,30.77,0.31,30.31,0.15,1914,0.9765625,RETURNED
24,2,256,0.98828125,6,30.54,0.12,30.43,0.0,1918,0.97265625,LOST
24,2,256,0.98828125,7,30.61,0.2,30.11,0.29,1903,0.9765625,RETURNED
24,3,256,0.92578125,0,60.9,0.15,60.6,0.15,1908,0.6171875,RETURNED
24,3,256,0.9453125,1,60.87,0.2,60.55,0.12,1907,0.86328125,RETURNED
24,3,256,0.98828125,2,60.94,0.18,60.63,0.13,1909,0.97265625,RETURNED
24,3,256,0.98046875,3,61.23,0.2,60.95,0.09,1914,0.96875,RETURNED
25,239.49,0.27
25,0,256,0.91796875,0,31.02,0.45,30.49,0.09,1908,0.62890625,RETURNED
25,0,256,0.9609375,1,30.85,0.12,30.63,0.1,1907,0.89453125,RETURNED
25,0,256,0.95703125,2,30.81,0.21,30.48,0.12,1909,0.92578125,RETURNED
25,0,256,0.97265625,3,31.0,0.11,30.8,0.08,1914,0.95703125,RETURNED
25,0,256,0.98828125,4,30.92,0.21,30.38,0.32,1899,0.9609375,RETURNED
25,0,256,0.98046875,5,31.29,0.3,30.78,0.21,1914,0.97265625,RETURNED
25,0,256,0.96484375,6,30.84,0.2,30.64,0.0,1918,0.953125,LOST
25,1,256,0.91796875,0,30.75,0.19,30.46,0.1,1908,0.6328125,RETURNED
25,1,256,0.95703125,1,31.04,0.33,30.58,0.13,1907,0.84375,RETURNED
25,1,256,0.95703125,2,30.8,0.27,30.43,0.1,1909,0.9140625,RETURNED
25,1,256,0.984375,3,30.96,0.11,30.77,0.09,1914,0.95703125,RETURNED
25,1,256,0.96484375,4,30.6,0.1,30.33,0.17,1899,0.9453125,RETURNED
25,1,256,0.98828125,5,31.2,0.35,30.71,0.14,1914,0.984375,RETURNED
25,1,256,1.0,6,8.71,0.25,8.35,0.1,526,0.9921875,RETURNED
25,2,256,0.89453125,0,31.01,0.14,30.6,0.27,1908,0.65625,RETURNED
25,2,256,0.9609375,1,31.23,0.34,30.73,0.16,1907,0.890625,RETURNED
25,2,256,0.9765625,2,30.9,0.17,30.65,0.07,1909,0.953125,RETURNED
25,2,256,0.984375,3,31.07,0.12,30.87,0.08,1914,0.95703125,RETURNED
25,2,256,0.9921875,4,30.79,0.14,30.46,0.19,1899,0.984375,RETURNED
25,2,256,0.98046875,5,31.11,0.14,30.81,0.16,1914,0.95703125,RETURNED
25,2,256,0.99609375,6,30.86,0.21,30.65,0.0,1918,0.98046875,LOST
25,3,256,0.9375,0,30.78,0.14,30.51,0.13,1908,0.6328125,RETURNED
25,3,256,0.94140625,1,31.12,0.29,30.64,0.19,1907,0.8359375,RETURNED
25,3,256,0.953125,2,30.74,0.15,30.51,0.08,1909,0.90234375,RETURNED
25,3,256,0.984375,3,31.24,0.35,30.79,0.09,1914,0.96875,RETURNED
25,3,256,0.984375,4,30.61,0.11,30.34,0.17,1899,0.9609375,RETURNED
25,3,256,0.98828125,5,31.12,0.25,30.75,0.12,1914,0.984375,RETURNED
25,3,256,0.9921875,6,30.9,0.29,30.61,0.0,1918,0.98828125,LOST
26,392.15,0.28
26,0,256,0.91015625,0,61.24,0.17,60.97,0.09,1908,0.6171875,RETURNED
26,0,256,0.9375,1,61.04,0.15,60.8,0.1,1907,0.859375,RETURNED
26,0,256,0.97265625,2,61.13,0.14,60.9,0.1,1909,0.9375,RETURNED
26,0,256,0.97265625,3,61.93,0.1,61.75,0.08,1914,0.97265625,RETURNED
26,0,256,0.98828125,4,61.4,0.2,60.52,0.68,1899,0.984375,RETURNED
26,0,256,0.98828125,5,61.3,0.14,61.06,0.1,1914,0.9765625,RETURNED
26,1,256,0.92578125,0,30.45,0.39,29.94,0.12,1908,0.63671875,RETURNED
26,1,256,0.90625,1,30.41,0.13,30.15,0.13,1907,0.625,RETURNED
26,1,256,0.93359375,2,30.22,0.25,29.87,0.1,1909,0.796875,RETURNED
26,1,256,0.95703125,3,30.4,0.17,30.16,0.08,1914,0.90625,RETURNED
26,1,256,0.97265625,4,30.01,0.12,29.79,0.1,1899,0.9375,RETURNED
26,1,256,0.98046875,5,30.62,0.24,30.17,0.22,1914,0.9609375,RETURNED
26,1,256,0.9765625,6,30.53,0.18,30.35,0.0,1918,0.9375,LOST
26,1,256,0.97265625,7,30.6,0.12,30.37,0.11,1903,0.96875,RETURNED
26,1,256,0.98828125,8,30.25,0.12,30.12,0.0,1916,0.984375,LOST
26,1,256,0.98828125,9,30.31,0.11,29.99,0.21,1911,0.96875,RETURNED
26,1,256,0.9921875,10,30.36,0.18,30.09,0.08,1921,0.98046875,RETURNED
26,1,256,1.0,11,14.04,0.1,13.85,0.08,873,0.9921875,RETURNED
26,2,256,0.9140625,0,30.64,0.32,30.22,0.1,1908,0.6171875,RETURNED
26,2,256,0.89453125,1,30.84,0.23,30.37,0.24,1907,0.6171875,RETURNED
26,2,256,0.9375,2,30.71,0.39,30.14,0.18,1909,0.875,RETURNED
26,2,256,0.96484375,3,30.98,0.18,30.6,0.21,1914,0.9375,RETURNED
26,2,256,0.96484375,4,30.41,0.13,30.17,0.1,1899,0.96484375,RETURNED
26,2,256,0.96875,5,30.76,0.2,30.42,0.14,1914,0.9375,RETURNED
26,2,256,0.9765625,6,30.79,0.16,30.64,0.0,1918,0.96484375,LOST
26,2,256,0.98046875,7,30.94,0.21,30.62,0.1,1903,0.96484375,RETURNED
26,2,256,0.9921875,8,30.69,0.35,30.34,0.0,1916,0.9765625,LOST
26,2,256,0.984375,9,30.53,0.2,30.26,0.07,1911,0.953125,RETURNED
26,2,256,0.98828125,10,30.58,0.13,30.34,0.11,1921,0.984375,RETURNED
26,2,256,1.0,11,22.12,0.12,21.79,0.21,1368,0.9921875,RETURNED
26,3,256,0.8984375,0,30.3,0.13,30.08,0.09,1908,0.6328125,RETURNED
26,3,256,0.9453125,1,30.41,0.13,30.2,0.08,1907,0.890625,RETURNED
26,3,256,0.9296875,2,30.22,0.11,30.0,0.12,1909,0.91015625,RETURNED
26,3,256,0.97265625,3,30.57,0.13,30.33,0.1,1914,0.921875,RETURNED
26,3,256,0.97265625,4,30.24,0.19,29.97,0.08,1899,0.95703125,RETURNED
26,3,256,0.984375,5,30.67,0.24,30.31,0.13,1914,0.97265625,RETURNED
26,3,256,0.98046875,6,30.57,0.11,30.46,0.0,1918,0.96484375,LOST
26,3,256,0.98828125,7,30.75,0.16,30.5,0.09,1903,0.97265625,RETURNED
26,3,256,0.984375,8,30.4,0.17,30.23,0.0,1916,0.98046875,LOST
26,3,256,0.9921875,9,30.54,0.35,30.08,0.11,1911,0.98828125,RETURNED
26,3,256,0.9921875,10,30.5,0.11,30.22,0.17,1921,0.98828125,RETURNED
26,3,256,1.0,11,24.91,0.56,24.35,0.0,1537,0.99609375,LOST
