0,326.44,11.03
0,0,256,0.9140625,0,53.72,0.13,53.27,0.32,1908,0.64453125,RETURNED
0,0,256,0.9609375,1,54.5,0.13,54.24,0.12,1907,0.9140625,RETURNED
0,0,256,0.98828125,2,51.18,0.28,50.77,0.13,1909,0.95703125,RETURNED
0,0,256,0.9921875,3,57.57,0.18,57.21,0.18,1914,0.98828125,RETURNED
0,0,256,0.9921875,4,50.66,0.27,50.08,0.3,1899,0.95703125,RETURNED
0,1,256,0.90625,0,52.91,0.15,52.62,0.13,1908,0.62109375,RETURNED
0,1,256,0.95703125,1,55.13,0.13,54.79,0.21,1907,0.91796875,RETURNED
0,1,256,0.9765625,2,53.53,0.14,53.29,0.1,1909,0.94140625,RETURNED
0,1,256,0.97265625,3,57.27,0.17,56.91,0.19,1914,0.94921875,RETURNED
0,1,256,1.0,4,39.44,0.16,39.13,0.15,1437,0.98828125,RETURNED
0,2,256,0.91015625,0,53.25,0.33,52.83,0.08,1908,0.6171875,RETURNED
0,2,256,0.95703125,1,55.18,0.16,54.92,0.11,1907,0.84765625,RETURNED
0,2,256,0.96484375,2,53.27,0.22,52.53,0.53,1909,0.8828125,RETURNED
0,2,256,0.9921875,3,56.86,0.13,56.58,0.14,1914,0.98828125,RETURNED
0,2,256,0.9921875,4,52.13,0.29,51.61,0.22,1899,0.9921875,RETURNED
0,3,256,0.91796875,0,53.03,0.16,52.71,0.16,1908,0.62109375,RETURNED
0,3,256,0.95703125,1,55.29,0.26,54.87,0.16,1907,0.91796875,RETURNED
0,3,256,0.9609375,2,51.52,0.11,51.26,0.15,1909,0.89453125,RETURNED
0,3,256,0.97265625,3,57.82,0.11,57.42,0.29,1914,0.95703125,RETURNED
0,3,256,0.9921875,4,51.53,0.12,51.3,0.11,1899,0.97265625,RETURNED
1,198.76,0.24
1,0,256,0.921875,0,30.82,0.16,30.53,0.14,1908,0.6171875,RETURNED
1,0,256,0.9765625,1,30.73,0.16,30.38,0.19,1907,0.921875,RETURNED
1,0,256,0.9609375,2,30.78,0.11,30.54,0.14,1909,0.921875,RETURNED
1,0,256,0.9921875,3,30.9,0.12,30.47,0.3,1914,0.96484375,RETURNED
1,0,256,0.98046875,4,30.71,0.28,30.33,0.11,1899,0.94921875,RETURNED
1,1,256,0.90625,0,30.74,0.1,30.51,0.13,1908,0.6328125,RETURNED
1,1,256,0.9296875,1,30.73,0.24,30.34,0.15,1907,0.875,RETURNED
1,1,256,0.953125,2,31.26,0.53,30.63,0.09,1909,0.8515625,RETURNED
1,1,256,0.97265625,3,30.63,0.11,30.45,0.07,1914,0.96484375,RETURNED
1,1,256,0.98828125,4,30.69,0.21,30.27,0.22,1899,0.97265625,RETURNED
1,2,256,0.92578125,0,30.99,0.21,30.44,0.33,1908,0.609375,RETURNED
1,2,256,0.9609375,1,30.99,0.26,30.25,0.48,1907,0.90625,RETURNED
1,2,256,0.953125,2,30.84,0.21,30.56,0.07,1909,0.8984375,RETURNED
1,2,256,0.97265625,3,30.56,0.16,30.33,0.06,1914,0.95703125,RETURNED
1,2,256,1.0,4,21.31,0.18,20.8,0.33,1306,0.9921875,RETURNED
1,3,256,0.90625,0,31.29,0.24,30.33,0.71,1908,0.6328125,RETURNED
1,3,256,0.95703125,1,30.52,0.1,30.02,0.4,1907,0.875,RETURNED
1,3,256,0.97265625,2,30.68,0.11,30.47,0.1,1909,0.94140625,RETURNED
1,3,256,0.98046875,3,30.37,0.13,30.13,0.11,1914,0.97265625,RETURNED
1,3,256,0.9765625,4,30.42,0.18,30.16,0.07,1899,0.953125,RETURNED
2,141.82,0.30
2,0,256,0.921875,0,30.48,0.33,30.0,0.16,1908,0.64453125,RETURNED
2,0,256,0.94921875,1,30.17,0.09,29.99,0.09,1907,0.90234375,RETURNED
2,0,256,0.9375,2,31.01,0.22,30.45,0.34,1909,0.8984375,RETURNED
2,0,256,0.94921875,3,30.73,0.23,30.33,0.17,1914,0.90625,RETURNED
2,1,256,0.8828125,0,30.61,0.16,30.33,0.12,1908,0.6171875,RETURNED
2,1,256,0.94921875,1,30.76,0.13,30.33,0.3,1907,0.86328125,RETURNED
2,1,256,0.99609375,2,31.17,0.18,30.88,0.11,1909,0.96484375,RETURNED
2,1,256,0.9921875,3,30.84,0.19,30.53,0.12,1914,0.99609375,RETURNED
2,2,256,0.921875,0,30.46,0.16,30.19,0.11,1908,0.61328125,RETURNED
2,2,256,0.9140625,1,30.81,0.16,30.14,0.51,1907,0.62890625,RETURNED
2,2,256,0.96875,2,31.32,0.1,30.71,0.51,1909,0.94921875,RETURNED
2,2,256,1.0,3,25.62,0.16,25.16,0.29,1584,0.99609375,RETURNED
2,3,256,0.90625,0,30.76,0.28,30.4,0.08,1908,0.6171875,RETURNED
2,3,256,0.96484375,1,30.73,0.32,30.32,0.09,1907,0.90234375,RETURNED
2,3,256,0.96875,2,31.25,0.18,30.96,0.11,1909,0.92578125,RETURNED
2,3,256,0.98828125,3,31.04,0.21,30.71,0.11,1914,0.9765625,RETURNED
3,234.13,0.27
3,0,256,0.91015625,0,30.74,0.1,30.56,0.08,1908,0.609375,RETURNED
3,0,256,0.95703125,1,30.79,0.14,30.49,0.17,1907,0.87890625,RETURNED
3,0,256,0.97265625,2,30.66,0.12,30.42,0.11,1909,0.95703125,RETURNED
3,0,256,0.98046875,3,31.13,0.39,30.54,0.2,1914,0.95703125,RETURNED
3,0,256,0.98828125,4,30.63,0.2,30.29,0.14,1899,0.9609375,RETURNED
3,0,256,0.98828125,5,46.01,0.13,30.61,15.26,1914,0.9921875,RETURNED
3,1,256,0.90234375,0,30.57,0.13,30.32,0.11,1908,0.625,RETURNED
3,1,256,0.96484375,1,30.72,0.11,30.28,0.33,1907,0.8515625,RETURNED
3,1,256,0.98828125,2,30.61,0.25,30.22,0.14,1909,0.96875,RETURNED
3,1,256,0.98046875,3,30.55,0.11,30.33,0.11,1914,0.953125,RETURNED
3,1,256,0.98828125,4,30.83,0.67,30.08,0.08,1899,0.9765625,RETURNED
3,1,256,1.0,5,1.94,0.12,1.7,0.12,108,0.9921875,RETURNED
3,2,256,0.92578125,0,30.62,0.16,30.29,0.16,1908,0.625,RETURNED
3,2,256,0.95703125,1,30.59,0.21,30.25,0.12,1907,0.90625,RETURNED
3,2,256,0.9765625,2,30.61,0.12,30.18,0.3,1909,0.94140625,RETURNED
3,2,256,0.94921875,3,30.63,0.24,30.29,0.1,1914,0.85546875,RETURNED
3,2,256,0.99609375,4,30.29,0.11,30.05,0.12,1899,0.98828125,RETURNED
3,2,256,0.9921875,5,40.78,0.19,30.38,10.22,1914,0.984375,RETURNED
3,3,256,0.890625,0,30.64,0.12,30.34,0.19,1908,0.625,RETURNED
3,3,256,0.91015625,1,30.67,0.11,30.33,0.24,1907,0.6171875,RETURNED
3,3,256,0.9375,2,30.48,0.11,30.28,0.09,1909,0.86328125,RETURNED
3,3,256,0.98828125,3,30.73,0.16,30.35,0.22,1914,0.97265625,RETURNED
3,3,256,0.99609375,4,30.51,0.24,30.14,0.12,1899,0.98828125,RETURNED
3,3,256,0.99609375,5,56.46,0.1,30.42,25.94,1914,0.99609375,RETURNED
4,269.38,0.30
4,0,256,0.89453125,0,35.03,0.17,34.73,0.13,1908,0.62109375,RETURNED
4,0,256,0.90234375,1,35.02,0.11,34.83,0.09,1907,0.640625,RETURNED
4,0,256,0.96484375,2,35.73,0.12,35.53,0.09,1909,0.89453125,RETURNED
4,0,256,0.97265625,3,35.25,0.13,34.95,0.17,1914,0.94921875,RETURNED
4,0,256,0.98046875,4,34.94,0.16,34.58,0.2,1899,0.98046875,RETURNED
4,0,256,0.9921875,5,35.3,0.16,34.92,0.22,1914,0.98046875,RETURNED
4,0,256,0.9921875,6,35.28,0.25,35.03,0.0,1918,0.98046875,LOST
4,1,256,0.92578125,0,35.23,0.17,34.99,0.07,1908,0.640625,RETURNED
4,1,256,0.953125,1,35.16,0.13,34.95,0.08,1907,0.8671875,RETURNED
4,1,256,0.9609375,2,36.0,0.33,35.6,0.08,1909,0.8984375,RETURNED
4,1,256,0.98046875,3,35.37,0.13,35.16,0.09,1914,0.96484375,RETURNED
4,1,256,0.97265625,4,35.21,0.11,34.94,0.17,1899,0.953125,RETURNED
4,1,256,0.98046875,5,35.59,0.21,35.23,0.15,1914,0.97265625,RETURNED
4,1,256,1.0,6,1.63,0.34,1.14,0.15,61,0.99609375,RETURNED
4,2,256,0.90625,0,34.91,0.09,34.75,0.08,1908,0.625,RETURNED
4,2,256,0.9375,1,34.75,0.12,34.52,0.1,1907,0.90625,RETURNED
4,2,256,0.91796875,2,35.62,0.46,35.08,0.08,1909,0.85546875,RETURNED
4,2,256,0.984375,3,35.15,0.12,34.78,0.26,1914,0.9453125,RETURNED
4,2,256,0.9921875,4,34.42,0.1,34.25,0.07,1899,0.984375,RETURNED
4,2,256,0.9765625,5,34.97,0.23,34.59,0.15,1914,0.97265625,RETURNED
4,2,256,0.99609375,6,34.76,0.17,34.59,0.0,1918,0.9765625,LOST
4,3,256,0.90234375,0,34.78,0.16,34.49,0.12,1908,0.625,RETURNED
4,3,256,0.9375,1,34.77,0.21,34.42,0.14,1907,0.859375,RETURNED
4,3,256,0.9609375,2,35.15,0.22,34.84,0.09,1909,0.91015625,RETURNED
4,3,256,0.9609375,3,34.92,0.15,34.61,0.16,1914,0.9453125,RETURNED
4,3,256,0.9609375,4,34.79,0.35,34.31,0.13,1899,0.94140625,RETURNED
4,3,256,0.9921875,5,35.02,0.22,34.71,0.09,1914,0.95703125,RETURNED
4,3,256,0.98046875,6,35.61,0.75,34.87,0.0,1918,0.97265625,LOST
5,290.76,0.34
5,0,256,0.91796875,0,35.72,0.14,35.28,0.3,1908,0.62890625,RETURNED
5,0,256,0.94921875,1,37.66,0.12,37.19,0.34,1907,0.8203125,RETURNED
5,0,256,0.9765625,2,35.85,0.22,35.26,0.37,1909,0.94921875,RETURNED
5,0,256,0.98828125,3,35.84,0.34,35.35,0.15,1914,0.9765625,RETURNED
5,0,256,0.9921875,4,35.99,0.74,35.14,0.11,1899,0.98828125,RETURNED
5,0,256,0.98046875,5,35.62,0.12,35.39,0.11,1914,0.98046875,RETURNED
5,0,256,0.9921875,6,36.03,0.42,35.61,0.0,1918,0.96484375,LOST
5,1,256,0.89453125,0,35.11,0.18,34.82,0.11,1908,0.62109375,RETURNED
5,1,256,0.94921875,1,37.09,0.21,36.64,0.24,1907,0.921875,RETURNED
5,1,256,0.9375,2,35.15,0.17,34.87,0.12,1909,0.87109375,RETURNED
5,1,256,0.98046875,3,35.4,0.25,35.0,0.14,1914,0.94921875,RETURNED
5,1,256,0.99609375,4,35.18,0.36,34.71,0.1,1899,0.98046875,RETURNED
5,1,256,0.99609375,5,35.54,0.25,34.84,0.45,1914,0.9921875,RETURNED
5,1,256,1.0,6,42.76,0.12,27.55,15.09,1491,0.9921875,RETURNED
5,2,256,0.921875,0,34.93,0.11,34.62,0.2,1908,0.64453125,RETURNED
5,2,256,0.94140625,1,37.33,0.42,36.79,0.12,1907,0.87109375,RETURNED
5,2,256,0.96484375,2,35.42,0.56,34.68,0.18,1909,0.86328125,RETURNED
5,2,256,0.94921875,3,35.13,0.17,34.83,0.13,1914,0.8828125,RETURNED
5,2,256,0.9921875,4,34.73,0.1,34.53,0.1,1899,0.96484375,RETURNED
5,2,256,0.99609375,5,35.24,0.41,34.74,0.09,1914,0.99609375,RETURNED
5,2,256,0.99609375,6,35.44,0.28,35.17,0.0,1918,0.98046875,LOST
5,3,256,0.90625,0,35.18,0.1,34.91,0.17,1908,0.62890625,RETURNED
5,3,256,0.9375,1,38.01,0.44,37.13,0.44,1907,0.875,RETURNED
5,3,256,0.9609375,2,35.39,0.18,34.89,0.33,1909,0.8828125,RETURNED
5,3,256,0.98046875,3,35.18,0.16,34.95,0.07,1914,0.9375,RETURNED
5,3,256,0.984375,4,35.22,0.19,34.74,0.29,1899,0.94921875,RETURNED
5,3,256,0.984375,5,35.45,0.14,34.93,0.38,1914,0.97265625,RETURNED
5,3,256,0.99609375,6,35.79,0.44,35.35,0.0,1918,0.984375,LOST
6,307.31,0.29
6,0,256,0.9140625,0,35.0,0.43,34.46,0.11,1908,0.6328125,RETURNED
6,0,256,0.9609375,1,34.66,0.12,34.38,0.16,1907,0.90625,RETURNED
6,0,256,0.95703125,2,33.75,0.15,33.38,0.22,1909,0.90625,RETURNED
6,0,256,0.98046875,3,48.79,0.26,33.45,15.09,1914,0.96875,RETURNED
6,0,256,0.98046875,4,33.75,0.15,33.44,0.16,1899,0.953125,RETURNED
6,0,256,0.98046875,5,34.26,0.58,33.4,0.28,1914,0.97265625,RETURNED
6,0,256,0.96484375,6,34.0,0.46,33.55,0.0,1918,0.91015625,LOST
6,0,256,0.97265625,7,33.64,0.11,33.32,0.21,1903,0.96484375,RETURNED
6,1,256,0.8984375,0,31.03,0.18,30.69,0.15,1908,0.625,RETURNED
6,1,256,0.94921875,1,31.02,0.23,30.6,0.19,1907,0.87109375,RETURNED
6,1,256,0.953125,2,31.37,0.67,30.61,0.09,1909,0.77734375,RETURNED
6,1,256,0.98046875,3,46.13,0.16,30.88,15.09,1914,0.953125,RETURNED
6,1,256,0.97265625,4,31.03,0.25,30.67,0.11,1899,0.94921875,RETURNED
6,1,256,0.984375,5,30.96,0.12,30.72,0.12,1914,0.98046875,RETURNED
6,1,256,0.984375,6,30.92,0.15,30.77,0.0,1918,0.9765625,LOST
6,1,256,1.0,7,26.77,0.22,26.36,0.19,1632,0.98828125,RETURNED
6,2,256,0.91015625,0,32.26,0.21,31.97,0.08,1908,0.62109375,RETURNED
6,2,256,0.96875,1,32.33,0.42,31.81,0.09,1907,0.90625,RETURNED
6,2,256,0.94921875,2,32.51,0.51,31.73,0.27,1909,0.79296875,RETURNED
6,2,256,0.984375,3,52.66,0.4,32.03,20.23,1914,0.9609375,RETURNED
6,2,256,0.9765625,4,32.14,0.29,31.76,0.08,1899,0.9609375,RETURNED
6,2,256,0.984375,5,32.56,0.13,31.96,0.47,1914,0.98046875,RETURNED
6,2,256,0.98828125,6,32.12,0.14,31.98,0.0,1918,0.96875,LOST
6,2,256,0.9921875,7,32.16,0.1,31.72,0.35,1903,0.98046875,RETURNED
6,3,256,0.90625,0,32.53,0.42,32.03,0.08,1908,0.6171875,RETURNED
6,3,256,0.890625,1,32.42,0.18,31.99,0.24,1907,0.62109375,RETURNED
6,3,256,0.96484375,2,32.48,0.11,32.08,0.3,1909,0.90234375,RETURNED
6,3,256,0.953125,3,52.54,0.16,32.23,20.14,1914,0.890625,RETURNED
6,3,256,0.98828125,4,32.44,0.24,32.03,0.17,1899,0.953125,RETURNED
6,3,256,0.98046875,5,32.42,0.14,32.13,0.15,1914,0.9765625,RETURNED
6,3,256,0.98828125,6,32.36,0.12,32.25,0.0,1918,0.97265625,LOST
6,3,256,0.99609375,7,32.83,0.22,32.01,0.6,1903,0.98046875,RETURNED
7,745.82,0.27
7,0,256,0.875,0,56.01,0.21,55.54,0.26,1908,0.625,RETURNED
7,0,256,0.94921875,1,51.44,0.12,51.13,0.18,1907,0.88671875,RETURNED
7,0,256,0.96484375,2,55.13,0.11,54.81,0.21,1909,0.87109375,RETURNED
7,0,256,0.94140625,3,54.43,0.27,53.92,0.24,1914,0.9375,RETURNED
7,0,256,0.95703125,4,53.23,0.17,52.96,0.11,1899,0.94140625,RETURNED
7,0,256,0.96484375,5,52.38,0.26,51.86,0.25,1914,0.9609375,RETURNED
7,0,256,0.9765625,6,53.36,0.15,53.21,0.0,1918,0.97265625,LOST
7,0,256,0.98828125,7,54.1,0.54,53.06,0.49,1903,0.9765625,RETURNED
7,0,256,0.9921875,8,55.58,0.26,55.32,0.0,1916,0.98828125,LOST
7,0,256,0.99609375,9,51.65,0.29,51.08,0.28,1911,0.98828125,RETURNED
7,0,256,0.984375,10,52.45,0.24,52.09,0.12,1921,0.98828125,RETURNED
7,0,256,0.99609375,11,54.64,0.11,54.36,0.17,1915,0.99609375,RETURNED
7,0,256,0.99609375,12,46.92,0.12,46.71,0.1,1914,0.99609375,RETURNED
7,1,256,0.9140625,0,55.62,0.5,55.02,0.09,1908,0.62109375,RETURNED
7,1,256,0.91015625,1,51.51,0.14,51.06,0.31,1907,0.61328125,RETURNED
7,1,256,0.94140625,2,54.94,0.16,54.63,0.15,1909,0.8828125,RETURNED
7,1,256,0.9453125,3,54.61,0.12,54.38,0.11,1914,0.89453125,RETURNED
7,1,256,0.9765625,4,53.66,0.13,53.41,0.11,1899,0.96484375,RETURNED
7,1,256,0.98046875,5,52.14,0.18,51.84,0.13,1914,0.96484375,RETURNED
7,1,256,0.984375,6,53.62,0.33,53.29,0.0,1918,0.97265625,LOST
7,1,256,0.98828125,7,53.19,0.47,52.58,0.14,1903,0.9765625,RETURNED
7,1,256,0.98828125,8,55.27,0.5,54.77,0.0,1916,0.98828125,LOST
7,1,256,0.9921875,9,51.31,0.3,50.81,0.2,1911,0.9765625,RETURNED
7,1,256,0.9921875,10,52.4,0.4,51.57,0.43,1921,0.9921875,RETURNED
7,1,256,0.984375,11,54.74,0.15,54.28,0.31,1915,0.99609375,RETURNED
7,1,256,1.0,12,3.55,0.37,3.02,0.16,122,0.99609375,RETURNED
7,2,256,0.8984375,0,55.55,0.34,55.06,0.15,1908,0.609375,RETURNED
7,2,256,0.91015625,1,50.72,0.17,50.44,0.11,1907,0.640625,RETURNED
7,2,256,0.94140625,2,55.09,0.16,54.77,0.16,1909,0.81640625,RETURNED
7,2,256,0.9609375,3,54.07,0.2,53.76,0.11,1914,0.91015625,RETURNED
7,2,256,0.9609375,4,54.25,0.12,54.04,0.09,1899,0.93359375,RETURNED
7,2,256,0.98828125,5,53.21,0.18,52.89,0.13,1914,0.96484375,RETURNED
7,2,256,0.984375,6,54.14,0.15,53.99,0.0,1918,0.98046875,LOST
7,2,256,0.9921875,7,54.93,0.37,53.94,0.62,1903,0.9609375,RETURNED
7,2,256,0.9921875,8,55.24,0.54,54.71,0.0,1916,0.98828125,LOST
7,2,256,0.9921875,9,51.38,0.11,51.16,0.12,1911,0.98046875,RETURNED
7,2,256,0.9921875,10,53.45,0.14,53.19,0.12,1921,0.99609375,RETURNED
7,2,256,0.9921875,11,54.42,0.26,54.0,0.16,1915,0.984375,RETURNED
7,3,256,0.91796875,0,54.2,0.34,53.66,0.2,1908,0.6328125,RETURNED
7,3,256,0.95703125,1,52.16,0.23,51.79,0.14,1907,0.91796875,RETURNED
7,3,256,0.96875,2,55.57,0.1,55.18,0.29,1909,0.91015625,RETURNED
7,3,256,0.9765625,3,55.52,0.42,54.91,0.19,1914,0.96484375,RETURNED
7,3,256,0.98828125,4,53.28,0.24,52.89,0.15,1899,0.9765625,RETURNED
7,3,256,0.98046875,5,53.28,0.18,52.86,0.24,1914,0.96484375,RETURNED
7,3,256,0.984375,6,54.44,0.2,54.23,0.0,1918,0.98046875,LOST
7,3,256,0.99609375,7,52.54,0.11,52.15,0.28,1903,0.98828125,RETURNED
7,3,256,0.9921875,8,52.94,0.18,52.75,0.0,1916,0.98828125,LOST
7,3,256,0.99609375,9,52.59,0.13,52.04,0.42,1911,0.9609375,RETURNED
7,3,256,0.9921875,10,53.12,0.11,52.93,0.09,1921,0.98828125,RETURNED
7,3,256,0.99609375,11,53.79,0.23,53.32,0.24,1915,0.99609375,RETURNED
8,185.69,0.25
8,0,256,0.92578125,0,32.66,0.15,32.4,0.11,1908,0.62109375,RETURNED
8,0,256,0.8984375,1,32.45,0.17,31.96,0.31,1907,0.625,RETURNED
8,0,256,0.9765625,2,32.94,0.12,32.65,0.17,1909,0.9375,RETURNED
8,0,256,0.9765625,3,33.5,0.39,32.85,0.26,1914,0.9453125,RETURNED
8,0,256,0.99609375,4,32.46,0.12,32.12,0.22,1899,0.98828125,RETURNED
8,1,256,0.92578125,0,33.14,0.1,32.6,0.43,1908,0.62890625,RETURNED
8,1,256,0.94921875,1,32.66,0.23,32.36,0.07,1907,0.859375,RETURNED
8,1,256,0.96875,2,32.68,0.12,32.32,0.24,1909,0.94921875,RETURNED
8,1,256,0.9921875,3,32.87,0.12,32.66,0.09,1914,0.96875,RETURNED
8,1,256,1.0,4,27.11,0.1,26.68,0.34,1586,0.96875,RETURNED
8,2,256,0.90625,0,33.15,0.15,32.89,0.11,1908,0.6328125,RETURNED
8,2,256,0.9453125,1,32.84,0.2,32.49,0.15,1907,0.89453125,RETURNED
8,2,256,0.98828125,2,33.16,0.1,32.9,0.17,1909,0.95703125,RETURNED
8,2,256,0.9921875,3,34.0,0.16,33.34,0.5,1914,0.98828125,RETURNED
8,2,256,1.0,4,1.28,0.23,1.06,0.0,61,0.9921875,LOST
8,3,256,0.9140625,0,32.54,0.11,32.31,0.13,1908,0.62109375,RETURNED
8,3,256,0.95703125,1,32.24,0.09,31.82,0.33,1907,0.92578125,RETURNED
8,3,256,0.94921875,2,32.48,0.15,32.19,0.14,1909,0.91015625,RETURNED
8,3,256,0.98046875,3,37.61,0.23,32.23,5.15,1914,0.94921875,RETURNED
9,299.35,0.28
9,0,256,0.90234375,0,30.67,0.21,30.24,0.22,1908,0.6171875,RETURNED
9,0,256,0.8984375,1,30.52,0.17,30.22,0.13,1907,0.6328125,RETURNED
9,0,256,0.94921875,2,31.06,0.11,30.44,0.5,1909,0.87890625,RETURNED
9,0,256,0.98046875,3,31.03,0.18,30.44,0.41,1914,0.94140625,RETURNED
9,0,256,0.9765625,4,30.92,0.24,30.54,0.14,1899,0.9609375,RETURNED
9,0,256,0.96875,5,30.8,0.18,30.47,0.14,1914,0.953125,RETURNED
9,0,256,0.9921875,6,31.02,0.31,30.71,0.0,1918,0.98828125,LOST
9,0,256,0.9921875,7,30.4,0.09,30.22,0.09,1903,0.984375,RETURNED
9,0,256,0.98828125,8,30.58,0.12,30.46,0.0,1916,0.98046875,LOST
9,1,256,0.90234375,0,30.98,0.63,30.23,0.12,1908,0.62890625,RETURNED
9,1,256,0.953125,1,30.38,0.1,30.19,0.09,1907,0.90234375,RETURNED
9,1,256,0.96875,2,30.81,0.16,30.45,0.2,1909,0.87890625,RETURNED
9,1,256,0.9765625,3,30.77,0.12,30.48,0.17,1914,0.94921875,RETURNED
9,1,256,0.984375,4,31.04,0.25,30.58,0.21,1899,0.9453125,RETURNED
9,1,256,0.98828125,5,30.76,0.19,30.49,0.08,1914,0.984375,RETURNED
9,1,256,0.9921875,6,31.2,0.47,30.73,0.0,1918,0.96875,LOST
9,1,256,0.99609375,7,30.58,0.18,30.28,0.11,1903,0.99609375,RETURNED
9,1,256,0.99609375,8,30.56,0.11,30.45,0.0,1916,0.98828125,LOST
9,2,256,0.8984375,0,30.93,0.61,30.23,0.09,1908,0.62109375,RETURNED
9,2,256,0.94140625,1,30.44,0.09,30.15,0.2,1907,0.8984375,RETURNED
9,2,256,0.94921875,2,30.63,0.11,30.4,0.12,1909,0.85546875,RETURNED
9,2,256,0.9609375,3,30.73,0.19,30.43,0.11,1914,0.92578125,RETURNED
9,2,256,0.99609375,4,31.0,0.29,30.62,0.09,1899,0.98046875,RETURNED
9,2,256,0.99609375,5,31.07,0.36,30.48,0.23,1914,0.984375,RETURNED
9,2,256,0.98828125,6,30.8,0.18,30.63,0.0,1918,0.96875,LOST
9,2,256,0.98828125,7,30.48,0.15,30.18,0.16,1903,0.984375,RETURNED
9,2,256,1.0,8,17.02,0.17,16.75,0.1,1053,0.9921875,RETURNED
9,3,256,0.9140625,0,31.04,0.6,30.31,0.13,1908,0.625,RETURNED
9,3,256,0.89453125,1,30.46,0.11,30.24,0.11,1907,0.62109375,RETURNED
9,3,256,0.94921875,2,30.69,0.16,30.47,0.07,1909,0.8984375,RETURNED
9,3,256,0.95703125,3,30.97,0.29,30.5,0.19,1914,0.94921875,RETURNED
9,3,256,0.9765625,4,30.89,0.18,30.58,0.12,1899,0.95703125,RETURNED
9,3,256,0.9921875,5,30.88,0.26,30.55,0.08,1914,0.984375,RETURNED
9,3,256,0.9921875,6,30.84,0.12,30.73,0.0,1918,0.98828125,LOST
9,3,256,0.984375,7,30.64,0.25,30.3,0.09,1903,0.98828125,RETURNED
9,3,256,1.0,8,4.89,0.11,4.77,0.0,300,0.9921875,LOST
10,202.10,0.27
10,0,256,0.90234375,0,34.51,0.19,34.19,0.13,1908,0.62890625,RETURNED
10,0,256,0.93359375,1,34.6,0.48,34.04,0.09,1907,0.859375,RETURNED
10,0,256,0.96484375,2,35.14,0.74,34.28,0.12,1909,0.9140625,RETURNED
10,0,256,0.9765625,3,35.47,0.33,35.04,0.1,1914,0.94921875,RETURNED
10,0,256,0.98828125,4,34.45,0.18,34.15,0.11,1899,0.97265625,RETURNED
10,1,256,0.890625,0,35.7,0.14,35.42,0.15,1908,0.625,RETURNED
10,1,256,0.953125,1,35.79,0.11,35.31,0.37,1907,0.8515625,RETURNED
10,1,256,0.97265625,2,36.08,0.18,35.5,0.39,1909,0.94140625,RETURNED
10,1,256,0.9921875,3,36.61,0.23,36.27,0.1,1914,0.96484375,RETURNED
10,1,256,1.0,4,19.6,0.29,19.32,0.0,1038,0.99609375,LOST
10,2,256,0.9140625,0,35.2,0.31,34.51,0.38,1908,0.61328125,RETURNED
10,2,256,0.9453125,1,35.16,0.27,34.42,0.47,1907,0.8984375,RETURNED
10,2,256,0.921875,2,35.1,0.12,34.72,0.26,1909,0.80859375,RETURNED
10,2,256,0.9921875,3,35.85,0.34,35.35,0.16,1914,0.96484375,RETURNED
10,2,256,1.0,4,7.76,0.17,7.18,0.42,394,0.98046875,RETURNED
10,3,256,0.90625,0,35.75,0.34,35.29,0.12,1908,0.625,RETURNED
10,3,256,0.96875,1,35.85,0.17,35.04,0.64,1907,0.90625,RETURNED
10,3,256,0.98046875,2,36.07,0.44,35.34,0.3,1909,0.96484375,RETURNED
10,3,256,0.99609375,3,36.28,0.13,36.03,0.11,1914,0.98046875,RETURNED
10,3,256,0.9921875,4,35.61,0.18,34.95,0.48,1899,0.9921875,RETURNED
11,354.02,0.27
11,0,256,0.92578125,0,52.35,0.3,51.74,0.31,1908,0.6171875,RETURNED
11,0,256,0.91796875,1,51.77,0.21,51.33,0.23,1907,0.6328125,RETURNED
11,0,256,0.93359375,2,55.85,0.16,55.59,0.11,1909,0.890625,RETURNED
11,0,256,0.95703125,3,54.52,0.31,54.12,0.09,1914,0.94140625,RETURNED
11,0,256,0.9765625,4,53.4,0.51,52.72,0.17,1899,0.96484375,RETURNED
11,0,256,0.9921875,5,50.07,0.29,49.66,0.13,1914,0.97265625,RETURNED
11,1,256,0.89453125,0,53.09,0.23,52.76,0.1,1908,0.625,RETURNED
11,1,256,0.953125,1,53.81,0.34,52.89,0.59,1907,0.87109375,RETURNED
11,1,256,0.98828125,2,54.89,0.11,54.59,0.19,1909,0.953125,RETURNED
11,1,256,0.98046875,3,53.2,0.2,52.92,0.08,1914,0.98828125,RETURNED
11,1,256,0.98828125,4,52.92,0.11,52.73,0.08,1899,0.98046875,RETURNED
11,1,256,1.0,5,34.79,0.13,34.55,0.1,1270,0.984375,RETURNED
11,2,256,0.921875,0,52.66,0.23,52.33,0.1,1908,0.66796875,RETURNED
11,2,256,0.9453125,1,50.75,0.17,50.48,0.1,1907,0.88671875,RETURNED
11,2,256,0.95703125,2,55.6,0.21,55.29,0.11,1909,0.91015625,RETURNED
11,2,256,0.98046875,3,55.07,0.24,54.72,0.11,1914,0.96875,RETURNED
11,2,256,0.9921875,4,52.61,0.14,52.37,0.1,1899,0.98828125,RETURNED
11,2,256,0.99609375,5,50.69,0.13,50.47,0.09,1914,0.984375,RETURNED
11,3,256,0.921875,0,53.35,0.23,52.96,0.16,1908,0.6171875,RETURNED
11,3,256,0.9609375,1,52.3,0.14,52.06,0.1,1907,0.890625,RETURNED
11,3,256,0.96875,2,54.92,0.16,54.59,0.17,1909,0.91015625,RETURNED
11,3,256,0.93359375,3,54.45,0.1,54.16,0.19,1914,0.796875,RETURNED
11,3,256,0.98046875,4,53.46,0.19,53.2,0.07,1899,0.96875,RETURNED
11,3,256,0.984375,5,49.63,0.11,49.4,0.12,1914,0.97265625,RETURNED
12,410.05,0.34
12,0,256,0.97265625,0,53.53,0.13,53.21,0.19,1908,0.95703125,RETURNED
12,0,256,0.97265625,1,53.54,0.22,53.24,0.08,1907,0.93359375,RETURNED
12,0,256,0.97265625,2,54.28,0.18,53.93,0.17,1909,0.95703125,RETURNED
12,0,256,0.9921875,3,55.96,0.34,55.49,0.13,1914,0.9921875,RETURNED
12,1,256,0.97265625,0,53.78,0.18,53.47,0.12,1908,0.94140625,RETURNED
12,1,256,0.98828125,1,54.34,0.23,53.98,0.13,1907,0.96875,RETURNED
12,1,256,0.98046875,2,54.33,0.13,54.08,0.11,1909,0.97265625,RETURNED
12,1,256,0.99609375,3,57.0,0.32,56.61,0.07,1914,0.98828125,RETURNED
12,2,256,0.95703125,0,53.3,0.26,52.85,0.18,1908,0.9453125,RETURNED
12,2,256,0.98828125,1,53.65,0.19,53.35,0.11,1907,0.96484375,RETURNED
12,2,256,0.98046875,2,51.62,0.19,51.24,0.19,1909,0.94921875,RETURNED
12,2,256,1.0,3,24.3,0.12,24.09,0.09,825,0.98046875,RETURNED
12,3,256,0.9765625,0,54.88,0.36,54.43,0.09,1908,0.9453125,RETURNED
12,3,256,0.98046875,1,55.16,0.15,54.85,0.16,1907,0.9765625,RETURNED
12,3,256,0.98046875,2,54.04,0.14,53.82,0.08,1909,0.97265625,RETURNED
12,3,256,0.99609375,3,56.13,0.15,55.75,0.23,1914,0.9765625,RETURNED
13,246.77,0.29
13,0,256,0.9140625,0,30.47,0.1,30.28,0.1,1908,0.640625,RETURNED
13,0,256,0.91015625,1,30.61,0.1,30.43,0.08,1907,0.625,RETURNED
13,0,256,0.96875,2,30.81,0.24,30.25,0.31,1909,0.9609375,RETURNED
13,0,256,0.95703125,3,30.84,0.13,30.64,0.07,1914,0.94921875,RETURNED
13,0,256,0.9921875,4,30.7,0.15,30.44,0.1,1899,0.9921875,RETURNED
13,0,256,0.9921875,5,30.76,0.28,30.37,0.11,1914,0.9921875,RETURNED
13,0,256,0.99609375,6,30.69,0.26,30.43,0.0,1918,0.9765625,LOST
13,1,256,0.90625,0,30.52,0.21,30.19,0.11,1908,0.62109375,RETURNED
13,1,256,0.94921875,1,30.66,0.3,30.27,0.09,1907,0.90625,RETURNED
13,1,256,0.94921875,2,30.64,0.17,30.17,0.31,1909,0.90234375,RETURNED
13,1,256,0.9921875,3,30.75,0.13,30.55,0.07,1914,0.96875,RETURNED
13,1,256,0.9921875,4,30.69,0.23,30.33,0.14,1899,0.9921875,RETURNED
13,1,256,0.98828125,5,30.56,0.12,30.34,0.1,1914,0.98828125,RETURNED
13,1,256,0.98828125,6,30.45,0.11,30.33,0.0,1918,0.96875,LOST
13,2,256,0.92578125,0,30.47,0.12,30.25,0.1,1908,0.6171875,RETURNED
13,2,256,0.9609375,1,30.56,0.12,30.34,0.1,1907,0.87890625,RETURNED
13,2,256,0.97265625,2,30.8,0.26,30.31,0.23,1909,0.9375,RETURNED
13,2,256,0.984375,3,30.98,0.11,30.71,0.15,1914,0.96484375,RETURNED
13,2,256,0.98828125,4,30.63,0.14,30.41,0.09,1899,0.98046875,RETURNED
13,2,256,0.9921875,5,30.52,0.09,30.37,0.07,1914,0.9921875,RETURNED
13,2,256,0.99609375,6,30.63,0.2,30.43,0.0,1918,0.98046875,LOST
13,3,256,0.921875,0,30.54,0.27,30.18,0.09,1908,0.62109375,RETURNED
13,3,256,0.921875,1,30.56,0.16,30.32,0.08,1907,0.62109375,RETURNED
13,3,256,0.94140625,2,30.33,0.09,30.16,0.08,1909,0.921875,RETURNED
13,3,256,0.953125,3,31.22,0.27,30.58,0.36,1914,0.91796875,RETURNED
13,3,256,0.99609375,4,31.06,0.68,30.3,0.08,1899,0.984375,RETURNED
13,3,256,0.97265625,5,30.55,0.16,30.31,0.08,1914,0.95703125,RETURNED
13,3,256,1.0,6,6.78,0.12,6.58,0.08,418,0.99609375,RETURNED
14,360.03,0.28
14,0,256,0.921875,0,53.59,0.19,53.28,0.12,1908,0.63671875,RETURNED
14,0,256,0.95703125,1,54.97,0.28,54.49,0.2,1907,0.91796875,RETURNED
14,0,256,0.9765625,2,51.66,0.44,51.06,0.16,1909,0.94921875,RETURNED
14,0,256,0.95703125,3,54.78,0.14,54.48,0.17,1914,0.9453125,RETURNED
14,0,256,0.953125,4,53.8,1.18,52.44,0.17,1899,0.921875,RETURNED
14,0,256,0.98828125,5,47.53,0.24,47.14,0.16,1914,0.9765625,RETURNED
14,1,256,0.921875,0,54.31,0.17,53.97,0.18,1908,0.6171875,RETURNED
14,1,256,0.9609375,1,53.91,0.14,53.49,0.27,1907,0.921875,RETURNED
14,1,256,0.9296875,2,52.22,0.16,51.92,0.13,1909,0.87890625,RETURNED
14,1,256,0.9921875,3,55.35,0.26,54.95,0.14,1914,0.9765625,RETURNED
14,1,256,0.96484375,4,53.66,0.29,53.25,0.12,1899,0.87890625,RETURNED
14,1,256,0.98046875,5,47.46,0.23,47.05,0.18,1914,0.97265625,RETURNED
14,2,256,0.890625,0,55.71,0.21,55.29,0.21,1908,0.6171875,RETURNED
14,2,256,0.9609375,1,54.64,0.13,54.43,0.08,1907,0.8671875,RETURNED
14,2,256,0.98828125,2,52.27,0.13,51.97,0.16,1909,0.953125,RETURNED
14,2,256,0.984375,3,54.31,0.2,53.88,0.22,1914,0.9609375,RETURNED
14,2,256,0.984375,4,53.05,0.17,52.75,0.12,1899,0.9765625,RETURNED
14,2,256,1.0,5,3.0,0.24,2.44,0.32,92,0.9921875,RETURNED
14,3,256,0.90625,0,54.09,0.14,53.85,0.1,1908,0.609375,RETURNED
14,3,256,0.95703125,1,54.9,0.17,54.06,0.66,1907,0.90625,RETURNED
14,3,256,0.98046875,2,51.25,0.12,50.9,0.23,1909,0.9609375,RETURNED
14,3,256,0.9765625,3,53.71,0.11,53.48,0.11,1914,0.953125,RETURNED
14,3,256,0.99609375,4,54.33,0.13,54.03,0.17,1899,0.98828125,RETURNED
14,3,256,0.9921875,5,47.19,0.14,46.98,0.08,1914,0.9921875,RETURNED
15,352.87,0.27
15,0,256,0.890625,0,53.32,0.29,52.87,0.16,1908,0.62890625,RETURNED
15,0,256,0.953125,1,56.44,0.28,56.07,0.09,1907,0.8125,RETURNED
15,0,256,0.953125,2,54.16,0.1,53.97,0.09,1909,0.92578125,RETURNED
15,0,256,0.97265625,3,54.18,0.29,53.8,0.1,1914,0.9453125,RETURNED
15,0,256,0.96484375,4,55.25,0.11,54.82,0.32,1899,0.9453125,RETURNED
15,0,256,0.99609375,5,53.32,0.11,52.96,0.26,1914,0.984375,RETURNED
15,1,256,0.91796875,0,52.37,0.18,51.89,0.3,1908,0.61328125,RETURNED
15,1,256,0.91796875,1,55.01,0.4,54.48,0.13,1907,0.6171875,RETURNED
15,1,256,0.98046875,2,54.65,0.1,54.46,0.1,1909,0.95703125,RETURNED
15,1,256,0.97265625,3,52.93,0.21,52.64,0.08,1914,0.94921875,RETURNED
15,1,256,0.99609375,4,53.73,0.43,53.2,0.1,1899,0.98046875,RETURNED
15,1,256,1.0,5,40.99,0.12,40.68,0.19,1391,0.9921875,RETURNED
15,2,256,0.91796875,0,53.68,0.14,53.39,0.15,1908,0.61328125,RETURNED
15,2,256,0.88671875,1,56.96,0.26,56.61,0.09,1907,0.6328125,RETURNED
15,2,256,0.92578125,2,57.05,0.21,56.7,0.14,1909,0.8828125,RETURNED
15,2,256,0.9765625,3,54.04,0.26,53.67,0.11,1914,0.921875,RETURNED
15,2,256,0.9453125,4,57.41,0.11,57.17,0.13,1899,0.9296875,RETURNED
15,2,256,0.9765625,5,52.88,0.13,52.64,0.1,1914,0.96875,RETURNED
15,3,256,0.90625,0,51.48,0.25,51.12,0.11,1908,0.65234375,RETURNED
15,3,256,0.9609375,1,54.41,0.15,54.16,0.1,1907,0.90234375,RETURNED
15,3,256,0.93359375,2,53.66,0.19,53.23,0.24,1909,0.8828125,RETURNED
15,3,256,0.9765625,3,52.37,0.23,51.96,0.18,1914,0.9609375,RETURNED
15,3,256,0.99609375,4,54.01,0.11,53.78,0.12,1899,0.98046875,RETURNED
15,3,256,0.984375,5,55.45,0.22,55.1,0.12,1914,0.9765625,RETURNED
16,444.65,0.25
16,0,256,0.8984375,0,55.79,0.13,55.32,0.35,1908,0.6171875,RETURNED
16,0,256,0.90625,1,50.82,0.1,50.59,0.13,1907,0.63671875,RETURNED
16,0,256,0.94921875,2,54.52,0.2,54.21,0.11,1909,0.8828125,RETURNED
16,0,256,0.95703125,3,50.48,0.09,50.05,0.34,1914,0.875,RETURNED
16,0,256,0.984375,4,54.4,0.18,54.06,0.15,1899,0.94921875,RETURNED
16,0,256,0.98828125,5,55.43,0.14,55.2,0.08,1914,0.95703125,RETURNED
16,0,256,0.98828125,6,53.39,0.1,53.29,0.0,1918,0.984375,LOST
16,0,256,0.9921875,7,42.47,0.13,42.21,0.13,1903,0.98828125,RETURNED
16,1,256,0.90234375,0,54.58,0.11,54.28,0.19,1908,0.62109375,RETURNED
16,1,256,0.90234375,1,55.26,0.22,54.87,0.17,1907,0.609375,RETURNED
16,1,256,0.953125,2,51.53,0.12,51.35,0.07,1909,0.8984375,RETURNED
16,1,256,0.9609375,3,52.77,0.18,52.48,0.1,1914,0.953125,RETURNED
16,1,256,0.9765625,4,54.12,0.16,53.85,0.11,1899,0.94921875,RETURNED
16,1,256,0.96875,5,56.5,0.16,56.15,0.19,1914,0.94140625,RETURNED
16,1,256,0.9765625,6,50.24,0.17,50.07,0.0,1918,0.9609375,LOST
16,2,256,0.8984375,0,56.19,0.12,55.96,0.1,1908,0.6328125,RETURNED
16,2,256,0.90625,1,53.02,0.19,52.65,0.17,1907,0.625,RETURNED
16,2,256,0.9453125,2,53.55,0.23,53.22,0.1,1909,0.87890625,RETURNED
16,2,256,0.97265625,3,51.99,0.1,51.72,0.17,1914,0.9453125,RETURNED
16,2,256,0.94140625,4,54.57,0.11,54.37,0.1,1899,0.9453125,RETURNED
16,2,256,0.97265625,5,57.15,0.11,56.93,0.12,1914,0.9609375,RETURNED
16,2,256,0.984375,6,52.63,0.12,52.5,0.0,1918,0.98046875,LOST
16,3,256,0.89453125,0,54.32,0.1,54.07,0.15,1908,0.6328125,RETURNED
16,3,256,0.94921875,1,53.38,0.23,53.02,0.13,1907,0.8828125,RETURNED
16,3,256,0.94921875,2,53.24,0.23,52.89,0.13,1909,0.89453125,RETURNED
16,3,256,0.97265625,3,51.76,0.12,51.53,0.11,1914,0.9453125,RETURNED
16,3,256,0.98046875,4,53.65,0.11,53.47,0.08,1899,0.95703125,RETURNED
16,3,256,0.99609375,5,56.73,0.13,56.22,0.38,1914,0.984375,RETURNED
16,3,256,1.0,6,34.43,0.1,34.14,0.19,1205,0.99609375,RETURNED
17,415.27,0.29
17,0,256,0.90625,0,52.94,0.1,52.74,0.1,1908,0.6171875,RETURNED
17,0,256,0.953125,1,56.58,0.1,56.36,0.12,1907,0.84765625,RETURNED
17,0,256,0.9609375,2,54.71,0.11,54.44,0.15,1909,0.9453125,RETURNED
17,0,256,0.96875,3,54.08,0.12,53.66,0.3,1914,0.9375,RETURNED
17,0,256,0.984375,4,54.56,0.14,54.2,0.22,1899,0.96875,RETURNED
17,0,256,0.98828125,5,55.71,0.11,55.34,0.26,1914,0.984375,RETURNED
17,0,256,0.9765625,6,51.38,0.17,51.21,0.0,1918,0.94921875,LOST
17,1,256,0.921875,0,51.17,0.16,50.92,0.09,1908,0.62109375,RETURNED
17,1,256,0.89453125,1,54.71,0.16,54.39,0.16,1907,0.625,RETURNED
17,1,256,0.9609375,2,54.16,0.16,53.84,0.16,1909,0.890625,RETURNED
17,1,256,0.953125,3,53.82,0.17,52.92,0.73,1914,0.890625,RETURNED
17,1,256,0.9921875,4,53.52,0.24,53.13,0.16,1899,0.9609375,RETURNED
17,1,256,0.98046875,5,55.04,0.52,54.39,0.13,1914,0.97265625,RETURNED
17,1,256,0.9921875,6,53.13,0.18,52.94,0.0,1918,0.984375,LOST
17,2,256,0.92578125,0,52.19,0.18,51.94,0.07,1908,0.6328125,RETURNED
17,2,256,0.96875,1,56.56,0.12,56.25,0.19,1907,0.921875,RETURNED
17,2,256,0.953125,2,53.8,0.09,53.63,0.08,1909,0.94921875,RETURNED
17,2,256,0.9765625,3,52.44,0.1,52.24,0.1,1914,0.96875,RETURNED
17,2,256,0.98828125,4,52.64,0.15,52.37,0.12,1899,0.9765625,RETURNED
17,2,256,0.9921875,5,53.13,0.12,52.9,0.12,1914,0.98828125,RETURNED
17,2,256,1.0,6,52.83,0.1,52.62,0.1,1888,0.9921875,RETURNED
17,3,256,0.90625,0,52.28,0.17,51.98,0.13,1908,0.63671875,RETURNED
17,3,256,0.95703125,1,57.67,0.11,57.46,0.11,1907,0.921875,RETURNED
17,3,256,0.93359375,2,53.18,0.22,52.77,0.19,1909,0.859375,RETURNED
17,3,256,0.9609375,3,52.25,0.2,51.95,0.1,1914,0.96875,RETURNED
17,3,256,0.984375,4,53.11,0.15,52.86,0.1,1899,0.96875,RETURNED
17,3,256,0.98046875,5,54.96,0.17,54.67,0.12,1914,0.96875,RETURNED
17,3,256,0.98046875,6,53.83,0.14,53.69,0.0,1918,0.984375,LOST
18,244.36,0.26
18,0,256,0.890625,0,30.7,0.11,30.38,0.21,1908,0.62890625,RETURNED
18,0,256,0.9140625,1,31.78,0.25,31.47,0.07,1907,0.625,RETURNED
18,0,256,0.96484375,2,30.55,0.11,30.35,0.08,1909,0.91015625,RETURNED
18,0,256,0.98046875,3,31.14,0.37,30.66,0.11,1914,0.94921875,RETURNED
18,0,256,0.96484375,4,30.42,0.12,30.13,0.18,1899,0.953125,RETURNED
18,0,256,0.97265625,5,30.49,0.09,30.25,0.15,1914,0.953125,RETURNED
18,0,256,0.99609375,6,30.73,0.18,30.56,0.0,1918,0.9921875,LOST
18,1,256,0.90234375,0,30.48,0.14,30.27,0.07,1908,0.625,RETURNED
18,1,256,0.90234375,1,32.43,0.17,31.45,0.81,1907,0.62109375,RETURNED
18,1,256,0.96484375,2,30.48,0.16,30.16,0.17,1909,0.90234375,RETURNED
18,1,256,0.96875,3,30.79,0.13,30.58,0.08,1914,0.953125,RETURNED
18,1,256,0.9921875,4,30.41,0.16,30.09,0.16,1899,0.98046875,RETURNED
18,1,256,0.96875,5,30.45,0.12,30.25,0.09,1914,0.9453125,RETURNED
18,1,256,0.9921875,6,30.63,0.15,30.48,0.0,1918,0.98046875,LOST
18,2,256,0.90234375,0,30.5,0.13,30.28,0.09,1908,0.62890625,RETURNED
18,2,256,0.9375,1,31.72,0.16,31.46,0.1,1907,0.7890625,RETURNED
18,2,256,0.91796875,2,30.48,0.1,30.22,0.16,1909,0.90234375,RETURNED
18,2,256,0.91015625,3,30.82,0.15,30.59,0.07,1914,0.7890625,RETURNED
18,2,256,0.99609375,4,30.28,0.1,30.03,0.15,1899,0.96875,RETURNED
18,2,256,0.98828125,5,30.57,0.15,30.17,0.26,1914,0.984375,RETURNED
18,2,256,1.0,6,28.18,0.17,27.92,0.09,1757,0.98828125,RETURNED
18,3,256,0.89453125,0,30.6,0.14,30.36,0.09,1908,0.6328125,RETURNED
18,3,256,0.9453125,1,31.93,0.2,31.59,0.14,1907,0.89453125,RETURNED
18,3,256,0.96875,2,30.88,0.4,30.37,0.11,1909,0.8984375,RETURNED
18,3,256,0.97265625,3,30.93,0.12,30.69,0.12,1914,0.96875,RETURNED
18,3,256,0.9921875,4,30.45,0.15,30.2,0.1,1899,0.97265625,RETURNED
18,3,256,0.98828125,5,30.72,0.11,30.28,0.34,1914,0.9765625,RETURNED
18,3,256,1.0,6,25.84,0.1,25.63,0.11,1607,0.9921875,RETURNED
19,306.45,0.32
19,0,256,0.90625,0,35.6,0.11,35.38,0.11,1908,0.6171875,RETURNED
19,0,256,0.9453125,1,35.27,0.28,34.83,0.16,1907,0.8828125,RETURNED
19,0,256,0.96484375,2,35.66,0.12,35.43,0.11,1909,0.94140625,RETURNED
19,0,256,0.98046875,3,35.28,0.16,35.03,0.08,1914,0.9609375,RETURNED
19,0,256,0.98046875,4,35.05,0.12,34.82,0.11,1899,0.96484375,RETURNED
19,0,256,0.99609375,5,45.55,0.15,35.27,10.13,1914,0.984375,RETURNED
19,0,256,1.0,6,30.0,0.19,29.59,0.22,1607,0.99609375,RETURNED
19,1,256,0.9140625,0,34.96,0.17,34.71,0.07,1908,0.6171875,RETURNED
19,1,256,0.91796875,1,34.46,0.12,34.2,0.14,1907,0.6171875,RETURNED
19,1,256,0.9453125,2,34.98,0.14,34.77,0.07,1909,0.88671875,RETURNED
19,1,256,0.96875,3,34.49,0.1,34.32,0.08,1914,0.9453125,RETURNED
19,1,256,0.984375,4,34.34,0.15,34.1,0.09,1899,0.97265625,RETURNED
19,1,256,0.9921875,5,54.89,0.12,34.67,20.1,1914,0.98046875,RETURNED
19,1,256,0.96484375,6,34.69,0.15,34.54,0.0,1918,0.94921875,LOST
19,2,256,0.8984375,0,35.36,0.1,35.16,0.1,1908,0.61328125,RETURNED
19,2,256,0.9453125,1,34.97,0.1,34.68,0.19,1907,0.86328125,RETURNED
19,2,256,0.97265625,2,35.85,0.54,35.19,0.11,1909,0.92578125,RETURNED
19,2,256,0.96484375,3,35.2,0.11,35.01,0.08,1914,0.90625,RETURNED
19,2,256,0.96484375,4,34.92,0.18,34.58,0.16,1899,0.94921875,RETURNED
19,2,256,0.984375,5,50.21,0.1,34.97,15.14,1914,0.91796875,RETURNED
19,2,256,0.984375,6,35.3,0.3,34.99,0.0,1918,0.98046875,LOST
19,3,256,0.8984375,0,34.91,0.12,34.7,0.09,1908,0.6171875,RETURNED
19,3,256,0.88671875,1,34.48,0.11,34.23,0.14,1907,0.62890625,RETURNED
19,3,256,0.94921875,2,35.05,0.14,34.81,0.1,1909,0.86328125,RETURNED
19,3,256,0.95703125,3,34.69,0.18,34.4,0.1,1914,0.92578125,RETURNED
19,3,256,0.953125,4,34.19,0.12,33.98,0.09,1899,0.8984375,RETURNED
19,3,256,0.9921875,5,49.8,0.16,34.47,15.17,1914,0.953125,RETURNED
19,3,256,1.0,6,28.04,0.11,27.76,0.17,1548,0.984375,RETURNED
20,328.56,0.28
20,0,256,0.92578125,0,30.68,0.12,30.31,0.25,1908,0.63671875,RETURNED
20,0,256,0.9375,1,30.64,0.22,30.22,0.2,1907,0.71875,RETURNED
20,0,256,0.921875,2,30.52,0.1,30.35,0.07,1909,0.7734375,RETURNED
20,0,256,0.97265625,3,30.64,0.16,30.37,0.11,1914,0.921875,RETURNED
20,0,256,0.9765625,4,30.4,0.1,30.2,0.09,1899,0.97265625,RETURNED
20,0,256,0.984375,5,31.2,0.14,30.93,0.13,1914,0.96484375,RETURNED
20,0,256,0.98046875,6,30.62,0.11,30.52,0.0,1918,0.96484375,LOST
20,0,256,0.99609375,7,30.57,0.14,30.26,0.17,1903,0.97265625,RETURNED
20,0,256,0.9921875,8,30.86,0.19,30.67,0.0,1916,0.98828125,LOST
20,0,256,0.99609375,9,30.91,0.17,30.64,0.1,1911,0.99609375,RETURNED
20,1,256,0.91796875,0,31.34,0.36,30.56,0.43,1908,0.61328125,RETURNED
20,1,256,0.8984375,1,30.78,0.17,30.51,0.09,1907,0.6171875,RETURNED
20,1,256,0.984375,2,30.89,0.14,30.55,0.2,1909,0.9453125,RETURNED
20,1,256,0.98046875,3,31.0,0.12,30.66,0.22,1914,0.9609375,RETURNED
20,1,256,0.98046875,4,31.09,0.42,30.53,0.14,1899,0.96875,RETURNED
20,1,256,0.94140625,5,31.31,0.09,31.14,0.07,1914,0.875,RETURNED
20,1,256,0.96484375,6,31.1,0.29,30.81,0.0,1918,0.94921875,LOST
20,1,256,0.98046875,7,30.87,0.14,30.58,0.14,1903,0.9609375,RETURNED
20,1,256,0.984375,8,31.13,0.2,30.93,0.0,1916,0.984375,LOST
20,2,256,0.89453125,0,30.78,0.18,30.51,0.1,1908,0.62109375,RETURNED
20,2,256,0.8984375,1,30.76,0.1,30.44,0.22,1907,0.6328125,RETURNED
20,2,256,0.96484375,2,30.67,0.1,30.46,0.11,1909,0.9140625,RETURNED
20,2,256,0.9765625,3,30.7,0.17,30.47,0.07,1914,0.96484375,RETURNED
20,2,256,0.97265625,4,30.59,0.15,30.32,0.12,1899,0.94921875,RETURNED
20,2,256,0.98046875,5,31.29,0.12,31.09,0.07,1914,0.953125,RETURNED
20,2,256,0.98046875,6,30.78,0.12,30.65,0.0,1918,0.97265625,LOST
20,2,256,0.98046875,7,30.6,0.13,30.38,0.08,1903,0.97265625,RETURNED
20,2,256,1.0,8,30.93,0.14,30.79,0.0,1916,0.99609375,LOST
20,3,256,0.8984375,0,31.04,0.1,30.72,0.23,1908,0.62109375,RETURNED
20,3,256,0.953125,1,30.87,0.13,30.66,0.08,1907,0.86328125,RETURNED
20,3,256,0.96484375,2,31.01,0.22,30.71,0.07,1909,0.9375,RETURNED
20,3,256,0.9609375,3,31.0,0.15,30.7,0.15,1914,0.921875,RETURNED
20,3,256,0.95703125,4,30.85,0.16,30.54,0.14,1899,0.94140625,RETURNED
20,3,256,0.98828125,5,31.53,0.21,31.23,0.09,1914,0.93359375,RETURNED
20,3,256,0.98046875,6,31.0,0.13,30.87,0.0,1918,0.9609375,LOST
20,3,256,0.9921875,7,30.95,0.17,30.67,0.1,1903,0.96875,RETURNED
20,3,256,0.99609375,8,31.58,0.54,31.04,0.0,1916,0.98828125,LOST
21,377.78,0.29
21,0,256,0.921875,0,54.21,0.25,53.87,0.09,1908,0.62890625,RETURNED
21,0,256,0.9453125,1,51.24,0.42,50.67,0.15,1907,0.90625,RETURNED
21,0,256,0.953125,2,51.57,0.22,51.13,0.22,1909,0.90625,RETURNED
21,0,256,0.97265625,3,52.71,0.14,52.36,0.22,1914,0.953125,RETURNED
21,0,256,0.9765625,4,54.75,0.26,54.39,0.1,1899,0.97265625,RETURNED
21,0,256,0.9921875,5,53.5,0.24,53.03,0.23,1914,0.98828125,RETURNED
21,1,256,0.921875,0,54.89,0.18,54.64,0.07,1908,0.62890625,RETURNED
21,1,256,0.95703125,1,52.71,0.35,52.22,0.13,1907,0.91796875,RETURNED
21,1,256,0.97265625,2,52.04,0.19,51.75,0.1,1909,0.9453125,RETURNED
21,1,256,0.98828125,3,53.32,0.2,52.98,0.14,1914,0.96875,RETURNED
21,1,256,0.98828125,4,53.1,0.17,52.75,0.18,1899,0.98828125,RETURNED
21,1,256,0.9921875,5,55.69,0.11,55.4,0.17,1914,0.98828125,RETURNED
21,2,256,0.91796875,0,53.92,0.15,53.58,0.19,1908,0.62109375,RETURNED
21,2,256,0.92578125,1,53.09,0.17,52.81,0.11,1907,0.61328125,RETURNED
21,2,256,0.96875,2,51.6,0.25,51.18,0.17,1909,0.92578125,RETURNED
21,2,256,0.96875,3,52.42,0.21,52.11,0.09,1914,0.9453125,RETURNED
21,2,256,0.9921875,4,54.41,0.33,54.0,0.09,1899,0.96875,RETURNED
21,2,256,1.0,5,28.39,0.25,27.99,0.15,882,0.9765625,RETURNED
21,3,256,0.8984375,0,53.88,0.21,53.55,0.11,1908,0.6171875,RETURNED
21,3,256,0.94921875,1,52.28,0.14,51.97,0.17,1907,0.8515625,RETURNED
21,3,256,0.9609375,2,52.39,0.26,51.99,0.13,1909,0.93359375,RETURNED
21,3,256,0.98046875,3,53.37,0.33,52.9,0.13,1914,0.96875,RETURNED
21,3,256,0.98046875,4,54.44,0.23,54.13,0.08,1899,0.97265625,RETURNED
21,3,256,0.98828125,5,53.52,0.32,53.1,0.11,1914,0.98046875,RETURNED
22,249.65,0.22
22,0,256,0.8984375,0,30.91,0.14,30.61,0.16,1908,0.6328125,RETURNED
22,0,256,0.97265625,1,31.22,0.12,30.99,0.11,1907,0.90625,RETURNED
22,0,256,0.9609375,2,30.9,0.14,30.65,0.11,1909,0.9609375,RETURNED
22,0,256,0.97265625,3,30.89,0.19,30.63,0.07,1914,0.9375,RETURNED
22,0,256,0.9921875,4,31.18,0.09,30.98,0.1,1899,0.9765625,RETURNED
22,0,256,0.9765625,5,31.39,0.12,31.16,0.12,1914,0.95703125,RETURNED
22,0,256,0.9921875,6,31.16,0.12,31.03,0.0,1918,0.9921875,LOST
22,1,256,0.90625,0,30.53,0.12,30.34,0.08,1908,0.61328125,RETURNED
22,1,256,0.9375,1,31.05,0.1,30.78,0.16,1907,0.87890625,RETURNED
22,1,256,0.9765625,2,31.02,0.5,30.41,0.11,1909,0.953125,RETURNED
22,1,256,0.984375,3,30.66,0.12,30.47,0.07,1914,0.9765625,RETURNED
22,1,256,0.984375,4,30.9,0.14,30.66,0.11,1899,0.9609375,RETURNED
22,1,256,0.99609375,5,31.42,0.14,31.12,0.15,1914,0.984375,RETURNED
22,1,256,1.0,6,13.9,0.11,13.45,0.34,838,0.99609375,RETURNED
22,2,256,0.92578125,0,30.64,0.12,30.24,0.28,1908,0.62890625,RETURNED
22,2,256,0.953125,1,31.02,0.1,30.65,0.26,1907,0.8984375,RETURNED
22,2,256,0.95703125,2,30.59,0.19,30.29,0.11,1909,0.91015625,RETURNED
22,2,256,0.97265625,3,30.54,0.14,30.33,0.07,1914,0.96484375,RETURNED
22,2,256,0.98046875,4,30.65,0.11,30.45,0.08,1899,0.95703125,RETURNED
22,2,256,0.984375,5,31.28,0.12,31.02,0.14,1914,0.98046875,RETURNED
22,2,256,0.984375,6,30.89,0.21,30.68,0.0,1918,0.984375,LOST
22,3,256,0.8984375,0,30.35,0.14,30.05,0.16,1908,0.62109375,RETURNED
22,3,256,0.90625,1,30.79,0.14,30.53,0.12,1907,0.62890625,RETURNED
22,3,256,0.96484375,2,30.5,0.18,30.21,0.11,1909,0.90625,RETURNED
22,3,256,0.98046875,3,30.43,0.16,30.16,0.11,1914,0.9609375,RETURNED
22,3,256,0.9921875,4,30.46,0.1,30.22,0.13,1899,0.9765625,RETURNED
22,3,256,0.98828125,5,31.62,0.49,30.93,0.19,1914,0.984375,RETURNED
22,3,256,0.98828125,6,30.96,0.1,30.86,0.0,1918,0.98828125,LOST
23,320.59,0.27
23,0,256,0.89453125,0,47.97,0.12,47.69,0.17,1908,0.6171875,RETURNED
23,0,256,0.9609375,1,49.36,0.13,49.11,0.12,1907,0.87890625,RETURNED
23,0,256,0.92578125,2,49.1,0.21,48.72,0.17,1909,0.87890625,RETURNED
23,0,256,0.97265625,3,50.21,0.26,49.79,0.15,1914,0.9140625,RETURNED
23,0,256,0.98828125,4,53.24,0.11,52.99,0.13,1899,0.98828125,RETURNED
23,0,256,0.98046875,5,51.66,0.13,51.43,0.1,1914,0.91796875,RETURNED
23,1,256,0.88671875,0,47.87,0.13,47.64,0.1,1908,0.62109375,RETURNED
23,1,256,0.92578125,1,50.35,0.13,50.0,0.22,1907,0.82421875,RETURNED
23,1,256,0.96484375,2,48.25,0.15,48.02,0.08,1909,0.94921875,RETURNED
23,1,256,0.9609375,3,50.55,0.13,50.21,0.21,1914,0.94140625,RETURNED
23,1,256,0.9921875,4,54.66,0.11,54.46,0.09,1899,0.984375,RETURNED
23,1,256,0.984375,5,53.21,0.34,52.79,0.08,1914,0.95703125,RETURNED
23,2,256,0.9140625,0,49.19,0.18,48.82,0.19,1908,0.6171875,RETURNED
23,2,256,0.96484375,1,50.3,0.15,50.07,0.08,1907,0.8671875,RETURNED
23,2,256,0.984375,2,48.08,0.26,47.74,0.08,1909,0.93359375,RETURNED
23,2,256,0.97265625,3,49.77,0.1,49.53,0.14,1914,0.96484375,RETURNED
23,2,256,0.984375,4,52.85,0.2,52.52,0.12,1899,0.9609375,RETURNED
23,2,256,0.98046875,5,52.96,0.12,52.46,0.38,1914,0.9453125,RETURNED
23,3,256,0.9140625,0,30.89,0.28,30.49,0.12,1908,0.62109375,RETURNED
23,3,256,0.91015625,1,31.24,0.14,31.02,0.08,1907,0.62109375,RETURNED
23,3,256,0.9296875,2,30.76,0.27,30.29,0.2,1909,0.87109375,RETURNED
23,3,256,0.96484375,3,30.63,0.23,30.28,0.12,1914,0.91796875,RETURNED
23,3,256,0.98046875,4,30.26,0.16,30.02,0.08,1899,0.96484375,RETURNED
23,3,256,0.98046875,5,30.49,0.09,30.31,0.08,1914,0.953125,RETURNED
23,3,256,0.99609375,6,30.47,0.1,30.37,0.0,1918,0.9765625,LOST
23,3,256,0.9765625,7,40.59,0.17,30.33,10.09,1903,0.97265625,RETURNED
23,3,256,0.99609375,8,30.41,0.11,30.3,0.0,1916,0.9921875,LOST
23,3,256,1.0,9,15.57,0.14,15.32,0.11,954,0.9921875,RETURNED
24,357.29,0.31
24,0,256,0.921875,0,36.3,0.1,35.82,0.39,1908,0.6171875,RETURNED
24,0,256,0.90234375,1,36.0,0.22,35.69,0.08,1907,0.62109375,RETURNED
24,0,256,0.96484375,2,36.01,0.2,35.71,0.1,1909,0.9140625,RETURNED
24,0,256,0.984375,3,35.8,0.16,35.5,0.14,1914,0.97265625,RETURNED
24,0,256,0.98046875,4,35.35,0.11,35.13,0.1,1899,0.98046875,RETURNED
24,0,256,0.98828125,5,35.96,0.11,35.78,0.07,1914,0.98046875,RETURNED
24,0,256,0.98828125,6,36.14,0.18,35.97,0.0,1918,0.98828125,LOST
24,0,256,0.9921875,7,35.73,0.18,35.44,0.11,1903,0.984375,RETURNED
24,0,256,0.98046875,8,35.7,0.12,35.58,0.0,1916,0.98046875,LOST
24,1,256,0.91015625,0,35.34,0.64,34.55,0.16,1908,0.63671875,RETURNED
24,1,256,0.953125,1,35.07,0.14,34.8,0.13,1907,0.89453125,RETURNED
24,1,256,0.98046875,2,35.0,0.15,34.65,0.19,1909,0.953125,RETURNED
24,1,256,0.9921875,3,34.95,0.17,34.66,0.11,1914,0.95703125,RETURNED
24,1,256,0.97265625,4,34.3,0.12,34.09,0.1,1899,0.9921875,RETURNED
24,1,256,0.99609375,5,35.23,0.09,35.04,0.1,1914,0.9921875,RETURNED
24,1,256,0.98828125,6,35.13,0.18,34.95,0.0,1918,0.99609375,LOST
24,1,256,0.98828125,7,34.98,0.16,34.74,0.08,1903,0.98046875,RETURNED
24,1,256,1.0,8,27.66,0.19,27.46,0.0,1524,0.99609375,LOST
24,2,256,0.9140625,0,33.31,0.18,33.03,0.09,1908,0.6171875,RETURNED
24,2,256,0.89453125,1,34.24,0.88,33.28,0.09,1907,0.62109375,RETURNED
24,2,256,0.95703125,2,33.63,0.12,33.44,0.08,1909,0.90625,RETURNED
24,2,256,0.97265625,3,33.47,0.1,33.19,0.17,1914,0.95703125,RETURNED
24,2,256,0.96875,4,33.06,0.15,32.82,0.09,1899,0.95703125,RETURNED
24,2,256,0.98828125,5,33.61,0.16,33.22,0.22,1914,0.9765625,RETURNED
24,2,256,0.99609375,6,33.76,0.22,33.54,0.0,1918,0.984375,LOST
24,2,256,0.98828125,7,33.46,0.09,33.29,0.08,1903,0.984375,RETURNED
24,2,256,0.9921875,8,33.18,0.09,33.09,0.0,1916,0.9921875,LOST
24,2,256,0.9921875,9,33.36,0.14,33.0,0.22,1911,0.98046875,RETURNED
24,3,256,0.8984375,0,34.91,0.2,34.57,0.14,1908,0.62109375,RETURNED
24,3,256,0.96484375,1,34.99,0.43,34.49,0.07,1907,0.8828125,RETURNED
24,3,256,0.94921875,2,35.19,0.09,34.87,0.23,1909,0.8671875,RETURNED
24,3,256,0.97265625,3,34.76,0.15,34.45,0.15,1914,0.953125,RETURNED
24,3,256,0.9765625,4,34.45,0.2,34.14,0.12,1899,0.9375,RETURNED
24,3,256,0.98828125,5,35.03,0.23,34.7,0.1,1914,0.97265625,RETURNED
24,3,256,0.9921875,6,35.12,0.29,34.83,0.0,1918,0.98828125,LOST
24,3,256,0.99609375,7,34.64,0.17,34.34,0.13,1903,0.99609375,RETURNED
24,3,256,0.9921875,8,34.61,0.11,34.51,0.0,1916,0.98828125,LOST
25,314.92,0.32
25,0,256,0.90234375,0,30.77,0.18,30.44,0.14,1908,0.62109375,RETURNED
25,0,256,0.890625,1,30.96,0.26,30.58,0.11,1907,0.6171875,RETURNED
25,0,256,0.95703125,2,30.82,0.1,30.56,0.16,1909,0.86328125,RETURNED
25,0,256,0.97265625,3,31.07,0.21,30.63,0.23,1914,0.9453125,RETURNED
25,0,256,0.9765625,4,31.29,0.17,30.95,0.18,1899,0.953125,RETURNED
25,0,256,0.98828125,5,31.24,0.35,30.76,0.13,1914,0.9609375,RETURNED
25,0,256,0.9765625,6,30.83,0.16,30.68,0.0,1918,0.96484375,LOST
25,0,256,0.96875,7,30.92,0.23,30.48,0.21,1903,0.95703125,RETURNED
25,0,256,0.99609375,8,30.77,0.22,30.55,0.0,1916,0.98046875,LOST
25,1,256,0.8984375,0,30.96,0.12,30.75,0.09,1908,0.62109375,RETURNED
25,1,256,0.9375,1,31.07,0.13,30.82,0.12,1907,0.890625,RETURNED
25,1,256,0.953125,2,31.11,0.15,30.88,0.08,1909,0.890625,RETURNED
25,1,256,0.9609375,3,31.29,0.12,31.03,0.14,1914,0.91796875,RETURNED
25,1,256,0.99609375,4,31.41,0.14,31.18,0.09,1899,0.97265625,RETURNED
25,1,256,0.98046875,5,31.44,0.17,31.01,0.26,1914,0.96875,RETURNED
25,1,256,0.99609375,6,31.08,0.11,30.97,0.0,1918,0.984375,LOST
25,1,256,0.98046875,7,31.21,0.11,30.97,0.12,1903,0.97265625,RETURNED
25,2,256,0.91796875,0,30.86,0.31,30.47,0.08,1908,0.625,RETURNED
25,2,256,0.9453125,1,30.79,0.13,30.57,0.09,1907,0.83203125,RETURNED
25,2,256,0.94921875,2,31.12,0.19,30.63,0.3,1909,0.87890625,RETURNED
25,2,256,0.9765625,3,30.91,0.11,30.7,0.1,1914,0.95703125,RETURNED
25,2,256,0.97265625,4,32.16,1.11,30.86,0.19,1899,0.9453125,RETURNED
25,2,256,0.9921875,5,31.08,0.24,30.76,0.08,1914,0.95703125,RETURNED
25,2,256,0.99609375,6,30.84,0.12,30.72,0.0,1918,0.99609375,LOST
25,2,256,0.99609375,7,30.96,0.26,30.63,0.07,1903,0.98828125,RETURNED
25,3,256,0.92578125,0,30.44,0.17,30.19,0.09,1908,0.625,RETURNED
25,3,256,0.890625,1,30.56,0.17,30.3,0.08,1907,0.61328125,RETURNED
25,3,256,0.9453125,2,30.56,0.15,30.31,0.09,1909,0.8984375,RETURNED
25,3,256,0.9609375,3,30.73,0.18,30.42,0.14,1914,0.92578125,RETURNED
25,3,256,0.98046875,4,30.93,0.1,30.7,0.13,1899,0.953125,RETURNED
25,3,256,0.984375,5,30.78,0.29,30.39,0.1,1914,0.97265625,RETURNED
25,3,256,0.9921875,6,30.79,0.16,30.63,0.0,1918,0.98828125,LOST
25,3,256,0.98046875,7,31.18,0.8,30.25,0.14,1903,0.97265625,RETURNED
25,3,256,1.0,8,1.89,0.22,1.57,0.1,99,0.99609375,RETURNED
26,309.57,0.27
26,0,256,0.91796875,0,35.57,0.26,35.22,0.09,1908,0.6328125,RETURNED
26,0,256,0.9296875,1,35.13,0.09,34.97,0.07,1907,0.85546875,RETURNED
26,0,256,0.9453125,2,35.27,0.27,34.92,0.08,1909,0.9140625,RETURNED
26,0,256,0.9765625,3,38.19,0.14,37.95,0.11,1914,0.9609375,RETURNED
26,0,256,0.98046875,4,35.81,0.18,35.49,0.14,1899,0.94921875,RETURNED
26,0,256,0.98828125,5,35.42,0.11,35.17,0.15,1914,0.98046875,RETURNED
26,0,256,0.98828125,6,35.49,0.16,35.33,0.0,1918,0.98046875,LOST
26,0,256,0.99609375,7,35.53,0.15,35.2,0.19,1903,0.99609375,RETURNED
26,1,256,0.90234375,0,36.35,0.16,36.12,0.07,1908,0.625,RETURNED
26,1,256,0.94921875,1,36.35,0.22,35.77,0.36,1907,0.88671875,RETURNED
26,1,256,0.9765625,2,36.01,0.25,35.67,0.09,1909,0.94921875,RETURNED
26,1,256,0.96875,3,39.05,0.13,38.78,0.14,1914,0.9453125,RETURNED
26,1,256,0.98046875,4,36.65,0.25,36.33,0.07,1899,0.9765625,RETURNED
26,1,256,0.98046875,5,36.3,0.17,36.01,0.12,1914,0.9765625,RETURNED
26,1,256,0.98046875,6,36.23,0.24,36.0,0.0,1918,0.93359375,LOST
26,1,256,1.0,7,1.51,0.58,0.83,0.09,45,0.99609375,RETURNED
26,2,256,0.92578125,0,35.39,0.22,35.09,0.08,1908,0.625,RETURNED
26,2,256,0.95703125,1,34.85,0.1,34.62,0.13,1907,0.91015625,RETURNED
26,2,256,0.94921875,2,34.83,0.15,34.59,0.09,1909,0.92578125,RETURNED
26,2,256,0.9609375,3,37.69,0.2,37.37,0.12,1914,0.94140625,RETURNED
26,2,256,0.9921875,4,35.73,0.13,35.45,0.15,1899,0.9765625,RETURNED
26,2,256,0.99609375,5,35.22,0.2,34.9,0.12,1914,0.9921875,RETURNED
26,2,256,0.98828125,6,35.18,0.13,35.05,0.0,1918,0.98046875,LOST
26,2,256,0.98046875,7,35.19,0.12,34.97,0.11,1903,0.9765625,RETURNED
26,3,256,0.9140625,0,35.12,0.37,34.57,0.19,1908,0.640625,RETURNED
26,3,256,0.88671875,1,34.41,0.09,34.22,0.1,1907,0.61328125,RETURNED
26,3,256,0.9609375,2,34.48,0.25,34.16,0.08,1909,0.87109375,RETURNED
26,3,256,0.953125,3,37.15,0.18,36.83,0.14,1914,0.91796875,RETURNED
26,3,256,0.98828125,4,35.08,0.13,34.82,0.13,1899,0.9765625,RETURNED
26,3,256,0.9921875,5,34.86,0.27,34.47,0.12,1914,0.984375,RETURNED
26,3,256,0.9921875,6,34.78,0.21,34.58,0.0,1918,0.98828125,LOST
26,3,256,0.99609375,7,34.96,0.11,34.76,0.09,1903,0.98828125,RETURNED
27,240.03,0.92
27,0,256,0.90234375,0,30.67,0.12,30.34,0.2,1908,0.61328125,RETURNED
27,0,256,0.953125,1,30.75,0.29,30.39,0.08,1907,0.80859375,RETURNED
27,0,256,0.95703125,2,30.85,0.13,30.37,0.34,1909,0.90625,RETURNED
27,0,256,0.9765625,3,31.14,0.11,30.79,0.24,1914,0.94140625,RETURNED
27,0,256,0.98828125,4,30.73,0.11,30.52,0.1,1899,0.9765625,RETURNED
27,0,256,0.98828125,5,30.83,0.1,30.63,0.1,1914,0.984375,RETURNED
27,0,256,0.984375,6,30.51,0.1,30.41,0.0,1918,0.98046875,LOST
27,1,256,0.88671875,0,30.52,0.1,30.3,0.12,1908,0.62890625,RETURNED
27,1,256,0.94140625,1,30.72,0.32,30.28,0.11,1907,0.8984375,RETURNED
27,1,256,0.94140625,2,30.88,0.53,30.27,0.08,1909,0.93359375,RETURNED
27,1,256,0.984375,3,31.26,0.46,30.62,0.17,1914,0.95703125,RETURNED
27,1,256,0.98046875,4,30.76,0.22,30.44,0.11,1899,0.953125,RETURNED
27,1,256,0.9921875,5,30.92,0.28,30.5,0.13,1914,0.984375,RETURNED
27,1,256,1.0,6,20.05,0.1,19.8,0.15,1252,0.98828125,RETURNED
27,2,256,0.88671875,0,30.51,0.15,30.21,0.14,1908,0.625,RETURNED
27,2,256,0.9296875,1,30.61,0.21,30.25,0.16,1907,0.82421875,RETURNED
27,2,256,0.9765625,2,30.49,0.13,30.22,0.15,1909,0.9375,RETURNED
27,2,256,0.984375,3,30.89,0.16,30.65,0.08,1914,0.9765625,RETURNED
27,2,256,0.9921875,4,30.55,0.12,30.37,0.07,1899,0.95703125,RETURNED
27,2,256,0.984375,5,30.87,0.24,30.48,0.15,1914,0.9765625,RETURNED
27,2,256,0.984375,6,30.39,0.1,30.3,0.0,1918,0.97265625,LOST
27,3,256,0.90234375,0,31.24,0.59,30.15,0.5,1908,0.6171875,RETURNED
27,3,256,0.96484375,1,30.62,0.13,30.18,0.3,1907,0.81640625,RETURNED
27,3,256,0.98046875,2,30.4,0.09,30.18,0.13,1909,0.96484375,RETURNED
27,3,256,0.97265625,3,30.99,0.15,30.56,0.28,1914,0.96484375,RETURNED
27,3,256,0.99609375,4,30.62,0.18,30.37,0.08,1899,0.984375,RETURNED
27,3,256,0.9921875,5,31.0,0.47,30.45,0.09,1914,0.984375,RETURNED
27,3,256,1.0,6,2.14,0.16,1.9,0.08,120,0.9921875,RETURNED
28,333.09,0.29
28,0,256,0.8984375,0,30.61,0.29,30.16,0.16,1908,0.62890625,RETURNED
28,0,256,0.94140625,1,30.47,0.15,30.22,0.1,1907,0.828125,RETURNED
28,0,256,0.94921875,2,30.28,0.09,30.11,0.07,1909,0.90234375,RETURNED
28,0,256,0.9609375,3,30.99,0.65,30.26,0.08,1914,0.95703125,RETURNED
28,0,256,0.98828125,4,30.34,0.21,30.02,0.11,1899,0.9609375,RETURNED
28,0,256,0.98828125,5,31.13,0.21,30.74,0.18,1914,0.9765625,RETURNED
28,0,256,0.9921875,6,30.92,0.11,30.81,0.0,1918,0.98828125,LOST
28,0,256,0.98828125,7,30.9,0.19,30.61,0.1,1903,0.98828125,RETURNED
28,0,256,0.9921875,8,30.46,0.12,30.34,0.0,1916,0.98828125,LOST
28,0,256,0.99609375,9,30.53,0.2,30.25,0.08,1911,0.984375,RETURNED
28,1,256,0.92578125,0,30.34,0.21,30.02,0.12,1908,0.6171875,RETURNED
28,1,256,0.95703125,1,30.36,0.2,30.08,0.08,1907,0.87890625,RETURNED
28,1,256,0.96484375,2,30.28,0.13,30.02,0.13,1909,0.9140625,RETURNED
28,1,256,0.96875,3,30.27,0.11,30.1,0.06,1914,0.95703125,RETURNED
28,1,256,0.9765625,4,30.2,0.23,29.84,0.13,1899,0.94921875,RETURNED
28,1,256,0.9765625,5,31.04,0.19,30.62,0.23,1914,0.96875,RETURNED
28,1,256,0.98828125,6,30.79,0.16,30.63,0.0,1918,0.9765625,LOST
28,1,256,0.98828125,7,30.57,0.15,30.29,0.14,1903,0.97265625,RETURNED
28,1,256,0.98046875,8,30.43,0.21,30.22,0.0,1916,0.96875,LOST
28,1,256,0.99609375,9,30.8,0.63,30.08,0.09,1911,0.9921875,RETURNED
28,2,256,0.9296875,0,30.8,0.12,30.55,0.14,1908,0.63671875,RETURNED
28,2,256,0.9453125,1,30.74,0.1,30.54,0.1,1907,0.87109375,RETURNED
28,2,256,0.96875,2,30.97,0.27,30.46,0.24,1909,0.9453125,RETURNED
28,2,256,0.9765625,3,31.02,0.12,30.59,0.31,1914,0.95703125,RETURNED
28,2,256,0.98828125,4,30.66,0.2,30.34,0.12,1899,0.98046875,RETURNED
28,2,256,0.98828125,5,31.37,0.14,31.1,0.13,1914,0.953125,RETURNED
28,2,256,0.984375,6,31.28,0.1,31.18,0.0,1918,0.984375,LOST
28,2,256,0.9921875,7,31.19,0.33,30.76,0.1,1903,0.984375,RETURNED
28,2,256,0.98828125,8,30.91,0.14,30.77,0.0,1916,0.98828125,LOST
28,2,256,0.9921875,9,30.83,0.1,30.66,0.07,1911,0.9921875,RETURNED
28,3,256,0.90234375,0,30.44,0.1,30.17,0.16,1908,0.625,RETURNED
28,3,256,0.91015625,1,30.45,0.1,30.19,0.16,1907,0.609375,RETURNED
28,3,256,0.9453125,2,30.5,0.16,30.12,0.21,1909,0.90234375,RETURNED
28,3,256,0.98046875,3,30.47,0.11,30.25,0.11,1914,0.9453125,RETURNED
28,3,256,0.96875,4,30.26,0.1,30.01,0.15,1899,0.92578125,RETURNED
28,3,256,0.984375,5,30.87,0.11,30.65,0.1,1914,0.96875,RETURNED
28,3,256,0.99609375,6,30.92,0.16,30.76,0.0,1918,0.98828125,LOST
28,3,256,0.98828125,7,30.72,0.21,30.38,0.12,1903,0.97265625,RETURNED
28,3,256,0.98828125,8,30.68,0.32,30.36,0.0,1916,0.98828125,LOST
28,3,256,1.0,9,16.23,0.16,16.07,0.0,1014,0.98828125,LOST
0,250.15,11.65
0,0,256,0.9140625,0,41.05,0.3,30.67,10.08,1908,0.62890625,RETURNED
0,0,256,0.95703125,1,30.61,0.23,30.28,0.1,1907,0.9140625,RETURNED
0,0,256,0.9609375,2,30.42,0.08,30.22,0.12,1909,0.91015625,RETURNED
0,0,256,0.98828125,3,30.81,0.24,30.44,0.13,1914,0.96484375,RETURNED
0,0,256,0.98828125,4,30.41,0.16,30.07,0.19,1899,0.98828125,RETURNED
0,0,256,0.98828125,5,30.62,0.12,30.36,0.13,1914,0.9609375,RETURNED
0,0,256,0.99609375,6,30.83,0.18,30.64,0.0,1918,0.984375,LOST
0,1,256,0.921875,0,41.33,0.54,30.62,10.16,1908,0.6171875,RETURNED
0,1,256,0.94140625,1,30.69,0.19,30.3,0.2,1907,0.859375,RETURNED
0,1,256,0.9140625,2,30.4,0.1,30.19,0.12,1909,0.62890625,RETURNED
0,1,256,0.9453125,3,31.66,1.14,30.4,0.12,1914,0.88671875,RETURNED
0,1,256,0.96484375,4,30.31,0.17,30.04,0.1,1899,0.92578125,RETURNED
0,1,256,0.9921875,5,30.56,0.11,30.37,0.08,1914,0.98828125,RETURNED
0,1,256,1.0,6,26.0,0.09,25.73,0.18,1607,0.9921875,RETURNED
0,2,256,0.88671875,0,41.17,0.13,30.87,10.16,1908,0.62109375,RETURNED
0,2,256,0.9609375,1,30.79,0.09,30.55,0.16,1907,0.90625,RETURNED
0,2,256,0.9609375,2,30.88,0.42,30.41,0.06,1909,0.94140625,RETURNED
0,2,256,0.9609375,3,31.45,0.52,30.75,0.19,1914,0.90234375,RETURNED
0,2,256,0.98828125,4,30.71,0.1,30.44,0.17,1899,0.9765625,RETURNED
0,2,256,0.9921875,5,31.06,0.2,30.74,0.13,1914,0.953125,RETURNED
0,2,256,1.0,6,7.05,0.1,6.8,0.15,418,0.98828125,RETURNED
0,3,256,0.89453125,0,41.37,0.39,30.91,10.08,1908,0.61328125,RETURNED
0,3,256,0.9140625,1,30.57,0.16,30.3,0.11,1907,0.625,RETURNED
0,3,256,0.97265625,2,30.73,0.21,30.46,0.06,1909,0.94140625,RETURNED
0,3,256,0.98046875,3,31.67,1.1,30.48,0.09,1914,0.9609375,RETURNED
0,3,256,0.98046875,4,30.68,0.26,30.35,0.08,1899,0.9609375,RETURNED
0,3,256,0.9921875,5,30.72,0.16,30.48,0.08,1914,0.98828125,RETURNED
0,3,256,1.0,6,2.88,0.1,2.56,0.22,150,0.9921875,RETURNED
