0,233.41,3.57
0,0,256,0.90234375,0,33.52,0.22,33.19,0.11,1908,0.63671875,RETURNED
0,0,256,0.9609375,1,34.14,0.16,33.83,0.15,1907,0.921875,RETURNED
0,0,256,0.9765625,2,34.2,0.22,33.88,0.09,1909,0.953125,RETURNED
0,0,256,0.97265625,3,34.71,0.15,34.43,0.13,1914,0.95703125,RETURNED
0,0,256,0.9921875,4,34.18,0.14,33.8,0.23,1899,0.97265625,RETURNED
0,0,256,0.9921875,5,33.78,0.1,33.54,0.13,1914,0.984375,RETURNED
0,1,256,0.93359375,0,33.41,0.1,33.16,0.15,1908,0.609375,RETURNED
0,1,256,0.92578125,1,33.83,0.2,33.5,0.14,1907,0.859375,RETURNED
0,1,256,0.95703125,2,33.72,0.18,33.41,0.13,1909,0.921875,RETURNED
0,1,256,0.98046875,3,33.93,0.19,33.67,0.07,1914,0.96484375,RETURNED
0,1,256,0.9921875,4,33.58,0.17,33.27,0.14,1899,0.984375,RETURNED
0,1,256,0.99609375,5,33.46,0.12,33.23,0.11,1914,0.98828125,RETURNED
0,2,256,0.921875,0,33.49,0.12,32.98,0.39,1908,0.61328125,RETURNED
0,2,256,0.96484375,1,33.73,0.11,33.36,0.26,1907,0.91796875,RETURNED
0,2,256,0.96484375,2,33.67,0.36,33.17,0.14,1909,0.9296875,RETURNED
0,2,256,0.984375,3,34.39,0.1,34.11,0.18,1914,0.96484375,RETURNED
0,2,256,0.984375,4,33.51,0.18,33.25,0.08,1899,0.96484375,RETURNED
0,2,256,0.984375,5,33.45,0.1,33.21,0.14,1914,0.97265625,RETURNED
0,3,256,0.91015625,0,33.64,0.22,33.13,0.29,1908,0.61328125,RETURNED
0,3,256,0.95703125,1,34.7,0.7,33.87,0.13,1907,0.921875,RETURNED
0,3,256,0.9609375,2,33.58,0.15,33.3,0.13,1909,0.9375,RETURNED
0,3,256,0.984375,3,34.3,0.27,33.96,0.08,1914,0.96484375,RETURNED
0,3,256,0.9765625,4,33.36,0.24,33.04,0.08,1899,0.984375,RETURNED
0,3,256,0.9921875,5,33.58,0.2,33.22,0.17,1914,0.98828125,RETURNED
0,4,256,0.90234375,0,33.51,0.14,33.26,0.11,1908,0.62890625,RETURNED
0,4,256,0.94921875,1,33.97,0.16,33.66,0.15,1907,0.8671875,RETURNED
0,4,256,0.98828125,2,33.94,0.11,33.64,0.18,1909,0.92578125,RETURNED
0,4,256,0.99609375,3,34.21,0.19,33.85,0.17,1914,0.98828125,RETURNED
0,4,256,0.9921875,4,33.73,0.19,33.27,0.26,1899,0.98046875,RETURNED
0,4,256,1.0,5,1.27,0.11,1.01,0.15,60,0.99609375,RETURNED
0,5,256,0.91796875,0,33.48,0.23,33.14,0.12,1908,0.62109375,RETURNED
0,5,256,0.94921875,1,33.79,0.12,33.6,0.08,1907,0.8984375,RETURNED
0,5,256,0.95703125,2,33.68,0.14,33.4,0.14,1909,0.92578125,RETURNED
0,5,256,0.97265625,3,34.22,0.24,33.79,0.19,1914,0.9609375,RETURNED
0,5,256,0.9765625,4,33.45,0.22,33.16,0.08,1899,0.97265625,RETURNED
0,5,256,0.99609375,5,33.95,0.19,33.61,0.15,1914,0.9921875,RETURNED
0,6,256,0.92578125,0,30.47,0.1,30.19,0.18,1908,0.6171875,RETURNED
0,6,256,0.9609375,1,55.57,0.19,30.23,25.14,1907,0.92578125,RETURNED
0,6,256,0.9765625,2,30.95,0.69,30.18,0.08,1909,0.96484375,RETURNED
0,6,256,0.984375,3,30.62,0.2,30.28,0.14,1914,0.95703125,RETURNED
0,6,256,0.98828125,4,30.32,0.19,30.03,0.11,1899,0.97265625,RETURNED
0,7,256,0.91015625,0,30.41,0.24,30.09,0.09,1908,0.62890625,RETURNED
0,7,256,0.94921875,1,41.66,0.13,30.09,11.44,1907,0.875,RETURNED
0,7,256,0.96484375,2,30.55,0.23,30.11,0.21,1909,0.89453125,RETURNED
0,7,256,0.96875,3,30.54,0.17,30.19,0.18,1914,0.92578125,RETURNED
0,7,256,0.9765625,4,30.17,0.12,29.97,0.08,1899,0.9609375,RETURNED
0,7,256,0.984375,5,30.54,0.22,30.21,0.11,1914,0.9921875,RETURNED
1,256.39,0.25
1,0,256,0.90234375,0,33.24,0.18,32.94,0.12,1908,0.6171875,RETURNED
1,0,256,0.94921875,1,33.02,0.17,32.73,0.12,1907,0.90234375,RETURNED
1,0,256,0.95703125,2,33.12,0.25,32.55,0.32,1909,0.921875,RETURNED
1,0,256,0.97265625,3,33.3,0.18,32.99,0.13,1914,0.96484375,RETURNED
1,0,256,0.984375,4,31.32,0.35,30.76,0.21,1899,0.984375,RETURNED
1,0,256,0.98828125,5,33.56,0.27,33.18,0.11,1914,0.98828125,RETURNED
1,0,256,0.9921875,6,31.06,0.31,30.75,0.0,1918,0.98828125,LOST
1,1,256,0.90234375,0,34.13,0.2,33.71,0.22,1908,0.6171875,RETURNED
1,1,256,0.953125,1,33.79,0.09,33.57,0.12,1907,0.91015625,RETURNED
1,1,256,0.95703125,2,33.5,0.33,33.04,0.13,1909,0.92578125,RETURNED
1,1,256,0.9921875,3,33.92,0.11,33.43,0.38,1914,0.984375,RETURNED
1,1,256,0.9921875,4,31.27,0.13,31.0,0.13,1899,0.9921875,RETURNED
1,1,256,0.98828125,5,33.69,0.17,33.4,0.12,1914,0.98828125,RETURNED
1,2,256,0.91796875,0,33.3,0.22,33.01,0.07,1908,0.62109375,RETURNED
1,2,256,0.93359375,1,33.19,0.19,32.71,0.29,1907,0.875,RETURNED
1,2,256,0.984375,2,33.33,0.47,32.65,0.2,1909,0.9375,RETURNED
1,2,256,0.97265625,3,33.36,0.16,33.11,0.09,1914,0.96484375,RETURNED
1,2,256,0.97265625,4,31.24,0.17,30.87,0.2,1899,0.97265625,RETURNED
1,2,256,0.99609375,5,33.39,0.18,33.07,0.14,1914,0.98828125,RETURNED
1,2,256,1.0,6,4.59,0.59,3.92,0.08,238,0.9921875,RETURNED
1,3,256,0.9375,0,33.7,0.16,33.43,0.11,1908,0.61328125,RETURNED
1,3,256,0.9375,1,33.3,0.13,33.08,0.1,1907,0.90625,RETURNED
1,3,256,0.984375,2,33.91,0.79,32.99,0.14,1909,0.9375,RETURNED
1,3,256,0.9609375,3,33.63,0.12,33.3,0.21,1914,0.94140625,RETURNED
1,3,256,0.984375,4,31.44,0.12,31.15,0.18,1899,0.96875,RETURNED
1,3,256,0.98828125,5,33.66,0.34,33.24,0.08,1914,0.984375,RETURNED
1,3,256,1.0,6,30.03,0.21,29.74,0.07,1843,0.99609375,RETURNED
1,4,256,0.91015625,0,33.13,0.17,32.9,0.07,1908,0.609375,RETURNED
1,4,256,0.921875,1,32.76,0.18,32.44,0.15,1907,0.78125,RETURNED
1,4,256,0.96484375,2,32.7,0.16,32.45,0.09,1909,0.91796875,RETURNED
1,4,256,0.96484375,3,33.17,0.24,32.81,0.12,1914,0.953125,RETURNED
1,4,256,0.98828125,4,31.41,0.59,30.57,0.24,1899,0.96484375,RETURNED
1,4,256,0.98828125,5,33.03,0.1,32.74,0.19,1914,0.98828125,RETURNED
1,4,256,0.99609375,6,30.81,0.2,30.6,0.0,1918,0.99609375,LOST
1,5,256,0.87890625,0,33.5,0.2,33.01,0.29,1908,0.609375,RETURNED
1,5,256,0.9453125,1,32.74,0.11,32.43,0.2,1907,0.91015625,RETURNED
1,5,256,0.9453125,2,32.9,0.39,32.42,0.1,1909,0.9140625,RETURNED
1,5,256,0.96484375,3,33.11,0.25,32.78,0.08,1914,0.953125,RETURNED
1,5,256,0.984375,4,31.11,0.43,30.57,0.11,1899,0.98046875,RETURNED
1,5,256,0.98828125,5,33.41,0.32,32.96,0.14,1914,0.98046875,RETURNED
1,5,256,1.0,6,29.7,0.1,29.59,0.0,1856,0.9921875,LOST
1,6,256,0.91015625,0,33.24,0.18,32.94,0.13,1908,0.62109375,RETURNED
1,6,256,0.93359375,1,32.73,0.16,32.42,0.16,1907,0.87109375,RETURNED
1,6,256,0.97265625,2,32.69,0.11,32.44,0.14,1909,0.91796875,RETURNED
1,6,256,0.98828125,3,57.76,0.11,32.71,24.94,1914,0.984375,RETURNED
1,6,256,0.99609375,4,32.54,0.11,32.31,0.13,1899,0.9921875,RETURNED
1,6,256,0.98828125,5,31.42,0.16,31.13,0.12,1914,0.98828125,RETURNED
1,7,256,0.91015625,0,33.06,0.12,32.86,0.08,1908,0.6328125,RETURNED
1,7,256,0.94140625,1,32.77,0.19,32.47,0.12,1907,0.84765625,RETURNED
1,7,256,0.953125,2,32.76,0.23,32.42,0.11,1909,0.8984375,RETURNED
1,7,256,0.96484375,3,33.39,0.2,33.06,0.13,1914,0.953125,RETURNED
1,7,256,0.98828125,4,30.92,0.19,30.62,0.12,1899,0.96484375,RETURNED
1,7,256,0.99609375,5,33.0,0.16,32.76,0.08,1914,0.98828125,RETURNED
1,7,256,1.0,6,4.41,0.15,4.17,0.08,254,0.99609375,RETURNED
2,224.71,0.20
2,0,256,0.89453125,0,32.9,0.13,32.58,0.19,1908,0.61328125,RETURNED
2,0,256,0.9453125,1,33.68,0.15,32.84,0.69,1907,0.9140625,RETURNED
2,0,256,0.984375,2,32.86,0.18,32.53,0.15,1909,0.94921875,RETURNED
2,0,256,0.984375,3,33.1,0.1,32.83,0.16,1914,0.96875,RETURNED
2,0,256,0.9921875,4,32.8,0.11,32.62,0.07,1899,0.984375,RETURNED
2,0,256,0.9921875,5,32.13,0.11,31.88,0.14,1914,0.98828125,RETURNED
2,1,256,0.89453125,0,33.39,0.1,33.06,0.23,1908,0.60546875,RETURNED
2,1,256,0.94140625,1,33.5,0.22,33.16,0.12,1907,0.875,RETURNED
2,1,256,0.9765625,2,33.52,0.1,32.9,0.52,1909,0.953125,RETURNED
2,1,256,0.9921875,3,33.47,0.1,33.29,0.08,1914,0.96875,RETURNED
2,1,256,0.99609375,4,33.45,0.2,33.16,0.09,1899,0.984375,RETURNED
2,1,256,0.9765625,5,32.46,0.22,32.09,0.15,1914,0.98828125,RETURNED
2,2,256,0.9140625,0,33.0,0.14,32.63,0.24,1908,0.62109375,RETURNED
2,2,256,0.94140625,1,33.13,0.26,32.67,0.2,1907,0.90234375,RETURNED
2,2,256,0.96875,2,32.74,0.18,32.4,0.16,1909,0.9296875,RETURNED
2,2,256,0.96875,3,33.14,0.12,32.67,0.34,1914,0.94140625,RETURNED
2,2,256,0.984375,4,32.86,0.23,32.54,0.09,1899,0.9765625,RETURNED
2,2,256,0.99609375,5,32.45,0.17,31.89,0.39,1914,0.99609375,RETURNED
2,3,256,0.9140625,0,33.18,0.28,32.72,0.17,1908,0.6171875,RETURNED
2,3,256,0.9609375,1,32.91,0.1,32.74,0.07,1907,0.8671875,RETURNED
2,3,256,0.98046875,2,32.86,0.32,32.41,0.13,1909,0.94140625,RETURNED
2,3,256,0.984375,3,33.24,0.12,32.79,0.34,1914,0.96484375,RETURNED
2,3,256,0.9921875,4,33.06,0.17,32.5,0.38,1899,0.984375,RETURNED
2,3,256,0.9921875,5,32.16,0.1,31.97,0.1,1914,0.96484375,RETURNED
2,4,256,0.9140625,0,32.96,0.1,32.69,0.16,1908,0.61328125,RETURNED
2,4,256,0.94921875,1,33.26,0.15,33.03,0.08,1907,0.91015625,RETURNED
2,4,256,0.96875,2,32.86,0.15,32.42,0.29,1909,0.94921875,RETURNED
2,4,256,0.97265625,3,33.15,0.11,32.9,0.14,1914,0.95703125,RETURNED
2,4,256,0.98828125,4,32.77,0.14,32.53,0.11,1899,0.97265625,RETURNED
2,4,256,0.9921875,5,32.15,0.16,31.82,0.17,1914,0.98828125,RETURNED
2,5,256,0.90625,0,32.91,0.13,32.66,0.12,1908,0.62109375,RETURNED
2,5,256,0.9453125,1,33.03,0.14,32.82,0.08,1907,0.890625,RETURNED
2,5,256,0.97265625,2,32.77,0.15,32.53,0.09,1909,0.9375,RETURNED
2,5,256,0.97265625,3,32.99,0.11,32.81,0.07,1914,0.9453125,RETURNED
2,5,256,0.984375,4,33.31,0.24,32.56,0.5,1899,0.9765625,RETURNED
2,5,256,0.9921875,5,32.12,0.15,31.88,0.09,1914,0.9921875,RETURNED
2,6,256,0.91015625,0,33.08,0.23,32.7,0.15,1908,0.61328125,RETURNED
2,6,256,0.95703125,1,33.03,0.15,32.73,0.15,1907,0.89453125,RETURNED
2,6,256,0.953125,2,32.72,0.18,32.45,0.09,1909,0.921875,RETURNED
2,6,256,0.98046875,3,33.01,0.11,32.82,0.07,1914,0.9765625,RETURNED
2,6,256,0.99609375,4,32.78,0.12,32.57,0.09,1899,0.9765625,RETURNED
2,6,256,1.0,5,13.84,0.17,13.56,0.11,777,0.9921875,RETURNED
2,7,256,0.92578125,0,32.66,0.1,32.48,0.07,1908,0.62109375,RETURNED
2,7,256,0.9140625,1,32.91,0.26,32.53,0.12,1907,0.61328125,RETURNED
2,7,256,0.96484375,2,32.78,0.26,32.37,0.15,1909,0.8984375,RETURNED
2,7,256,0.96484375,3,32.84,0.19,32.56,0.09,1914,0.9453125,RETURNED
2,7,256,0.98046875,4,32.73,0.1,32.36,0.27,1899,0.96875,RETURNED
2,7,256,0.9921875,5,32.09,0.11,31.83,0.15,1914,0.984375,RETURNED
3,268.34,0.20
3,0,256,0.92578125,0,32.96,0.21,32.68,0.08,1908,0.6484375,RETURNED
3,0,256,0.9453125,1,32.66,0.12,32.47,0.07,1907,0.828125,RETURNED
3,0,256,0.95703125,2,33.23,0.15,32.92,0.16,1909,0.9296875,RETURNED
3,0,256,0.98046875,3,32.83,0.2,32.55,0.08,1914,0.96484375,RETURNED
3,0,256,0.9453125,4,32.45,0.18,32.18,0.09,1899,0.96484375,RETURNED
3,0,256,0.9921875,5,32.84,0.15,32.62,0.07,1914,0.98046875,RETURNED
3,0,256,0.9921875,6,32.59,0.19,32.4,0.0,1918,0.9921875,LOST
3,0,256,1.0,7,13.75,0.23,13.41,0.12,840,0.99609375,RETURNED
3,1,256,0.921875,0,33.23,0.1,32.89,0.24,1908,0.62109375,RETURNED
3,1,256,0.9453125,1,32.87,0.2,32.56,0.1,1907,0.890625,RETURNED
3,1,256,0.97265625,2,33.29,0.19,32.92,0.18,1909,0.93359375,RETURNED
3,1,256,0.98828125,3,33.01,0.14,32.73,0.14,1914,0.9765625,RETURNED
3,1,256,0.984375,4,32.52,0.22,32.2,0.1,1899,0.96875,RETURNED
3,1,256,0.9765625,5,33.34,0.18,33.07,0.09,1914,0.984375,RETURNED
3,1,256,0.98046875,6,32.78,0.22,32.56,0.0,1918,0.98828125,LOST
3,2,256,0.92578125,0,33.11,0.15,32.85,0.12,1908,0.6171875,RETURNED
3,2,256,0.9453125,1,33.01,0.18,32.64,0.19,1907,0.875,RETURNED
3,2,256,0.9609375,2,33.63,0.48,33.03,0.12,1909,0.9296875,RETURNED
3,2,256,0.9765625,3,33.31,0.17,32.96,0.18,1914,0.97265625,RETURNED
3,2,256,0.98046875,4,32.84,0.4,32.32,0.11,1899,0.96875,RETURNED
3,2,256,0.984375,5,33.0,0.12,32.79,0.1,1914,0.9765625,RETURNED
3,2,256,0.99609375,6,32.77,0.16,32.6,0.0,1918,0.98828125,LOST
3,3,256,0.9140625,0,33.36,0.23,33.06,0.07,1908,0.625,RETURNED
3,3,256,0.96875,1,32.85,0.13,32.61,0.11,1907,0.92578125,RETURNED
3,3,256,0.9453125,2,34.26,0.11,33.77,0.38,1909,0.90625,RETURNED
3,3,256,0.98046875,3,33.91,0.11,33.71,0.09,1914,0.9609375,RETURNED
3,3,256,0.98828125,4,34.13,0.51,33.32,0.31,1899,0.98828125,RETURNED
3,3,256,0.98828125,5,34.14,0.12,33.94,0.07,1914,0.98046875,RETURNED
3,3,256,0.9765625,6,33.38,0.16,33.22,0.0,1918,0.98046875,LOST
3,4,256,0.90234375,0,33.24,0.16,32.93,0.16,1908,0.6171875,RETURNED
3,4,256,0.9296875,1,32.99,0.14,32.74,0.12,1907,0.86328125,RETURNED
3,4,256,0.95703125,2,33.56,0.42,33.02,0.11,1909,0.921875,RETURNED
3,4,256,0.98046875,3,33.36,0.49,32.76,0.11,1914,0.97265625,RETURNED
3,4,256,0.98828125,4,32.68,0.11,32.4,0.17,1899,0.98828125,RETURNED
3,4,256,0.98828125,5,33.24,0.22,32.81,0.22,1914,0.98828125,RETURNED
3,4,256,1.0,6,32.59,0.25,32.17,0.18,1888,0.9921875,RETURNED
3,5,256,0.8984375,0,33.16,0.18,32.89,0.09,1908,0.6171875,RETURNED
3,5,256,0.96484375,1,32.8,0.15,32.53,0.11,1907,0.8828125,RETURNED
3,5,256,0.96484375,2,33.52,0.42,32.96,0.13,1909,0.9453125,RETURNED
3,5,256,0.9765625,3,33.04,0.11,32.8,0.13,1914,0.96484375,RETURNED
3,5,256,0.98828125,4,32.74,0.2,32.22,0.33,1899,0.98828125,RETURNED
3,5,256,0.99609375,5,33.06,0.16,32.78,0.11,1914,0.984375,RETURNED
3,5,256,0.984375,6,32.71,0.1,32.61,0.0,1918,0.93359375,LOST
3,6,256,0.8984375,0,33.46,0.18,33.19,0.09,1908,0.6171875,RETURNED
3,6,256,0.9609375,1,33.1,0.13,32.84,0.12,1907,0.921875,RETURNED
3,6,256,0.9609375,2,33.52,0.36,33.02,0.13,1909,0.9453125,RETURNED
3,6,256,0.984375,3,33.36,0.15,32.98,0.23,1914,0.97265625,RETURNED
3,6,256,0.9921875,4,32.75,0.22,32.26,0.26,1899,0.96484375,RETURNED
3,6,256,0.98828125,5,33.2,0.18,32.93,0.08,1914,0.984375,RETURNED
3,6,256,0.984375,6,32.77,0.09,32.67,0.0,1918,0.9921875,LOST
3,7,256,0.90625,0,32.98,0.11,32.78,0.09,1908,0.61328125,RETURNED
3,7,256,0.97265625,1,32.8,0.12,32.51,0.17,1907,0.8359375,RETURNED
3,7,256,0.97265625,2,33.29,0.2,32.95,0.14,1909,0.8984375,RETURNED
3,7,256,0.98046875,3,32.95,0.14,32.68,0.13,1914,0.97265625,RETURNED
3,7,256,0.98046875,4,32.84,0.29,32.24,0.31,1899,0.9609375,RETURNED
3,7,256,0.9765625,5,33.29,0.23,32.82,0.24,1914,0.953125,RETURNED
3,7,256,1.0,6,32.44,0.17,32.09,0.17,1888,0.98046875,RETURNED
4,187.65,0.27
4,0,256,0.93359375,0,32.89,0.13,32.61,0.15,1908,0.60546875,RETURNED
4,0,256,0.9609375,1,33.06,0.1,32.82,0.15,1907,0.93359375,RETURNED
4,0,256,0.9453125,2,35.66,0.18,35.41,0.08,1909,0.90234375,RETURNED
4,0,256,0.98046875,3,34.21,0.15,33.98,0.09,1914,0.95703125,RETURNED
4,0,256,0.984375,4,31.59,0.28,31.16,0.16,1899,0.9765625,RETURNED
4,1,256,0.89453125,0,32.84,0.09,32.64,0.1,1908,0.6328125,RETURNED
4,1,256,0.93359375,1,33.04,0.14,32.78,0.12,1907,0.8203125,RETURNED
4,1,256,0.9765625,2,35.88,0.2,35.5,0.18,1909,0.921875,RETURNED
4,1,256,0.9765625,3,34.28,0.15,33.96,0.17,1914,0.94140625,RETURNED
4,1,256,0.99609375,4,31.52,0.17,31.27,0.09,1899,0.97265625,RETURNED
4,2,256,0.89453125,0,32.84,0.29,32.47,0.08,1908,0.640625,RETURNED
4,2,256,0.91796875,1,32.84,0.12,32.61,0.11,1907,0.6328125,RETURNED
4,2,256,0.96484375,2,36.22,0.3,35.4,0.52,1909,0.90234375,RETURNED
4,2,256,0.98828125,3,34.39,0.21,33.99,0.19,1914,0.96484375,RETURNED
4,2,256,0.984375,4,31.32,0.11,31.1,0.11,1899,0.984375,RETURNED
4,3,256,0.90625,0,33.06,0.17,32.75,0.13,1908,0.6171875,RETURNED
4,3,256,0.9609375,1,33.15,0.29,32.76,0.1,1907,0.890625,RETURNED
4,3,256,0.9609375,2,35.85,0.24,35.5,0.11,1909,0.93359375,RETURNED
4,3,256,0.98828125,3,34.25,0.11,34.03,0.11,1914,0.953125,RETURNED
4,3,256,0.98828125,4,31.72,0.22,31.36,0.15,1899,0.97265625,RETURNED
4,4,256,0.88671875,0,33.0,0.2,32.63,0.17,1908,0.62109375,RETURNED
4,4,256,0.9375,1,33.03,0.21,32.74,0.07,1907,0.8671875,RETURNED
4,4,256,0.95703125,2,35.87,0.14,35.57,0.15,1909,0.93359375,RETURNED
4,4,256,0.984375,3,34.26,0.17,33.99,0.11,1914,0.9765625,RETURNED
4,4,256,0.99609375,4,31.56,0.22,31.22,0.12,1899,0.98828125,RETURNED
4,5,256,0.91015625,0,33.11,0.29,32.69,0.12,1908,0.63671875,RETURNED
4,5,256,0.97265625,1,33.0,0.2,32.73,0.07,1907,0.90625,RETURNED
4,5,256,0.98046875,2,35.83,0.14,35.61,0.07,1909,0.95703125,RETURNED
4,5,256,0.98046875,3,34.49,0.22,34.09,0.17,1914,0.96484375,RETURNED
4,5,256,0.9921875,4,31.57,0.17,31.25,0.15,1899,0.98828125,RETURNED
4,6,256,0.91015625,0,33.02,0.21,32.67,0.13,1908,0.62109375,RETURNED
4,6,256,0.9453125,1,34.89,1.51,33.17,0.22,1907,0.88671875,RETURNED
4,6,256,0.98828125,2,36.28,0.22,35.9,0.16,1909,0.96484375,RETURNED
4,6,256,0.98046875,3,34.34,0.19,34.0,0.15,1914,0.9375,RETURNED
4,6,256,0.9921875,4,31.75,0.26,31.38,0.11,1899,0.98046875,RETURNED
4,7,256,0.921875,0,33.64,0.24,32.87,0.53,1908,0.6328125,RETURNED
4,7,256,0.95703125,1,33.29,0.14,33.04,0.11,1907,0.87890625,RETURNED
4,7,256,0.9609375,2,36.18,0.17,35.91,0.1,1909,0.94140625,RETURNED
4,7,256,0.99609375,3,34.45,0.11,34.25,0.1,1914,0.9765625,RETURNED
4,7,256,1.0,4,11.62,0.15,11.23,0.24,656,0.98828125,RETURNED
5,192.81,0.27
5,0,256,0.92578125,0,33.71,0.47,33.11,0.13,1908,0.63671875,RETURNED
5,0,256,0.95703125,1,33.25,0.23,32.9,0.12,1907,0.84765625,RETURNED
5,0,256,0.97265625,2,33.94,0.33,33.43,0.18,1909,0.91015625,RETURNED
5,0,256,0.98046875,3,33.41,0.1,33.2,0.11,1914,0.97265625,RETURNED
5,0,256,0.96875,4,31.81,0.1,31.64,0.07,1899,0.98046875,RETURNED
5,1,256,0.91796875,0,33.05,0.12,32.83,0.1,1908,0.65234375,RETURNED
5,1,256,0.9453125,1,32.95,0.25,32.55,0.15,1907,0.81640625,RETURNED
5,1,256,0.97265625,2,33.33,0.11,33.12,0.1,1909,0.94140625,RETURNED
5,1,256,0.98046875,3,33.15,0.12,32.9,0.12,1914,0.97265625,RETURNED
5,1,256,0.9765625,4,31.97,0.11,31.54,0.33,1899,0.97265625,RETURNED
5,2,256,0.921875,0,33.18,0.12,32.79,0.28,1908,0.6171875,RETURNED
5,2,256,0.95703125,1,32.75,0.17,32.47,0.11,1907,0.8671875,RETURNED
5,2,256,0.9609375,2,33.41,0.11,33.22,0.09,1909,0.91015625,RETURNED
5,2,256,0.96875,3,32.88,0.12,32.63,0.13,1914,0.9296875,RETURNED
5,2,256,0.96875,4,31.72,0.12,31.51,0.09,1899,0.95703125,RETURNED
5,3,256,0.8984375,0,33.07,0.21,32.8,0.06,1908,0.62109375,RETURNED
5,3,256,0.953125,1,32.72,0.16,32.49,0.07,1907,0.9140625,RETURNED
5,3,256,0.9453125,2,33.32,0.17,32.98,0.16,1909,0.8671875,RETURNED
5,3,256,0.97265625,3,32.92,0.1,32.69,0.13,1914,0.9609375,RETURNED
5,3,256,0.9765625,4,31.7,0.26,31.34,0.1,1899,0.97265625,RETURNED
5,4,256,0.89453125,0,33.24,0.12,32.73,0.4,1908,0.6171875,RETURNED
5,4,256,0.9453125,1,32.81,0.16,32.58,0.07,1907,0.89453125,RETURNED
5,4,256,0.98046875,2,33.47,0.11,33.18,0.18,1909,0.94921875,RETURNED
5,4,256,0.98046875,3,33.01,0.1,32.76,0.14,1914,0.96484375,RETURNED
5,4,256,0.9921875,4,31.72,0.11,31.48,0.13,1899,0.97265625,RETURNED
5,5,256,0.921875,0,33.1,0.19,32.79,0.12,1908,0.62109375,RETURNED
5,5,256,0.9609375,1,33.12,0.3,32.45,0.38,1907,0.89453125,RETURNED
5,5,256,0.984375,2,33.29,0.09,33.12,0.08,1909,0.9453125,RETURNED
5,5,256,0.99609375,3,32.86,0.09,32.69,0.08,1914,0.984375,RETURNED
5,5,256,0.98046875,4,31.8,0.21,31.5,0.09,1899,0.9765625,RETURNED
5,6,256,0.90234375,0,33.11,0.1,32.93,0.07,1908,0.61328125,RETURNED
5,6,256,0.953125,1,33.08,0.27,32.73,0.08,1907,0.921875,RETURNED
5,6,256,0.97265625,2,33.77,0.11,33.05,0.61,1909,0.9453125,RETURNED
5,6,256,0.99609375,3,33.1,0.14,32.88,0.08,1914,0.9765625,RETURNED
5,6,256,1.0,4,12.2,0.11,12.0,0.08,700,0.98828125,RETURNED
5,7,256,0.91015625,0,33.28,0.22,32.95,0.11,1908,0.6171875,RETURNED
5,7,256,0.9296875,1,33.08,0.38,32.56,0.13,1907,0.85546875,RETURNED
5,7,256,0.96875,2,33.32,0.24,32.99,0.09,1909,0.94140625,RETURNED
5,7,256,0.98828125,3,32.86,0.1,32.69,0.07,1914,0.96484375,RETURNED
5,7,256,0.98046875,4,31.75,0.18,31.42,0.15,1899,0.98046875,RETURNED
6,274.47,0.27
6,0,256,0.890625,0,36.75,0.11,36.51,0.13,1908,0.62890625,RETURNED
6,0,256,0.9453125,1,39.84,4.3,35.46,0.07,1907,0.890625,RETURNED
6,0,256,0.98046875,2,35.84,0.16,35.61,0.07,1909,0.953125,RETURNED
6,0,256,0.98828125,3,36.17,0.11,35.67,0.4,1914,0.9765625,RETURNED
6,0,256,0.984375,4,35.78,0.23,35.36,0.18,1899,0.9765625,RETURNED
6,0,256,0.99609375,5,36.16,0.11,35.95,0.1,1914,0.98828125,RETURNED
6,1,256,0.90234375,0,37.45,0.23,37.1,0.12,1908,0.6171875,RETURNED
6,1,256,0.96484375,1,35.93,0.1,35.65,0.18,1907,0.8671875,RETURNED
6,1,256,0.9765625,2,36.68,0.21,36.26,0.2,1909,0.96484375,RETURNED
6,1,256,0.98046875,3,36.36,0.17,36.08,0.11,1914,0.9765625,RETURNED
6,1,256,0.99609375,4,36.13,0.18,35.88,0.07,1899,0.97265625,RETURNED
6,1,256,0.98828125,5,37.07,0.13,36.87,0.08,1914,0.98828125,RETURNED
6,2,256,0.90234375,0,35.85,0.11,35.65,0.09,1908,0.625,RETURNED
6,2,256,0.92578125,1,34.78,0.22,34.39,0.16,1907,0.8828125,RETURNED
6,2,256,0.9453125,2,35.59,0.13,35.15,0.31,1909,0.92578125,RETURNED
6,2,256,0.9765625,3,35.18,0.09,34.79,0.3,1914,0.9453125,RETURNED
6,2,256,0.98828125,4,35.07,0.25,34.74,0.08,1899,0.984375,RETURNED
6,2,256,0.99609375,5,36.08,0.1,35.68,0.29,1914,0.98828125,RETURNED
6,2,256,0.9921875,6,34.19,0.21,33.98,0.0,1918,0.98828125,LOST
6,3,256,0.92578125,0,35.62,0.23,35.27,0.12,1908,0.63671875,RETURNED
6,3,256,0.953125,1,34.4,0.22,34.09,0.09,1907,0.91796875,RETURNED
6,3,256,0.984375,2,35.18,0.11,34.94,0.12,1909,0.953125,RETURNED
6,3,256,0.96484375,3,35.06,0.29,34.58,0.19,1914,0.9453125,RETURNED
6,3,256,0.984375,4,34.64,0.22,34.29,0.12,1899,0.96875,RETURNED
6,3,256,0.98828125,5,35.59,0.17,35.34,0.08,1914,0.98828125,RETURNED
6,3,256,0.99609375,6,33.88,0.12,33.76,0.0,1918,0.99609375,LOST
6,4,256,0.91015625,0,37.92,0.17,37.0,0.74,1908,0.62109375,RETURNED
6,4,256,0.95703125,1,35.71,0.23,35.4,0.09,1907,0.9140625,RETURNED
6,4,256,0.96875,2,36.34,0.11,36.03,0.2,1909,0.92578125,RETURNED
6,4,256,0.98828125,3,36.5,0.45,35.95,0.1,1914,0.9609375,RETURNED
6,4,256,0.98828125,4,35.99,0.15,35.67,0.17,1899,0.984375,RETURNED
6,4,256,1.0,5,32.7,0.12,32.44,0.14,1690,0.98828125,RETURNED
6,5,256,0.91796875,0,37.1,0.13,36.79,0.18,1908,0.63671875,RETURNED
6,5,256,0.96875,1,35.83,0.21,35.51,0.11,1907,0.8828125,RETURNED
6,5,256,0.984375,2,44.49,0.39,36.08,8.01,1909,0.96875,RETURNED
6,5,256,0.9765625,3,36.68,0.16,36.46,0.07,1914,0.98046875,RETURNED
6,5,256,0.99609375,4,36.37,0.17,36.1,0.11,1899,0.98828125,RETURNED
6,5,256,0.99609375,5,36.44,0.1,36.19,0.14,1914,0.99609375,RETURNED
6,6,256,0.9140625,0,37.06,0.63,36.36,0.08,1908,0.62890625,RETURNED
6,6,256,0.96484375,1,35.54,0.16,35.32,0.06,1907,0.890625,RETURNED
6,6,256,0.9765625,2,36.41,0.16,36.05,0.21,1909,0.94140625,RETURNED
6,6,256,0.97265625,3,36.21,0.09,35.88,0.24,1914,0.953125,RETURNED
6,6,256,0.98046875,4,35.74,0.24,35.38,0.12,1899,0.96875,RETURNED
6,6,256,1.0,5,33.21,0.13,32.88,0.21,1690,0.98046875,RETURNED
6,7,256,0.8984375,0,36.5,0.1,36.32,0.07,1908,0.625,RETURNED
6,7,256,0.9453125,1,35.73,0.76,34.89,0.08,1907,0.83984375,RETURNED
6,7,256,0.94140625,2,35.92,0.1,35.76,0.07,1909,0.94140625,RETURNED
6,7,256,0.9765625,3,35.85,0.16,35.59,0.1,1914,0.9609375,RETURNED
6,7,256,0.984375,4,35.55,0.12,35.34,0.09,1899,0.94921875,RETURNED
6,7,256,0.99609375,5,36.59,0.16,36.23,0.2,1914,0.96875,RETURNED
7,188.41,0.28
7,0,256,0.90234375,0,32.88,0.11,32.63,0.13,1908,0.6171875,RETURNED
7,0,256,0.9375,1,33.52,0.18,33.17,0.17,1907,0.8671875,RETURNED
7,0,256,0.9453125,2,32.51,0.1,32.3,0.11,1909,0.89453125,RETURNED
7,0,256,0.97265625,3,33.17,0.14,32.93,0.1,1914,0.9609375,RETURNED
7,0,256,1.0,4,20.37,0.21,20.07,0.09,1260,0.984375,RETURNED
7,1,256,0.921875,0,33.41,0.21,33.03,0.17,1908,0.625,RETURNED
7,1,256,0.94921875,1,33.85,0.2,33.54,0.11,1907,0.89453125,RETURNED
7,1,256,0.9765625,2,33.33,0.61,32.63,0.09,1909,0.93359375,RETURNED
7,1,256,0.98046875,3,33.68,0.23,33.27,0.19,1914,0.98828125,RETURNED
7,1,256,1.0,4,1.08,0.11,0.98,0.0,61,0.9921875,LOST
7,2,256,0.89453125,0,33.81,0.17,33.45,0.19,1908,0.62109375,RETURNED
7,2,256,0.9375,1,34.0,0.16,33.69,0.15,1907,0.8515625,RETURNED
7,2,256,0.984375,2,36.44,2.95,33.32,0.16,1909,0.9296875,RETURNED
7,2,256,0.9921875,3,33.41,0.15,33.15,0.11,1914,0.984375,RETURNED
7,3,256,0.9140625,0,33.05,0.28,32.7,0.07,1908,0.61328125,RETURNED
7,3,256,0.8828125,1,33.24,0.15,32.95,0.14,1907,0.62109375,RETURNED
7,3,256,0.98828125,2,32.61,0.1,32.27,0.24,1909,0.9609375,RETURNED
7,3,256,0.98046875,3,33.3,0.16,32.86,0.27,1914,0.94921875,RETURNED
7,3,256,0.99609375,4,30.46,0.13,30.22,0.11,1899,0.99609375,RETURNED
7,4,256,0.9140625,0,33.09,0.16,32.83,0.1,1908,0.6328125,RETURNED
7,4,256,0.94140625,1,33.21,0.1,33.05,0.07,1907,0.84765625,RETURNED
7,4,256,0.98828125,2,32.55,0.27,32.15,0.13,1909,0.94921875,RETURNED
7,4,256,0.9921875,3,33.32,0.12,33.1,0.1,1914,0.98828125,RETURNED
7,4,256,0.98828125,4,31.33,1.07,30.14,0.12,1899,0.9609375,RETURNED
7,5,256,0.93359375,0,33.07,0.28,32.68,0.11,1908,0.625,RETURNED
7,5,256,0.953125,1,33.1,0.11,32.83,0.16,1907,0.90234375,RETURNED
7,5,256,0.98046875,2,32.43,0.16,32.19,0.08,1909,0.94140625,RETURNED
7,5,256,0.94921875,3,33.03,0.23,32.72,0.09,1914,0.92578125,RETURNED
7,5,256,1.0,4,3.83,0.14,3.7,0.0,232,0.98828125,LOST
7,6,256,0.91796875,0,33.0,0.24,32.68,0.09,1908,0.609375,RETURNED
7,6,256,0.9609375,1,33.22,0.12,33.0,0.1,1907,0.93359375,RETURNED
7,6,256,0.984375,2,32.44,0.17,32.17,0.1,1909,0.94921875,RETURNED
7,6,256,0.98828125,3,59.28,0.14,32.76,26.38,1914,0.97265625,RETURNED
7,7,256,0.89453125,0,33.07,0.23,32.71,0.13,1908,0.61328125,RETURNED
7,7,256,0.8984375,1,33.38,0.14,33.01,0.22,1907,0.640625,RETURNED
7,7,256,0.97265625,2,33.07,0.55,32.42,0.1,1909,0.94921875,RETURNED
7,7,256,0.98828125,3,33.54,0.1,32.79,0.66,1914,0.97265625,RETURNED
7,7,256,0.99609375,4,30.63,0.32,30.22,0.09,1899,0.98046875,RETURNED
8,188.67,0.20
8,0,256,0.91015625,0,32.89,0.24,32.58,0.07,1908,0.60546875,RETURNED
8,0,256,0.95703125,1,33.3,0.14,33.05,0.12,1907,0.8828125,RETURNED
8,0,256,0.97265625,2,33.32,0.36,32.87,0.09,1909,0.94921875,RETURNED
8,0,256,0.984375,3,32.82,0.12,32.56,0.15,1914,0.97265625,RETURNED
8,0,256,0.99609375,4,30.89,0.14,30.58,0.17,1899,0.9921875,RETURNED
8,1,256,0.91796875,0,33.23,0.24,32.88,0.12,1908,0.61328125,RETURNED
8,1,256,0.9609375,1,33.73,0.23,33.24,0.26,1907,0.90625,RETURNED
8,1,256,0.9609375,2,33.25,0.13,32.99,0.14,1909,0.92578125,RETURNED
8,1,256,0.99609375,3,32.86,0.13,32.64,0.09,1914,0.9921875,RETURNED
8,1,256,1.0,4,6.68,0.11,6.49,0.08,394,0.98828125,RETURNED
8,2,256,0.87890625,0,33.14,0.21,32.78,0.15,1908,0.62890625,RETURNED
8,2,256,0.94140625,1,33.75,0.16,33.13,0.46,1907,0.89453125,RETURNED
8,2,256,0.9765625,2,33.42,0.22,33.07,0.13,1909,0.95703125,RETURNED
8,2,256,0.9921875,3,33.25,0.22,32.92,0.12,1914,0.98046875,RETURNED
8,2,256,1.0,4,10.05,0.13,9.77,0.15,594,0.9921875,RETURNED
8,3,256,0.9140625,0,33.32,0.44,32.71,0.17,1908,0.625,RETURNED
8,3,256,0.95703125,1,33.53,0.24,33.22,0.06,1907,0.921875,RETURNED
8,3,256,0.9921875,2,33.0,0.12,32.8,0.08,1909,0.95703125,RETURNED
8,3,256,0.98828125,3,32.91,0.17,32.6,0.14,1914,0.9609375,RETURNED
8,3,256,0.99609375,4,30.82,0.2,30.54,0.09,1899,0.9921875,RETURNED
8,4,256,0.9375,0,32.8,0.11,32.61,0.08,1908,0.625,RETURNED
8,4,256,0.8984375,1,33.38,0.16,33.09,0.13,1907,0.61328125,RETURNED
8,4,256,0.94140625,2,33.09,0.09,32.84,0.16,1909,0.8828125,RETURNED
8,4,256,0.98046875,3,32.9,0.19,32.63,0.08,1914,0.94921875,RETURNED
8,4,256,0.9921875,4,30.82,0.21,30.5,0.1,1899,0.984375,RETURNED
8,5,256,0.90625,0,32.9,0.23,32.58,0.09,1908,0.609375,RETURNED
8,5,256,0.94921875,1,33.31,0.23,32.96,0.12,1907,0.8984375,RETURNED
8,5,256,0.9765625,2,33.25,0.17,32.95,0.12,1909,0.94921875,RETURNED
8,5,256,0.984375,3,32.73,0.09,32.52,0.11,1914,0.9609375,RETURNED
8,5,256,1.0,4,22.54,0.16,22.3,0.09,1385,0.96875,RETURNED
8,6,256,0.8984375,0,32.92,0.16,32.62,0.13,1908,0.640625,RETURNED
8,6,256,0.9609375,1,33.41,0.19,33.06,0.16,1907,0.92578125,RETURNED
8,6,256,0.984375,2,33.21,0.14,32.95,0.12,1909,0.96484375,RETURNED
8,6,256,0.98046875,3,33.08,0.21,32.55,0.32,1914,0.95703125,RETURNED
8,6,256,1.0,4,4.02,0.11,3.91,0.0,232,0.984375,LOST
8,7,256,0.9296875,0,32.96,0.2,32.68,0.08,1908,0.63671875,RETURNED
8,7,256,0.94921875,1,33.28,0.16,33.0,0.13,1907,0.921875,RETURNED
8,7,256,0.9453125,2,32.94,0.16,32.69,0.09,1909,0.90625,RETURNED
8,7,256,0.97265625,3,32.92,0.11,32.6,0.21,1914,0.94921875,RETURNED
8,7,256,0.98828125,4,30.85,0.26,30.52,0.08,1899,0.96875,RETURNED
9,181.25,0.20
9,0,256,0.91796875,0,33.26,0.27,32.91,0.08,1908,0.609375,RETURNED
9,0,256,0.953125,1,32.66,0.2,32.37,0.08,1907,0.8828125,RETURNED
9,0,256,0.94921875,2,33.43,0.34,32.92,0.18,1909,0.8984375,RETURNED
9,0,256,0.97265625,3,32.99,0.17,32.68,0.14,1914,0.96875,RETURNED
9,0,256,1.0,4,17.79,0.1,17.6,0.09,1067,0.984375,RETURNED
9,1,256,0.92578125,0,33.25,0.13,33.0,0.13,1908,0.6328125,RETURNED
9,1,256,0.95703125,1,32.88,0.13,32.56,0.19,1907,0.8984375,RETURNED
9,1,256,0.953125,2,33.25,0.1,33.05,0.11,1909,0.90625,RETURNED
9,1,256,0.9609375,3,33.04,0.11,32.84,0.09,1914,0.953125,RETURNED
9,1,256,0.99609375,4,31.37,0.14,31.17,0.06,1899,0.984375,RETURNED
9,2,256,0.91015625,0,33.49,0.19,33.19,0.12,1908,0.62890625,RETURNED
9,2,256,0.95703125,1,32.58,0.13,32.35,0.09,1907,0.90625,RETURNED
9,2,256,0.94921875,2,33.33,0.26,32.89,0.19,1909,0.89453125,RETURNED
9,2,256,0.984375,3,33.1,0.21,32.75,0.14,1914,0.96875,RETURNED
9,2,256,1.0,4,7.14,0.2,6.73,0.21,394,0.984375,RETURNED
9,3,256,0.90625,0,33.03,0.12,32.78,0.13,1908,0.61328125,RETURNED
9,3,256,0.953125,1,32.74,0.2,32.41,0.14,1907,0.8828125,RETURNED
9,3,256,0.9609375,2,33.12,0.12,32.88,0.11,1909,0.91796875,RETURNED
9,3,256,0.98046875,3,32.93,0.17,32.65,0.12,1914,0.95703125,RETURNED
9,3,256,0.98046875,4,31.22,0.18,30.94,0.09,1899,0.9609375,RETURNED
9,4,256,0.9140625,0,33.32,0.25,32.93,0.13,1908,0.6171875,RETURNED
9,4,256,0.9296875,1,36.24,3.17,32.98,0.08,1907,0.8515625,RETURNED
9,4,256,0.9609375,2,33.57,0.09,33.31,0.16,1909,0.9453125,RETURNED
9,4,256,0.97265625,3,33.38,0.16,33.14,0.08,1914,0.96875,RETURNED
9,4,256,1.0,4,12.06,0.18,11.78,0.11,715,0.98046875,RETURNED
9,5,256,0.91015625,0,33.0,0.18,32.63,0.19,1908,0.609375,RETURNED
9,5,256,0.9375,1,32.7,0.17,32.26,0.27,1907,0.875,RETURNED
9,5,256,0.9765625,2,33.04,0.11,32.81,0.12,1909,0.953125,RETURNED
9,5,256,0.97265625,3,33.03,0.15,32.66,0.21,1914,0.97265625,RETURNED
9,5,256,0.984375,4,31.18,0.1,30.83,0.25,1899,0.9453125,RETURNED
9,6,256,0.90625,0,33.04,0.16,32.76,0.12,1908,0.63671875,RETURNED
9,6,256,0.9375,1,32.56,0.11,32.37,0.08,1907,0.859375,RETURNED
9,6,256,0.9609375,2,33.05,0.17,32.74,0.13,1909,0.91796875,RETURNED
9,6,256,0.984375,3,32.88,0.11,32.69,0.09,1914,0.95703125,RETURNED
9,6,256,1.0,4,11.08,0.2,10.77,0.11,642,0.98828125,RETURNED
9,7,256,0.90625,0,33.3,0.51,32.7,0.09,1908,0.625,RETURNED
9,7,256,0.9453125,1,32.56,0.12,32.33,0.1,1907,0.90625,RETURNED
9,7,256,0.96875,2,32.9,0.13,32.64,0.13,1909,0.94140625,RETURNED
9,7,256,0.9609375,3,33.04,0.21,32.63,0.21,1914,0.94921875,RETURNED
9,7,256,0.98828125,4,31.17,0.23,30.86,0.08,1899,0.97265625,RETURNED
10,191.40,0.27
10,0,256,0.90234375,0,33.08,0.16,32.77,0.14,1908,0.6171875,RETURNED
10,0,256,0.94140625,1,32.83,0.17,32.57,0.09,1907,0.9140625,RETURNED
10,0,256,0.9453125,2,33.44,0.14,33.14,0.16,1909,0.87890625,RETURNED
10,0,256,0.97265625,3,32.73,0.1,32.53,0.09,1914,0.9453125,RETURNED
10,0,256,0.98828125,4,32.73,0.13,32.5,0.09,1899,0.96875,RETURNED
10,1,256,0.91796875,0,33.44,0.17,33.15,0.12,1908,0.62109375,RETURNED
10,1,256,0.9453125,1,33.0,0.2,32.65,0.15,1907,0.86328125,RETURNED
10,1,256,0.94921875,2,33.81,0.56,33.15,0.1,1909,0.9453125,RETURNED
10,1,256,0.984375,3,33.16,0.11,32.93,0.13,1914,0.96484375,RETURNED
10,1,256,0.99609375,4,32.99,0.25,32.66,0.07,1899,0.98828125,RETURNED
10,2,256,0.9140625,0,33.29,0.12,33.0,0.17,1908,0.640625,RETURNED
10,2,256,0.953125,1,33.13,0.14,32.72,0.26,1907,0.9140625,RETURNED
10,2,256,0.96875,2,33.53,0.22,33.21,0.1,1909,0.94140625,RETURNED
10,2,256,0.9765625,3,33.0,0.11,32.78,0.11,1914,0.9140625,RETURNED
10,2,256,0.984375,4,32.95,0.17,32.61,0.16,1899,0.96875,RETURNED
10,3,256,0.90234375,0,33.39,0.3,32.97,0.12,1908,0.625,RETURNED
10,3,256,0.953125,1,32.73,0.1,32.54,0.09,1907,0.921875,RETURNED
10,3,256,0.9765625,2,33.51,0.34,33.09,0.07,1909,0.94921875,RETURNED
10,3,256,0.98046875,3,32.82,0.18,32.53,0.12,1914,0.9765625,RETURNED
10,3,256,0.97265625,4,32.78,0.14,32.56,0.08,1899,0.9609375,RETURNED
10,4,256,0.92578125,0,33.0,0.21,32.56,0.22,1908,0.6328125,RETURNED
10,4,256,0.93359375,1,32.84,0.18,32.49,0.16,1907,0.8828125,RETURNED
10,4,256,0.97265625,2,33.14,0.19,32.79,0.16,1909,0.91796875,RETURNED
10,4,256,0.9765625,3,32.55,0.14,32.33,0.08,1914,0.953125,RETURNED
10,4,256,0.99609375,4,32.49,0.09,32.32,0.07,1899,0.984375,RETURNED
10,5,256,0.92578125,0,33.28,0.26,32.94,0.07,1908,0.640625,RETURNED
10,5,256,0.94140625,1,33.04,0.14,32.78,0.13,1907,0.87890625,RETURNED
10,5,256,0.9609375,2,33.72,0.12,33.39,0.21,1909,0.90234375,RETURNED
10,5,256,0.98828125,3,32.82,0.12,32.56,0.14,1914,0.984375,RETURNED
10,5,256,0.96484375,4,33.01,0.27,32.65,0.09,1899,0.9765625,RETURNED
10,6,256,0.921875,0,33.08,0.17,32.83,0.08,1908,0.61328125,RETURNED
10,6,256,0.9453125,1,32.87,0.2,32.55,0.12,1907,0.87109375,RETURNED
10,6,256,0.9765625,2,33.28,0.11,33.06,0.11,1909,0.93359375,RETURNED
10,6,256,0.97265625,3,32.86,0.21,32.56,0.09,1914,0.97265625,RETURNED
10,6,256,0.98828125,4,32.69,0.17,32.45,0.08,1899,0.97265625,RETURNED
10,7,256,0.9140625,0,33.46,0.36,32.84,0.26,1908,0.62109375,RETURNED
10,7,256,0.94921875,1,32.81,0.21,32.48,0.11,1907,0.890625,RETURNED
10,7,256,0.98828125,2,33.41,0.25,32.97,0.19,1909,0.9609375,RETURNED
10,7,256,0.98046875,3,32.72,0.18,32.46,0.07,1914,0.94140625,RETURNED
10,7,256,1.0,4,30.41,0.16,30.05,0.2,1743,0.984375,RETURNED
11,214.62,0.28
11,0,256,0.91796875,0,33.21,0.17,32.9,0.14,1908,0.62109375,RETURNED
11,0,256,0.94140625,1,32.65,0.19,32.4,0.07,1907,0.67578125,RETURNED
11,0,256,0.96484375,2,33.26,0.11,33.06,0.09,1909,0.93359375,RETURNED
11,0,256,0.9765625,3,33.0,0.17,32.7,0.13,1914,0.96875,RETURNED
11,0,256,0.98828125,4,33.15,0.17,32.86,0.12,1899,0.96875,RETURNED
11,0,256,0.99609375,5,30.88,0.18,30.59,0.1,1914,0.98828125,RETURNED
11,1,256,0.90625,0,33.19,0.23,32.61,0.34,1908,0.62109375,RETURNED
11,1,256,0.9609375,1,32.47,0.14,32.2,0.14,1907,0.9140625,RETURNED
11,1,256,0.953125,2,32.84,0.11,32.64,0.09,1909,0.9140625,RETURNED
11,1,256,0.97265625,3,32.76,0.11,32.45,0.19,1914,0.94921875,RETURNED
11,1,256,0.98828125,4,33.25,0.19,32.7,0.36,1899,0.96484375,RETURNED
11,1,256,0.98828125,5,30.61,0.12,30.34,0.15,1914,0.98046875,RETURNED
11,2,256,0.9140625,0,33.33,0.22,33.01,0.1,1908,0.61328125,RETURNED
11,2,256,0.9609375,1,32.97,0.16,32.71,0.11,1907,0.91015625,RETURNED
11,2,256,0.9609375,2,33.69,0.22,33.09,0.38,1909,0.9375,RETURNED
11,2,256,0.984375,3,33.88,0.56,33.07,0.25,1914,0.96875,RETURNED
11,2,256,0.984375,4,33.93,0.28,33.48,0.16,1899,0.97265625,RETURNED
11,3,256,0.91015625,0,33.37,0.18,32.65,0.54,1908,0.62109375,RETURNED
11,3,256,0.94921875,1,33.08,0.45,32.56,0.07,1907,0.90625,RETURNED
11,3,256,0.98046875,2,33.14,0.17,32.88,0.09,1909,0.9609375,RETURNED
11,3,256,0.96875,3,32.98,0.2,32.69,0.09,1914,0.94140625,RETURNED
11,3,256,0.9765625,4,33.09,0.15,32.7,0.25,1899,0.96875,RETURNED
11,3,256,1.0,5,22.54,0.2,22.12,0.22,1391,0.99609375,RETURNED
11,4,256,0.91796875,0,33.11,0.14,32.81,0.17,1908,0.61328125,RETURNED
11,4,256,0.94921875,1,32.79,0.2,32.48,0.11,1907,0.9140625,RETURNED
11,4,256,0.96484375,2,33.55,0.41,32.97,0.18,1909,0.94140625,RETURNED
11,4,256,0.98046875,3,33.01,0.18,32.71,0.12,1914,0.96484375,RETURNED
11,4,256,0.984375,4,32.88,0.1,32.65,0.13,1899,0.9609375,RETURNED
11,4,256,0.99609375,5,30.71,0.17,30.46,0.08,1914,0.984375,RETURNED
11,5,256,0.91796875,0,33.32,0.25,32.95,0.12,1908,0.65234375,RETURNED
11,5,256,0.94140625,1,32.75,0.1,32.53,0.12,1907,0.8515625,RETURNED
11,5,256,0.96875,2,33.2,0.18,32.87,0.15,1909,0.91796875,RETURNED
11,5,256,0.97265625,3,33.02,0.15,32.8,0.08,1914,0.96484375,RETURNED
11,5,256,0.99609375,4,33.16,0.18,32.84,0.14,1899,0.984375,RETURNED
11,5,256,1.0,5,1.44,0.59,0.74,0.11,46,0.99609375,RETURNED
11,6,256,0.8984375,0,33.24,0.16,33.0,0.08,1908,0.6328125,RETURNED
11,6,256,0.9453125,1,32.92,0.21,32.6,0.11,1907,0.90234375,RETURNED
11,6,256,0.984375,2,33.62,0.17,33.26,0.19,1909,0.9609375,RETURNED
11,6,256,0.98828125,3,33.15,0.15,32.93,0.08,1914,0.96484375,RETURNED
11,6,256,0.9765625,4,33.37,0.1,32.88,0.39,1899,0.96875,RETURNED
11,6,256,0.99609375,5,31.11,0.18,30.71,0.22,1914,0.984375,RETURNED
11,7,256,0.90625,0,33.1,0.11,32.87,0.12,1908,0.625,RETURNED
11,7,256,0.9453125,1,32.72,0.15,32.44,0.13,1907,0.85546875,RETURNED
11,7,256,0.953125,2,33.34,0.11,33.15,0.08,1909,0.92578125,RETURNED
11,7,256,0.96875,3,32.86,0.1,32.62,0.14,1914,0.94921875,RETURNED
11,7,256,0.98046875,4,33.11,0.11,32.82,0.18,1899,0.98046875,RETURNED
11,7,256,0.9921875,5,30.89,0.18,30.56,0.15,1914,0.98828125,RETURNED
12,237.66,0.23
12,0,256,0.921875,0,36.4,0.12,36.06,0.22,1908,0.64453125,RETURNED
12,0,256,0.9375,1,35.89,0.18,35.59,0.12,1907,0.91796875,RETURNED
12,0,256,0.9765625,2,36.68,0.13,36.24,0.31,1909,0.93359375,RETURNED
12,0,256,0.98046875,3,35.58,0.1,35.33,0.14,1914,0.96875,RETURNED
12,0,256,0.97265625,4,35.69,0.23,35.22,0.24,1899,0.97265625,RETURNED
12,1,256,0.9140625,0,37.21,0.17,36.93,0.11,1908,0.625,RETURNED
12,1,256,0.95703125,1,36.58,0.1,35.87,0.61,1907,0.8984375,RETURNED
12,1,256,0.98046875,2,36.99,0.72,36.14,0.13,1909,0.95703125,RETURNED
12,1,256,0.984375,3,36.47,0.97,35.39,0.11,1914,0.9609375,RETURNED
12,1,256,0.9921875,4,35.65,0.1,35.4,0.15,1899,0.984375,RETURNED
12,2,256,0.8984375,0,35.98,0.13,35.72,0.14,1908,0.625,RETURNED
12,2,256,0.95703125,1,35.45,0.19,35.16,0.11,1907,0.90234375,RETURNED
12,2,256,0.96484375,2,35.77,0.17,35.36,0.23,1909,0.9375,RETURNED
12,2,256,0.984375,3,35.04,0.23,34.73,0.07,1914,0.96484375,RETURNED
12,2,256,0.984375,4,35.32,0.17,34.98,0.16,1899,0.96484375,RETURNED
12,2,256,0.9765625,5,34.92,0.17,34.67,0.08,1914,0.94140625,RETURNED
12,3,256,0.921875,0,35.67,0.27,35.28,0.12,1908,0.61328125,RETURNED
12,3,256,0.953125,1,35.07,0.29,34.7,0.08,1907,0.87109375,RETURNED
12,3,256,0.9453125,2,35.42,0.1,34.89,0.42,1909,0.9140625,RETURNED
12,3,256,0.96484375,3,34.72,0.17,34.47,0.08,1914,0.95703125,RETURNED
12,3,256,0.984375,4,34.79,0.08,34.53,0.17,1899,0.96484375,RETURNED
12,3,256,0.9921875,5,34.57,0.1,34.33,0.15,1914,0.984375,RETURNED
12,4,256,0.89453125,0,35.94,0.11,35.75,0.09,1908,0.6328125,RETURNED
12,4,256,0.93359375,1,35.39,0.16,35.08,0.14,1907,0.859375,RETURNED
12,4,256,0.96875,2,35.85,0.26,35.39,0.2,1909,0.9453125,RETURNED
12,4,256,0.98046875,3,35.56,0.7,34.75,0.12,1914,0.96875,RETURNED
12,4,256,0.98828125,4,35.32,0.18,34.91,0.24,1899,0.98046875,RETURNED
12,4,256,1.0,5,0.93,0.25,0.58,0.11,32,1.0,RETURNED
12,5,256,0.91796875,0,36.11,0.16,35.83,0.13,1908,0.609375,RETURNED
12,5,256,0.95703125,1,35.51,0.21,35.14,0.15,1907,0.8671875,RETURNED
12,5,256,0.96875,2,36.29,0.66,35.53,0.1,1909,0.9375,RETURNED
12,5,256,0.9765625,3,61.5,0.22,34.78,26.5,1914,0.95703125,RETURNED
12,5,256,0.9921875,4,35.25,0.43,34.74,0.08,1899,0.98046875,RETURNED
12,6,256,0.91796875,0,35.73,0.11,35.47,0.15,1908,0.625,RETURNED
12,6,256,0.94921875,1,35.16,0.17,34.88,0.11,1907,0.87890625,RETURNED
12,6,256,0.953125,2,35.52,0.16,35.25,0.12,1909,0.92578125,RETURNED
12,6,256,0.9765625,3,34.96,0.35,34.51,0.11,1914,0.95703125,RETURNED
12,6,256,0.9765625,4,35.06,0.17,34.71,0.19,1899,0.94921875,RETURNED
12,6,256,0.98046875,5,34.67,0.19,34.41,0.08,1914,0.98046875,RETURNED
12,7,256,0.91796875,0,30.49,0.09,30.12,0.28,1908,0.625,RETURNED
12,7,256,0.953125,1,30.46,0.18,30.08,0.21,1907,0.87890625,RETURNED
12,7,256,0.96484375,2,31.04,0.42,30.02,0.6,1909,0.91796875,RETURNED
12,7,256,0.96875,3,30.53,0.17,30.26,0.1,1914,0.953125,RETURNED
12,7,256,0.99609375,4,30.33,0.16,30.09,0.07,1899,0.9765625,RETURNED
12,7,256,0.98046875,5,30.81,0.27,30.37,0.17,1914,0.96875,RETURNED
12,7,256,0.98828125,6,30.41,0.11,30.3,0.0,1918,0.98828125,LOST
13,173.58,0.27
13,0,256,0.9296875,0,30.93,0.24,30.58,0.11,1908,0.63671875,RETURNED
13,0,256,0.94140625,1,30.95,0.1,30.7,0.15,1907,0.859375,RETURNED
13,0,256,0.9765625,2,30.81,0.18,30.54,0.09,1909,0.953125,RETURNED
13,0,256,0.96875,3,31.03,0.15,30.73,0.15,1914,0.93359375,RETURNED
13,1,256,0.8984375,0,59.23,0.19,58.91,0.12,1908,0.6171875,RETURNED
13,1,256,0.96875,1,61.89,0.08,61.65,0.16,1907,0.88671875,RETURNED
13,1,256,0.98046875,2,35.55,0.21,35.15,0.19,1909,0.96875,RETURNED
13,2,256,0.91015625,0,30.81,0.14,30.56,0.12,1908,0.62109375,RETURNED
13,2,256,0.96875,1,30.98,0.24,30.68,0.07,1907,0.90625,RETURNED
13,2,256,0.98046875,2,30.94,0.17,30.6,0.17,1909,0.94921875,RETURNED
13,2,256,0.98828125,3,30.96,0.1,30.71,0.16,1914,0.96875,RETURNED
13,3,256,0.91015625,0,62.19,0.14,61.87,0.18,1908,0.6171875,RETURNED
13,3,256,0.9765625,1,61.89,0.11,61.69,0.09,1907,0.9609375,RETURNED
13,4,256,0.91796875,0,30.82,0.1,30.58,0.14,1908,0.61328125,RETURNED
13,4,256,0.94921875,1,31.02,0.11,30.71,0.19,1907,0.859375,RETURNED
13,4,256,0.9765625,2,31.23,0.41,30.59,0.23,1909,0.953125,RETURNED
13,4,256,1.0,3,27.62,0.12,27.39,0.11,1705,0.9765625,RETURNED
13,5,256,0.91796875,0,30.74,0.17,30.47,0.1,1908,0.625,RETURNED
13,5,256,0.97265625,1,31.25,0.54,30.6,0.12,1907,0.921875,RETURNED
13,5,256,0.984375,2,30.93,0.32,30.48,0.13,1909,0.97265625,RETURNED
13,5,256,0.984375,3,31.09,0.24,30.69,0.17,1914,0.9765625,RETURNED
13,6,256,0.8828125,0,31.12,0.35,30.54,0.22,1908,0.6328125,RETURNED
13,6,256,0.953125,1,30.93,0.09,30.55,0.29,1907,0.87109375,RETURNED
13,6,256,0.9765625,2,30.96,0.2,30.55,0.21,1909,0.9375,RETURNED
13,6,256,0.984375,3,31.77,0.14,30.59,1.03,1914,0.97265625,RETURNED
13,7,256,0.90625,0,34.77,0.15,34.52,0.09,1908,0.61328125,RETURNED
13,7,256,0.90625,1,34.78,0.13,34.55,0.1,1907,0.62890625,RETURNED
13,7,256,0.97265625,2,34.97,0.15,34.72,0.09,1909,0.9375,RETURNED
13,7,256,0.98828125,3,35.53,0.12,35.27,0.13,1914,0.98046875,RETURNED
14,170.93,0.29
14,0,256,0.890625,0,33.64,0.22,33.33,0.09,1908,0.625,RETURNED
14,0,256,0.96875,1,34.1,0.19,33.83,0.08,1907,0.890625,RETURNED
14,0,256,0.98046875,2,33.46,0.09,33.26,0.11,1909,0.95703125,RETURNED
14,0,256,0.9765625,3,33.57,0.11,33.28,0.17,1914,0.94921875,RETURNED
14,1,256,0.9140625,0,33.7,0.12,33.4,0.17,1908,0.62109375,RETURNED
14,1,256,0.94921875,1,34.24,0.12,33.99,0.13,1907,0.91796875,RETURNED
14,1,256,0.98046875,2,33.84,0.1,33.6,0.15,1909,0.95703125,RETURNED
14,1,256,0.99609375,3,33.55,0.18,33.27,0.1,1914,0.984375,RETURNED
14,2,256,0.91796875,0,33.55,0.18,33.25,0.12,1908,0.6171875,RETURNED
14,2,256,0.96484375,1,34.26,0.23,33.82,0.21,1907,0.91015625,RETURNED
14,2,256,0.98046875,2,33.58,0.16,33.34,0.08,1909,0.96484375,RETURNED
14,2,256,1.0,3,17.51,0.33,17.18,0.0,977,0.984375,LOST
14,3,256,0.91796875,0,33.63,0.16,33.32,0.15,1908,0.61328125,RETURNED
14,3,256,0.97265625,1,34.36,0.18,34.06,0.12,1907,0.91796875,RETURNED
14,3,256,0.99609375,2,33.73,0.38,33.21,0.14,1909,0.96875,RETURNED
14,3,256,0.99609375,3,33.38,0.09,33.17,0.11,1914,0.984375,RETURNED
14,4,256,0.91796875,0,33.4,0.16,33.14,0.1,1908,0.62109375,RETURNED
14,4,256,0.91796875,1,34.62,0.1,34.45,0.07,1907,0.62890625,RETURNED
14,4,256,0.98828125,2,33.41,0.16,33.11,0.14,1909,0.96484375,RETURNED
14,4,256,0.984375,3,33.8,0.17,33.39,0.24,1914,0.98046875,RETURNED
14,5,256,0.91796875,0,33.75,0.21,33.46,0.08,1908,0.62890625,RETURNED
14,5,256,0.94921875,1,34.4,0.15,34.07,0.17,1907,0.91015625,RETURNED
14,5,256,0.97265625,2,33.81,0.18,33.41,0.23,1909,0.94921875,RETURNED
14,5,256,0.99609375,3,33.65,0.21,33.32,0.13,1914,0.98828125,RETURNED
14,6,256,0.921875,0,30.59,0.21,30.18,0.2,1908,0.640625,RETURNED
14,6,256,0.97265625,1,30.58,0.16,30.21,0.21,1907,0.875,RETURNED
14,6,256,0.95703125,2,30.79,0.4,30.27,0.12,1909,0.921875,RETURNED
14,6,256,0.96875,3,30.8,0.32,30.38,0.1,1914,0.96875,RETURNED
14,6,256,0.984375,4,30.2,0.1,30.02,0.08,1899,0.98046875,RETURNED
14,7,256,0.9140625,0,30.79,0.22,30.35,0.22,1908,0.6171875,RETURNED
14,7,256,0.95703125,1,30.64,0.11,30.33,0.2,1907,0.91015625,RETURNED
14,7,256,0.97265625,2,30.88,0.22,30.35,0.31,1909,0.93359375,RETURNED
14,7,256,0.98046875,3,30.69,0.11,30.49,0.08,1914,0.96875,RETURNED
14,7,256,0.9921875,4,30.45,0.19,30.09,0.17,1899,0.984375,RETURNED
15,322.97,0.28
15,0,256,0.8984375,0,32.98,0.14,32.72,0.13,1908,0.61328125,RETURNED
15,0,256,0.890625,1,32.88,0.11,32.62,0.15,1907,0.62109375,RETURNED
15,0,256,0.9609375,2,32.54,0.1,32.37,0.07,1909,0.90625,RETURNED
15,0,256,0.96484375,3,33.04,0.11,32.78,0.15,1914,0.94140625,RETURNED
15,0,256,0.9765625,4,32.9,0.21,32.2,0.48,1899,0.96875,RETURNED
15,0,256,0.984375,5,33.29,0.4,32.82,0.07,1914,0.97265625,RETURNED
15,0,256,0.98828125,6,32.86,0.17,32.69,0.0,1918,0.98828125,LOST
15,0,256,0.9921875,7,32.74,0.12,32.56,0.07,1903,0.984375,RETURNED
15,0,256,0.98828125,8,30.78,0.1,30.68,0.0,1916,0.98046875,LOST
15,1,256,0.921875,0,33.34,0.23,33.03,0.08,1908,0.625,RETURNED
15,1,256,0.9296875,1,33.3,0.12,32.94,0.23,1907,0.87109375,RETURNED
15,1,256,0.96875,2,33.08,0.17,32.77,0.14,1909,0.9140625,RETURNED
15,1,256,0.9609375,3,33.41,0.2,33.11,0.11,1914,0.93359375,RETURNED
15,1,256,0.984375,4,32.67,0.11,32.47,0.09,1899,0.96875,RETURNED
15,1,256,0.98046875,5,33.32,0.12,33.04,0.15,1914,0.984375,RETURNED
15,1,256,0.9921875,6,32.96,0.17,32.79,0.0,1918,0.9921875,LOST
15,1,256,0.984375,7,33.4,0.18,33.12,0.1,1903,0.98046875,RETURNED
15,1,256,0.9921875,8,31.09,0.23,30.86,0.0,1916,0.9921875,LOST
15,2,256,0.89453125,0,33.44,0.23,33.12,0.09,1908,0.6171875,RETURNED
15,2,256,0.9375,1,33.13,0.09,32.88,0.15,1907,0.9140625,RETURNED
15,2,256,0.96484375,2,32.97,0.17,32.7,0.09,1909,0.9453125,RETURNED
15,2,256,0.9765625,3,33.35,0.15,33.01,0.19,1914,0.9609375,RETURNED
15,2,256,0.984375,4,33.2,0.34,32.53,0.33,1899,0.98046875,RETURNED
15,2,256,0.984375,5,33.46,0.19,33.15,0.12,1914,0.984375,RETURNED
15,2,256,0.984375,6,32.95,0.18,32.77,0.0,1918,0.96875,LOST
15,2,256,0.98828125,7,33.61,0.43,33.07,0.11,1903,0.98828125,RETURNED
15,2,256,1.0,8,1.08,0.18,0.71,0.19,42,0.99609375,RETURNED
15,3,256,0.9140625,0,33.2,0.19,32.89,0.12,1908,0.62109375,RETURNED
15,3,256,0.95703125,1,33.32,0.2,32.9,0.22,1907,0.89453125,RETURNED
15,3,256,0.94140625,2,32.77,0.14,32.51,0.11,1909,0.90234375,RETURNED
15,3,256,0.97265625,3,33.49,0.12,33.17,0.2,1914,0.9609375,RETURNED
15,3,256,0.953125,4,32.48,0.11,32.26,0.12,1899,0.96875,RETURNED
15,3,256,0.98828125,5,33.26,0.15,32.97,0.13,1914,0.98046875,RETURNED
15,3,256,0.9921875,6,32.72,0.17,32.55,0.0,1918,0.984375,LOST
15,3,256,0.99609375,7,32.94,0.14,32.72,0.08,1903,0.9921875,RETURNED
15,3,256,0.9921875,8,30.94,0.13,30.82,0.0,1916,0.98828125,LOST
15,4,256,0.89453125,0,33.25,0.12,33.05,0.08,1908,0.62109375,RETURNED
15,4,256,0.95703125,1,33.06,0.1,32.84,0.11,1907,0.90625,RETURNED
15,4,256,0.97265625,2,32.95,0.12,32.67,0.15,1909,0.9453125,RETURNED
15,4,256,0.96875,3,33.63,0.17,33.32,0.14,1914,0.93359375,RETURNED
15,4,256,0.9921875,4,32.77,0.16,32.49,0.11,1899,0.96875,RETURNED
15,4,256,0.98828125,5,33.52,0.19,33.15,0.18,1914,0.9765625,RETURNED
15,4,256,0.9921875,6,33.29,0.54,32.75,0.0,1918,0.9921875,LOST
15,4,256,0.99609375,7,33.09,0.15,32.86,0.08,1903,0.9921875,RETURNED
15,4,256,1.0,8,24.9,0.24,24.66,0.0,1524,0.99609375,LOST
15,5,256,0.91796875,0,33.28,0.15,33.05,0.07,1908,0.62890625,RETURNED
15,5,256,0.9453125,1,33.43,0.17,32.91,0.35,1907,0.8828125,RETURNED
15,5,256,0.9765625,2,32.74,0.13,32.53,0.08,1909,0.921875,RETURNED
15,5,256,0.98046875,3,33.26,0.13,32.98,0.15,1914,0.96875,RETURNED
15,5,256,0.9765625,4,32.7,0.36,32.26,0.07,1899,0.98046875,RETURNED
15,5,256,0.984375,5,33.51,0.18,32.86,0.47,1914,0.98046875,RETURNED
15,5,256,0.9921875,6,32.74,0.18,32.56,0.0,1918,0.9921875,LOST
15,5,256,0.98828125,7,33.04,0.22,32.74,0.08,1903,0.984375,RETURNED
15,5,256,1.0,8,24.58,0.12,24.45,0.0,1524,0.99609375,LOST
15,6,256,0.9140625,0,33.08,0.13,32.85,0.1,1908,0.625,RETURNED
15,6,256,0.93359375,1,32.9,0.17,32.58,0.15,1907,0.86328125,RETURNED
15,6,256,0.96875,2,32.71,0.16,32.44,0.1,1909,0.93359375,RETURNED
15,6,256,0.98046875,3,33.28,0.23,32.96,0.09,1914,0.96875,RETURNED
15,6,256,0.97265625,4,32.77,0.2,32.34,0.23,1899,0.953125,RETURNED
15,6,256,0.9765625,5,33.27,0.19,32.99,0.1,1914,0.96875,RETURNED
15,6,256,0.99609375,6,32.76,0.14,32.61,0.0,1918,0.984375,LOST
15,6,256,0.98828125,7,32.99,0.16,32.72,0.11,1903,0.984375,RETURNED
15,6,256,0.9921875,8,30.82,0.14,30.68,0.0,1916,0.98828125,LOST
15,7,256,0.91796875,0,33.16,0.19,32.87,0.09,1908,0.6171875,RETURNED
15,7,256,0.94140625,1,34.44,1.31,33.01,0.11,1907,0.91015625,RETURNED
15,7,256,0.984375,2,32.94,0.1,32.67,0.17,1909,0.94140625,RETURNED
15,7,256,0.984375,3,33.31,0.13,33.09,0.09,1914,0.96875,RETURNED
15,7,256,0.984375,4,32.71,0.14,32.47,0.11,1899,0.98046875,RETURNED
15,7,256,0.984375,5,33.3,0.12,32.96,0.21,1914,0.984375,RETURNED
15,7,256,0.9921875,6,32.84,0.11,32.73,0.0,1918,0.984375,LOST
15,7,256,0.9921875,7,33.07,0.11,32.82,0.14,1903,0.98828125,RETURNED
15,7,256,1.0,8,8.92,0.16,8.76,0.0,546,0.99609375,LOST
0,227.37,2.33
0,0,256,0.90234375,0,33.2,0.42,32.71,0.07,1908,0.62890625,RETURNED
0,0,256,0.95703125,1,32.8,0.21,32.48,0.1,1907,0.90234375,RETURNED
0,0,256,0.96875,2,32.81,0.21,32.53,0.08,1909,0.95703125,RETURNED
0,0,256,0.97265625,3,33.24,0.11,32.99,0.14,1914,0.9453125,RETURNED
0,0,256,0.96875,4,32.6,0.15,32.26,0.2,1899,0.96875,RETURNED
0,0,256,0.98828125,5,33.33,0.17,33.07,0.09,1914,0.98828125,RETURNED
0,1,256,0.8984375,0,33.05,0.19,32.67,0.19,1908,0.61328125,RETURNED
0,1,256,0.94921875,1,33.25,0.41,32.74,0.11,1907,0.9140625,RETURNED
0,1,256,0.9453125,2,32.79,0.17,32.54,0.07,1909,0.91015625,RETURNED
0,1,256,0.96484375,3,33.38,0.17,33.1,0.11,1914,0.953125,RETURNED
0,1,256,0.98046875,4,32.59,0.16,32.29,0.14,1899,0.9765625,RETURNED
0,1,256,0.98828125,5,33.47,0.18,33.09,0.2,1914,0.98828125,RETURNED
0,2,256,0.88671875,0,32.99,0.17,32.74,0.09,1908,0.61328125,RETURNED
0,2,256,0.95703125,1,32.86,0.17,32.59,0.1,1907,0.91796875,RETURNED
0,2,256,0.94921875,2,32.77,0.11,32.58,0.09,1909,0.921875,RETURNED
0,2,256,0.98828125,3,33.56,0.27,33.13,0.16,1914,0.9765625,RETURNED
0,2,256,0.984375,4,32.7,0.24,32.36,0.1,1899,0.96875,RETURNED
0,2,256,0.9921875,5,33.48,0.16,33.15,0.17,1914,0.98828125,RETURNED
0,3,256,0.92578125,0,32.88,0.1,32.59,0.18,1908,0.625,RETURNED
0,3,256,0.91796875,1,33.02,0.18,32.75,0.09,1907,0.75390625,RETURNED
0,3,256,0.9453125,2,33.18,0.2,32.89,0.08,1909,0.8984375,RETURNED
0,3,256,0.96875,3,33.51,0.19,33.22,0.11,1914,0.95703125,RETURNED
0,3,256,0.9921875,4,33.27,0.18,32.66,0.42,1899,0.9765625,RETURNED
0,3,256,0.9921875,5,33.59,0.16,33.27,0.17,1914,0.98828125,RETURNED
0,4,256,0.921875,0,33.57,0.66,32.68,0.24,1908,0.63671875,RETURNED
0,4,256,0.93359375,1,32.89,0.11,32.7,0.07,1907,0.91015625,RETURNED
0,4,256,0.96484375,2,33.2,0.21,32.55,0.44,1909,0.9375,RETURNED
0,4,256,0.98828125,3,33.27,0.13,33.03,0.12,1914,0.97265625,RETURNED
0,4,256,0.98828125,4,32.67,0.21,32.27,0.18,1899,0.9765625,RETURNED
0,4,256,0.98046875,5,33.53,0.11,32.95,0.47,1914,0.98828125,RETURNED
0,5,256,0.92578125,0,33.01,0.2,32.72,0.09,1908,0.6171875,RETURNED
0,5,256,0.9453125,1,33.35,0.23,32.96,0.16,1907,0.86328125,RETURNED
0,5,256,0.9765625,2,32.94,0.21,32.63,0.1,1909,0.95703125,RETURNED
0,5,256,0.984375,3,33.49,0.22,33.15,0.12,1914,0.96875,RETURNED
0,5,256,0.984375,4,32.85,0.21,32.33,0.3,1899,0.96875,RETURNED
0,5,256,1.0,5,32.12,0.25,31.76,0.11,1839,0.984375,RETURNED
0,6,256,0.91015625,0,33.3,0.41,32.74,0.14,1908,0.640625,RETURNED
0,6,256,0.96484375,1,33.01,0.19,32.73,0.09,1907,0.90625,RETURNED
0,6,256,0.97265625,2,32.9,0.12,32.62,0.16,1909,0.92578125,RETURNED
0,6,256,0.98828125,3,33.29,0.17,33.02,0.1,1914,0.9765625,RETURNED
0,6,256,0.98828125,4,32.6,0.14,32.38,0.09,1899,0.97265625,RETURNED
0,6,256,0.9765625,5,33.56,0.22,33.21,0.14,1914,0.96875,RETURNED
0,7,256,0.91796875,0,32.9,0.2,32.57,0.13,1908,0.62890625,RETURNED
0,7,256,0.95703125,1,33.34,0.2,33.03,0.11,1907,0.92578125,RETURNED
0,7,256,0.96484375,2,32.93,0.12,32.57,0.24,1909,0.953125,RETURNED
0,7,256,0.9765625,3,33.54,0.12,33.18,0.23,1914,0.96875,RETURNED
0,7,256,0.98046875,4,32.84,0.23,32.39,0.22,1899,0.96875,RETURNED
0,7,256,0.99609375,5,33.62,0.22,33.23,0.17,1914,0.98828125,RETURNED
1,214.39,0.30
1,0,256,0.89453125,0,37.7,0.13,37.5,0.07,1908,0.6171875,RETURNED
1,0,256,0.94921875,1,38.14,0.12,37.9,0.12,1907,0.90234375,RETURNED
1,0,256,0.96484375,2,38.19,0.81,37.08,0.3,1909,0.9375,RETURNED
1,0,256,0.9609375,3,37.77,0.15,37.34,0.28,1914,0.9453125,RETURNED
1,0,256,0.98828125,4,36.81,0.22,36.41,0.18,1899,0.9765625,RETURNED
1,1,256,0.90625,0,36.13,0.11,35.96,0.06,1908,0.62890625,RETURNED
1,1,256,0.921875,1,36.74,0.12,36.43,0.19,1907,0.76171875,RETURNED
1,1,256,0.95703125,2,35.8,0.12,35.54,0.14,1909,0.94140625,RETURNED
1,1,256,0.9765625,3,36.84,0.16,36.6,0.07,1914,0.96875,RETURNED
1,1,256,0.98828125,4,35.78,0.17,35.49,0.13,1899,0.9765625,RETURNED
1,2,256,0.90625,0,36.22,0.13,35.97,0.12,1908,0.609375,RETURNED
1,2,256,0.94140625,1,36.51,0.11,36.31,0.09,1907,0.875,RETURNED
1,2,256,0.95703125,2,36.1,0.53,35.4,0.17,1909,0.890625,RETURNED
1,2,256,0.9765625,3,36.13,0.2,35.84,0.09,1914,0.96875,RETURNED
1,2,256,0.96484375,4,35.27,0.11,35.07,0.09,1899,0.96484375,RETURNED
1,3,256,0.91015625,0,36.09,0.23,35.78,0.08,1908,0.61328125,RETURNED
1,3,256,0.96484375,1,36.93,0.41,36.4,0.12,1907,0.921875,RETURNED
1,3,256,0.94140625,2,35.83,0.23,35.53,0.08,1909,0.8203125,RETURNED
1,3,256,0.9765625,3,36.91,0.56,36.07,0.27,1914,0.96875,RETURNED
1,3,256,0.97265625,4,35.77,0.19,35.41,0.17,1899,0.9765625,RETURNED
1,4,256,0.88671875,0,35.87,0.49,35.22,0.16,1908,0.640625,RETURNED
1,4,256,0.9453125,1,36.37,0.3,35.76,0.32,1907,0.8671875,RETURNED
1,4,256,0.95703125,2,35.83,0.71,34.91,0.2,1909,0.91796875,RETURNED
1,4,256,0.9609375,3,35.84,0.3,35.45,0.08,1914,0.94921875,RETURNED
1,4,256,0.98828125,4,34.96,0.15,34.63,0.18,1899,0.984375,RETURNED
1,5,256,0.92578125,0,36.2,0.21,35.9,0.08,1908,0.64453125,RETURNED
1,5,256,0.921875,1,36.66,0.41,36.17,0.08,1907,0.84765625,RETURNED
1,5,256,0.96875,2,35.54,0.1,35.37,0.07,1909,0.9453125,RETURNED
1,5,256,0.98046875,3,36.42,0.09,35.98,0.34,1914,0.95703125,RETURNED
1,5,256,0.984375,4,35.2,0.1,35.0,0.1,1899,0.95703125,RETURNED
1,6,256,0.8984375,0,36.69,0.34,36.26,0.09,1908,0.6484375,RETURNED
1,6,256,0.94921875,1,37.69,0.69,36.85,0.16,1907,0.89453125,RETURNED
1,6,256,0.96484375,2,36.28,0.18,35.97,0.13,1909,0.9375,RETURNED
1,6,256,0.9765625,3,36.89,0.32,36.49,0.08,1914,0.9609375,RETURNED
1,6,256,1.0,4,27.54,0.11,27.07,0.36,1437,0.98046875,RETURNED
1,7,256,0.921875,0,36.04,0.26,35.71,0.07,1908,0.60546875,RETURNED
1,7,256,0.95703125,1,37.08,0.2,36.35,0.54,1907,0.91796875,RETURNED
1,7,256,0.984375,2,35.47,0.11,35.29,0.07,1909,0.96484375,RETURNED
1,7,256,0.96875,3,36.19,0.12,35.91,0.16,1914,0.94921875,RETURNED
1,7,256,0.984375,4,35.25,0.14,35.0,0.1,1899,0.96484375,RETURNED
2,263.96,0.20
2,0,256,0.8984375,0,34.17,0.29,33.72,0.16,1908,0.62109375,RETURNED
2,0,256,0.94921875,1,33.46,0.18,33.19,0.09,1907,0.91796875,RETURNED
2,0,256,0.95703125,2,33.91,0.18,33.28,0.45,1909,0.9453125,RETURNED
2,0,256,0.96484375,3,33.74,0.23,33.36,0.15,1914,0.95703125,RETURNED
2,0,256,0.984375,4,34.03,0.13,33.79,0.11,1899,0.96484375,RETURNED
2,0,256,0.99609375,5,33.79,0.24,33.4,0.14,1914,0.984375,RETURNED
2,0,256,1.0,6,33.19,0.28,32.79,0.12,1888,0.99609375,RETURNED
2,1,256,0.90234375,0,34.1,0.12,33.8,0.18,1908,0.62890625,RETURNED
2,1,256,0.92578125,1,33.46,0.22,33.14,0.1,1907,0.88671875,RETURNED
2,1,256,0.97265625,2,34.07,0.21,33.72,0.14,1909,0.921875,RETURNED
2,1,256,0.9921875,3,34.25,0.17,33.99,0.1,1914,0.98046875,RETURNED
2,1,256,0.99609375,4,35.26,1.05,33.99,0.22,1899,0.97265625,RETURNED
2,1,256,0.9921875,5,33.48,0.13,33.27,0.08,1914,0.98828125,RETURNED
2,1,256,1.0,6,33.0,0.13,32.77,0.1,1888,0.99609375,RETURNED
2,2,256,0.91796875,0,33.94,0.16,33.66,0.12,1908,0.64453125,RETURNED
2,2,256,0.94921875,1,33.31,0.19,33.0,0.12,1907,0.91015625,RETURNED
2,2,256,0.98046875,2,33.42,0.14,33.14,0.14,1909,0.95703125,RETURNED
2,2,256,0.97265625,3,33.4,0.14,33.17,0.09,1914,0.9609375,RETURNED
2,2,256,0.9921875,4,34.15,0.14,33.9,0.11,1899,0.98046875,RETURNED
2,2,256,0.99609375,5,33.85,0.19,33.57,0.09,1914,0.99609375,RETURNED
2,2,256,1.0,6,13.41,0.1,13.21,0.11,752,0.99609375,RETURNED
2,3,256,0.90234375,0,34.03,0.24,33.62,0.17,1908,0.62109375,RETURNED
2,3,256,0.9453125,1,33.6,0.24,33.23,0.14,1907,0.90234375,RETURNED
2,3,256,0.984375,2,33.47,0.1,33.3,0.07,1909,0.9453125,RETURNED
2,3,256,0.9765625,3,33.76,0.1,33.52,0.14,1914,0.96875,RETURNED
2,3,256,0.9921875,4,34.23,0.35,33.8,0.09,1899,0.9765625,RETURNED
2,3,256,0.9921875,5,33.82,0.12,33.51,0.18,1914,0.9921875,RETURNED
2,3,256,1.0,6,33.12,0.12,32.92,0.08,1888,0.9921875,RETURNED
2,4,256,0.9375,0,33.95,0.15,33.59,0.21,1908,0.62890625,RETURNED
2,4,256,0.95703125,1,33.19,0.21,32.88,0.09,1907,0.91796875,RETURNED
2,4,256,0.96875,2,33.46,0.14,33.18,0.14,1909,0.94921875,RETURNED
2,4,256,0.97265625,3,34.29,0.15,33.86,0.28,1914,0.9609375,RETURNED
2,4,256,0.98828125,4,34.73,0.4,34.19,0.14,1899,0.97265625,RETURNED
2,4,256,0.9921875,5,33.43,0.28,33.06,0.08,1914,0.98828125,RETURNED
2,4,256,0.99609375,6,33.46,0.16,33.3,0.0,1918,0.9921875,LOST
2,5,256,0.88671875,0,34.36,0.23,33.99,0.14,1908,0.625,RETURNED
2,5,256,0.9609375,1,33.76,0.18,33.5,0.08,1907,0.921875,RETURNED
2,5,256,0.9765625,2,35.06,0.36,34.61,0.08,1909,0.94921875,RETURNED
2,5,256,0.9921875,3,34.07,0.18,33.75,0.14,1914,0.984375,RETURNED
2,5,256,0.98828125,4,34.54,0.15,34.31,0.09,1899,0.9921875,RETURNED
2,5,256,0.9921875,5,33.95,0.11,33.71,0.14,1914,0.9921875,RETURNED
2,5,256,1.0,6,33.37,0.26,33.0,0.11,1888,0.99609375,RETURNED
2,6,256,0.90625,0,30.52,0.16,30.27,0.08,1908,0.625,RETURNED
2,6,256,0.94140625,1,30.67,0.2,30.37,0.1,1907,0.86328125,RETURNED
2,6,256,0.96484375,2,30.61,0.25,30.28,0.08,1909,0.89453125,RETURNED
2,6,256,0.9765625,3,30.57,0.11,30.4,0.06,1914,0.953125,RETURNED
2,6,256,0.99609375,4,30.42,0.11,30.1,0.2,1899,0.98046875,RETURNED
2,6,256,0.9921875,5,30.82,0.21,30.51,0.09,1914,0.9765625,RETURNED
2,6,256,0.99609375,6,30.63,0.18,30.45,0.0,1918,0.9921875,LOST
2,7,256,0.921875,0,30.1,0.1,29.93,0.07,1908,0.62109375,RETURNED
2,7,256,0.90625,1,30.52,0.27,30.07,0.18,1907,0.62890625,RETURNED
2,7,256,0.953125,2,30.29,0.22,29.99,0.07,1909,0.8984375,RETURNED
2,7,256,0.9765625,3,30.37,0.16,30.08,0.14,1914,0.95703125,RETURNED
2,7,256,0.9921875,4,30.05,0.17,29.78,0.1,1899,0.98046875,RETURNED
2,7,256,0.99609375,5,30.55,0.29,30.17,0.09,1914,0.98828125,RETURNED
2,7,256,1.0,6,29.94,0.16,29.63,0.15,1888,0.9921875,RETURNED
3,235.51,0.28
3,0,256,0.90625,0,57.72,0.12,57.49,0.11,1908,0.61328125,RETURNED
3,0,256,0.953125,1,60.97,0.1,60.77,0.1,1907,0.83984375,RETURNED
3,0,256,0.98828125,2,60.86,0.15,60.59,0.12,1909,0.9765625,RETURNED
3,0,256,0.99609375,3,35.94,0.11,35.68,0.16,1914,0.98828125,RETURNED
3,1,256,0.921875,0,58.37,0.1,58.16,0.12,1908,0.62890625,RETURNED
3,1,256,0.953125,1,61.92,0.16,61.62,0.14,1907,0.89453125,RETURNED
3,1,256,0.98046875,2,61.43,0.11,61.21,0.12,1909,0.98046875,RETURNED
3,1,256,0.9921875,3,36.08,0.17,35.79,0.12,1914,0.98046875,RETURNED
3,2,256,0.921875,0,61.54,0.23,61.21,0.11,1908,0.625,RETURNED
3,2,256,0.96484375,1,61.77,0.16,61.31,0.29,1907,0.94921875,RETURNED
3,2,256,0.9609375,2,61.7,0.29,61.25,0.16,1909,0.96484375,RETURNED
3,3,256,0.90234375,0,61.27,0.31,60.73,0.22,1908,0.625,RETURNED
3,3,256,0.95703125,1,61.35,0.12,61.03,0.2,1907,0.92578125,RETURNED
3,3,256,0.97265625,2,61.09,0.23,60.74,0.13,1909,0.93359375,RETURNED
3,4,256,0.88671875,0,30.82,0.24,30.5,0.08,1908,0.6171875,RETURNED
3,4,256,0.95703125,1,31.43,0.93,30.42,0.08,1907,0.86328125,RETURNED
3,4,256,0.9765625,2,30.89,0.12,30.63,0.14,1909,0.94140625,RETURNED
3,4,256,0.9609375,3,30.92,0.27,30.49,0.15,1914,0.9453125,RETURNED
3,4,256,0.99609375,4,30.8,0.15,30.41,0.24,1899,0.9921875,RETURNED
3,4,256,0.9921875,5,30.65,0.09,30.49,0.07,1914,0.98828125,RETURNED
3,5,256,0.88671875,0,30.8,0.28,30.46,0.07,1908,0.63671875,RETURNED
3,5,256,0.92578125,1,30.67,0.13,30.36,0.18,1907,0.859375,RETURNED
3,5,256,0.9765625,2,30.87,0.19,30.62,0.07,1909,0.9609375,RETURNED
3,5,256,0.9921875,3,30.74,0.17,30.45,0.12,1914,0.9765625,RETURNED
3,5,256,0.9765625,4,30.79,0.2,30.35,0.23,1899,0.94921875,RETURNED
3,5,256,0.98046875,5,30.69,0.17,30.43,0.09,1914,0.96484375,RETURNED
3,6,256,0.9140625,0,30.59,0.12,30.34,0.13,1908,0.6171875,RETURNED
3,6,256,0.96484375,1,30.59,0.21,30.27,0.11,1907,0.9140625,RETURNED
3,6,256,0.96484375,2,30.85,0.21,30.56,0.08,1909,0.91796875,RETURNED
3,6,256,0.9765625,3,30.75,0.28,30.4,0.07,1914,0.96484375,RETURNED
3,6,256,0.98828125,4,30.56,0.17,30.31,0.08,1899,0.9765625,RETURNED
3,6,256,1.0,5,27.91,0.31,27.5,0.1,1733,0.98828125,RETURNED
3,7,256,0.890625,0,35.27,0.17,34.91,0.19,1908,0.63671875,RETURNED
3,7,256,0.9609375,1,34.98,0.11,34.79,0.08,1907,0.8046875,RETURNED
3,7,256,0.9609375,2,35.06,0.09,34.83,0.13,1909,0.93359375,RETURNED
3,7,256,0.98828125,3,35.27,0.1,34.94,0.23,1914,0.9609375,RETURNED
3,7,256,0.98046875,4,35.09,0.27,34.75,0.07,1899,0.96484375,RETURNED
3,7,256,0.984375,5,35.89,0.15,35.03,0.71,1914,0.984375,RETURNED
4,230.26,0.23
4,0,256,0.91796875,0,70.32,0.18,69.95,0.19,1908,0.640625,RETURNED
4,0,256,0.94921875,1,70.04,0.17,69.71,0.17,1907,0.87890625,RETURNED
4,0,256,0.9765625,2,66.35,0.25,65.91,0.19,1909,0.97265625,RETURNED
4,1,256,0.890625,0,69.13,0.2,68.81,0.11,1908,0.609375,RETURNED
4,1,256,0.9296875,1,70.56,0.27,70.2,0.1,1907,0.89453125,RETURNED
4,1,256,0.98046875,2,70.23,0.1,69.89,0.23,1909,0.98046875,RETURNED
4,2,256,0.921875,0,35.14,0.13,34.91,0.1,1908,0.62109375,RETURNED
4,2,256,0.8984375,1,34.38,0.14,34.08,0.17,1907,0.62109375,RETURNED
4,2,256,0.9609375,2,35.32,0.41,34.78,0.14,1909,0.88671875,RETURNED
4,2,256,0.98046875,3,34.91,0.1,34.73,0.08,1914,0.9609375,RETURNED
4,2,256,0.98828125,4,34.43,0.2,34.11,0.12,1899,0.96484375,RETURNED
4,3,256,0.8984375,0,34.87,0.13,34.62,0.12,1908,0.625,RETURNED
4,3,256,0.953125,1,34.51,0.11,34.23,0.18,1907,0.8984375,RETURNED
4,3,256,0.95703125,2,34.85,0.13,34.6,0.12,1909,0.92578125,RETURNED
4,3,256,0.98046875,3,35.07,0.12,34.78,0.18,1914,0.9609375,RETURNED
4,3,256,0.9921875,4,34.53,0.26,34.15,0.12,1899,0.98046875,RETURNED
4,4,256,0.91015625,0,36.83,0.95,35.73,0.15,1908,0.65625,RETURNED
4,4,256,0.96875,1,35.74,0.31,35.32,0.11,1907,0.87890625,RETURNED
4,4,256,0.9765625,2,35.91,0.11,35.68,0.11,1909,0.96875,RETURNED
4,4,256,0.99609375,3,36.21,0.16,35.89,0.17,1914,0.9765625,RETURNED
4,4,256,1.0,4,28.28,0.18,27.97,0.13,1510,0.9921875,RETURNED
4,5,256,0.8984375,0,34.81,0.21,34.52,0.08,1908,0.62890625,RETURNED
4,5,256,0.95703125,1,34.83,0.45,34.23,0.15,1907,0.91015625,RETURNED
4,5,256,0.96875,2,35.07,0.23,34.69,0.14,1909,0.93359375,RETURNED
4,5,256,0.9765625,3,35.12,0.23,34.78,0.11,1914,0.9609375,RETURNED
4,5,256,0.98046875,4,34.44,0.1,34.27,0.08,1899,0.98046875,RETURNED
4,6,256,0.88671875,0,35.22,0.1,35.04,0.07,1908,0.62109375,RETURNED
4,6,256,0.9609375,1,34.67,0.12,34.44,0.11,1907,0.8671875,RETURNED
4,6,256,0.97265625,2,34.96,0.11,34.73,0.13,1909,0.95703125,RETURNED
4,6,256,0.9921875,3,35.28,0.2,34.98,0.11,1914,0.98046875,RETURNED
4,6,256,1.0,4,29.79,0.36,28.83,0.59,1571,0.98046875,RETURNED
4,7,256,0.92578125,0,35.05,0.26,34.72,0.07,1908,0.6171875,RETURNED
4,7,256,0.9609375,1,34.62,0.29,34.2,0.13,1907,0.890625,RETURNED
4,7,256,0.98046875,2,34.86,0.13,34.6,0.13,1909,0.94140625,RETURNED
4,7,256,0.98828125,3,35.35,0.19,34.91,0.25,1914,0.97265625,RETURNED
4,7,256,0.99609375,4,34.69,0.21,34.39,0.09,1899,0.98046875,RETURNED
5,217.46,0.29
5,0,256,0.92578125,0,32.26,0.12,31.84,0.3,1908,0.6328125,RETURNED
5,0,256,0.94921875,1,32.94,0.11,32.71,0.11,1907,0.8984375,RETURNED
5,0,256,0.97265625,2,32.16,0.43,31.57,0.16,1909,0.94140625,RETURNED
5,0,256,0.9765625,3,32.82,0.66,32.02,0.13,1914,0.9609375,RETURNED
5,0,256,0.99609375,4,31.45,0.1,31.26,0.09,1899,0.97265625,RETURNED
5,0,256,0.99609375,5,31.49,0.27,31.1,0.11,1914,0.98828125,RETURNED
5,1,256,0.92578125,0,31.69,0.13,31.41,0.14,1908,0.63671875,RETURNED
5,1,256,0.93359375,1,32.69,0.27,32.19,0.23,1907,0.8671875,RETURNED
5,1,256,0.97265625,2,31.25,0.1,30.97,0.18,1909,0.94140625,RETURNED
5,1,256,0.98046875,3,31.71,0.12,31.47,0.12,1914,0.96484375,RETURNED
5,1,256,0.9921875,4,30.92,0.16,30.59,0.16,1899,0.98046875,RETURNED
5,1,256,0.9921875,5,30.94,0.1,30.64,0.21,1914,0.98046875,RETURNED
5,2,256,0.90625,0,32.12,0.25,31.44,0.43,1908,0.62109375,RETURNED
5,2,256,0.92578125,1,32.74,0.28,32.21,0.25,1907,0.83984375,RETURNED
5,2,256,0.9765625,2,31.28,0.12,30.94,0.21,1909,0.93359375,RETURNED
5,2,256,0.984375,3,32.01,0.32,31.47,0.22,1914,0.97265625,RETURNED
5,2,256,0.99609375,4,30.92,0.13,30.64,0.15,1899,0.984375,RETURNED
5,2,256,0.9921875,5,30.87,0.17,30.63,0.08,1914,0.9765625,RETURNED
5,3,256,0.90625,0,31.68,0.11,31.48,0.09,1908,0.6328125,RETURNED
5,3,256,0.9453125,1,32.64,0.23,32.3,0.11,1907,0.828125,RETURNED
5,3,256,0.9765625,2,31.33,0.12,31.13,0.09,1909,0.94921875,RETURNED
5,3,256,0.984375,3,32.59,0.93,31.51,0.15,1914,0.97265625,RETURNED
5,3,256,0.98046875,4,30.85,0.1,30.65,0.1,1899,0.984375,RETURNED
5,3,256,0.98828125,5,31.02,0.23,30.67,0.11,1914,0.9921875,RETURNED
5,4,256,0.90625,0,31.59,0.11,31.37,0.12,1908,0.6171875,RETURNED
5,4,256,0.953125,1,32.52,0.26,32.16,0.1,1907,0.890625,RETURNED
5,4,256,0.9609375,2,31.37,0.13,30.91,0.33,1909,0.921875,RETURNED
5,4,256,0.9765625,3,31.57,0.08,31.41,0.08,1914,0.96484375,RETURNED
5,4,256,0.9921875,4,30.79,0.11,30.56,0.12,1899,0.97265625,RETURNED
5,4,256,0.9921875,5,30.97,0.2,30.61,0.17,1914,0.98828125,RETURNED
5,5,256,0.90625,0,32.07,0.24,31.42,0.42,1908,0.609375,RETURNED
5,5,256,0.953125,1,33.13,0.66,32.38,0.1,1907,0.92578125,RETURNED
5,5,256,0.9765625,2,31.27,0.12,31.02,0.13,1909,0.95703125,RETURNED
5,5,256,0.98046875,3,31.81,0.19,31.5,0.12,1914,0.9609375,RETURNED
5,5,256,0.9921875,4,31.4,0.72,30.57,0.1,1899,0.98046875,RETURNED
5,5,256,0.99609375,5,31.06,0.29,30.62,0.15,1914,0.9921875,RETURNED
5,6,256,0.8984375,0,32.19,0.33,31.69,0.17,1908,0.61328125,RETURNED
5,6,256,0.9609375,1,32.6,0.23,32.23,0.13,1907,0.90625,RETURNED
5,6,256,0.9765625,2,31.4,0.12,30.94,0.34,1909,0.9453125,RETURNED
5,6,256,0.98046875,3,31.81,0.17,31.49,0.15,1914,0.9765625,RETURNED
5,6,256,0.96875,4,31.08,0.43,30.58,0.08,1899,0.97265625,RETURNED
5,6,256,1.0,5,14.88,0.11,14.63,0.13,912,0.99609375,RETURNED
5,7,256,0.89453125,0,30.28,0.1,30.09,0.09,1908,0.61328125,RETURNED
5,7,256,0.921875,1,30.82,0.23,30.04,0.54,1907,0.79296875,RETURNED
5,7,256,0.96484375,2,30.32,0.17,30.04,0.11,1909,0.921875,RETURNED
5,7,256,0.9765625,3,30.75,0.33,30.27,0.15,1914,0.94921875,RETURNED
5,7,256,0.9765625,4,30.69,0.4,30.03,0.27,1899,0.9765625,RETURNED
5,7,256,0.98046875,5,30.58,0.26,30.21,0.11,1914,0.9765625,RETURNED
6,202.99,0.27
6,0,256,0.88671875,0,30.85,0.16,30.61,0.07,1908,0.6328125,RETURNED
6,0,256,0.94921875,1,30.92,0.11,30.72,0.1,1907,0.89453125,RETURNED
6,0,256,0.9375,2,30.9,0.27,30.53,0.1,1909,0.89453125,RETURNED
6,0,256,0.97265625,3,31.11,0.16,30.83,0.12,1914,0.9609375,RETURNED
6,0,256,0.9921875,4,30.64,0.28,30.28,0.09,1899,0.98046875,RETURNED
6,1,256,0.90625,0,61.38,0.13,61.11,0.14,1908,0.625,RETURNED
6,1,256,0.95703125,1,61.33,0.14,60.97,0.22,1907,0.921875,RETURNED
6,1,256,0.98828125,2,61.04,0.2,60.6,0.24,1909,0.97265625,RETURNED
6,2,256,0.91015625,0,30.77,0.11,30.57,0.09,1908,0.62890625,RETURNED
6,2,256,0.94921875,1,31.67,0.12,30.67,0.88,1907,0.7890625,RETURNED
6,2,256,0.984375,2,30.83,0.1,30.61,0.13,1909,0.9453125,RETURNED
6,2,256,0.97265625,3,31.06,0.11,30.81,0.14,1914,0.9453125,RETURNED
6,2,256,0.96875,4,30.61,0.14,30.34,0.12,1899,0.9609375,RETURNED
6,3,256,0.8984375,0,30.98,0.11,30.73,0.14,1908,0.6171875,RETURNED
6,3,256,0.9609375,1,30.98,0.11,30.79,0.08,1907,0.89453125,RETURNED
6,3,256,0.96484375,2,31.01,0.11,30.79,0.1,1909,0.953125,RETURNED
6,3,256,0.9765625,3,31.26,0.18,30.97,0.11,1914,0.96484375,RETURNED
6,3,256,0.984375,4,30.76,0.21,30.48,0.08,1899,0.9453125,RETURNED
6,4,256,0.9140625,0,31.1,0.1,30.68,0.31,1908,0.62109375,RETURNED
6,4,256,0.9453125,1,31.11,0.24,30.73,0.13,1907,0.875,RETURNED
6,4,256,0.97265625,2,31.06,0.3,30.65,0.11,1909,0.92578125,RETURNED
6,4,256,0.9921875,3,31.37,0.16,30.88,0.32,1914,0.98046875,RETURNED
6,4,256,1.0,4,24.42,0.13,24.12,0.16,1510,0.98046875,RETURNED
6,5,256,0.921875,0,31.08,0.18,30.82,0.09,1908,0.62109375,RETURNED
6,5,256,0.96875,1,31.26,0.17,30.86,0.23,1907,0.89453125,RETURNED
6,5,256,0.96484375,2,31.06,0.11,30.86,0.08,1909,0.94140625,RETURNED
6,5,256,0.9921875,3,31.44,0.19,31.1,0.15,1914,0.984375,RETURNED
6,5,256,0.99609375,4,30.92,0.27,30.54,0.12,1899,0.9765625,RETURNED
6,6,256,0.9296875,0,60.83,0.17,60.47,0.19,1908,0.64453125,RETURNED
6,6,256,0.9609375,1,61.69,0.57,60.86,0.26,1907,0.9375,RETURNED
6,6,256,0.98046875,2,59.5,0.09,59.25,0.16,1909,0.96484375,RETURNED
6,7,256,0.91015625,0,31.5,0.27,30.75,0.49,1908,0.6171875,RETURNED
6,7,256,0.953125,1,31.24,0.25,30.88,0.11,1907,0.91796875,RETURNED
6,7,256,0.98828125,2,31.14,0.19,30.78,0.17,1909,0.94921875,RETURNED
6,7,256,0.9765625,3,31.27,0.19,31.0,0.08,1914,0.96484375,RETURNED
6,7,256,1.0,4,22.42,0.46,21.78,0.18,1354,0.98046875,RETURNED
7,186.62,0.28
7,0,256,0.9296875,0,33.95,0.22,33.6,0.14,1908,0.609375,RETURNED
7,0,256,0.953125,1,33.1,0.18,32.83,0.09,1907,0.91015625,RETURNED
7,0,256,0.98046875,2,33.33,0.13,33.11,0.09,1909,0.95703125,RETURNED
7,0,256,1.0,3,31.31,0.18,31.0,0.12,1797,0.98046875,RETURNED
7,1,256,0.90625,0,33.4,0.12,33.08,0.19,1908,0.625,RETURNED
7,1,256,0.96875,1,32.7,0.14,32.45,0.11,1907,0.90625,RETURNED
7,1,256,0.95703125,2,33.31,0.16,33.07,0.07,1909,0.9140625,RETURNED
7,1,256,0.99609375,3,32.91,0.1,32.64,0.17,1914,0.95703125,RETURNED
7,2,256,0.90234375,0,33.2,0.11,33.01,0.08,1908,0.6171875,RETURNED
7,2,256,0.94140625,1,32.75,0.17,32.46,0.12,1907,0.83203125,RETURNED
7,2,256,0.97265625,2,33.11,0.14,32.88,0.1,1909,0.91796875,RETURNED
7,2,256,0.9765625,3,33.28,0.11,32.6,0.57,1914,0.95703125,RETURNED
7,3,256,0.87890625,0,33.22,0.11,33.01,0.1,1908,0.6328125,RETURNED
7,3,256,0.89453125,1,32.78,0.23,32.48,0.07,1907,0.6171875,RETURNED
7,3,256,0.98828125,2,33.45,0.52,32.76,0.16,1909,0.96875,RETURNED
7,3,256,1.0,3,31.93,0.12,31.81,0.0,1870,0.98828125,LOST
7,4,256,0.91015625,0,33.21,0.23,32.9,0.08,1908,0.62109375,RETURNED
7,4,256,0.94921875,1,32.54,0.12,32.29,0.13,1907,0.859375,RETURNED
7,4,256,0.95703125,2,32.88,0.18,32.6,0.1,1909,0.875,RETURNED
7,4,256,0.9765625,3,32.53,0.12,32.22,0.18,1914,0.92578125,RETURNED
7,4,256,0.99609375,4,30.09,0.14,29.88,0.08,1899,0.984375,RETURNED
7,5,256,0.89453125,0,33.63,0.13,33.33,0.17,1908,0.6171875,RETURNED
7,5,256,0.95703125,1,33.07,0.19,32.77,0.1,1907,0.91796875,RETURNED
7,5,256,0.96875,2,33.47,0.19,33.11,0.17,1909,0.9453125,RETURNED
7,5,256,0.99609375,3,33.02,0.24,32.69,0.1,1914,0.9765625,RETURNED
7,6,256,0.90234375,0,33.42,0.25,32.98,0.19,1908,0.6171875,RETURNED
7,6,256,0.95703125,1,33.21,0.19,32.47,0.54,1907,0.91796875,RETURNED
7,6,256,0.984375,2,33.36,0.27,32.98,0.11,1909,0.95703125,RETURNED
7,6,256,0.9921875,3,32.82,0.11,32.55,0.15,1914,0.9921875,RETURNED
7,7,256,0.921875,0,33.44,0.27,33.09,0.08,1908,0.62890625,RETURNED
7,7,256,0.94921875,1,32.81,0.1,32.54,0.16,1907,0.8671875,RETURNED
7,7,256,0.98828125,2,33.83,0.16,33.04,0.64,1909,0.953125,RETURNED
7,7,256,0.99609375,3,32.96,0.17,32.71,0.08,1914,0.9921875,RETURNED
8,225.90,0.20
8,0,256,0.91015625,0,33.2,0.11,32.99,0.11,1908,0.625,RETURNED
8,0,256,0.9453125,1,32.9,0.25,32.52,0.13,1907,0.91015625,RETURNED
8,0,256,0.9453125,2,32.99,0.13,32.7,0.16,1909,0.8984375,RETURNED
8,0,256,0.98046875,3,32.74,0.16,32.45,0.13,1914,0.95703125,RETURNED
8,0,256,0.98828125,4,32.75,0.14,32.54,0.07,1899,0.97265625,RETURNED
8,0,256,0.9765625,5,33.41,0.27,33.0,0.14,1914,0.9609375,RETURNED
8,1,256,0.9140625,0,33.56,0.21,33.27,0.08,1908,0.62109375,RETURNED
8,1,256,0.96875,1,33.09,0.31,32.68,0.1,1907,0.91796875,RETURNED
8,1,256,0.9765625,2,33.45,0.25,33.06,0.14,1909,0.9453125,RETURNED
8,1,256,0.984375,3,33.21,0.19,32.87,0.15,1914,0.96875,RETURNED
8,1,256,0.98828125,4,33.25,0.11,33.06,0.08,1899,0.984375,RETURNED
8,1,256,0.9921875,5,33.6,0.12,33.34,0.14,1914,0.9921875,RETURNED
8,2,256,0.8984375,0,33.52,0.16,33.29,0.07,1908,0.6171875,RETURNED
8,2,256,0.9609375,1,33.08,0.11,32.83,0.14,1907,0.87890625,RETURNED
8,2,256,0.96484375,2,33.41,0.14,33.12,0.14,1909,0.9453125,RETURNED
8,2,256,0.984375,3,33.13,0.12,32.91,0.1,1914,0.97265625,RETURNED
8,2,256,0.9921875,4,33.41,0.15,33.1,0.17,1899,0.984375,RETURNED
8,2,256,0.9921875,5,33.72,0.1,33.43,0.19,1914,0.9921875,RETURNED
8,3,256,0.91796875,0,34.04,0.57,33.38,0.09,1908,0.64453125,RETURNED
8,3,256,0.96875,1,33.18,0.19,32.85,0.14,1907,0.91796875,RETURNED
8,3,256,0.9609375,2,33.3,0.13,33.07,0.1,1909,0.9453125,RETURNED
8,3,256,0.9921875,3,33.05,0.09,32.88,0.07,1914,0.9765625,RETURNED
8,3,256,0.99609375,4,33.52,0.26,32.84,0.41,1899,0.99609375,RETURNED
8,3,256,0.99609375,5,33.64,0.13,33.36,0.15,1914,0.98046875,RETURNED
8,4,256,0.91015625,0,33.29,0.15,33.04,0.1,1908,0.6171875,RETURNED
8,4,256,0.953125,1,32.74,0.12,32.54,0.08,1907,0.875,RETURNED
8,4,256,0.953125,2,33.46,0.21,32.99,0.26,1909,0.8984375,RETURNED
8,4,256,0.96484375,3,32.98,0.19,32.64,0.15,1914,0.94140625,RETURNED
8,4,256,0.9921875,4,33.35,0.17,32.7,0.48,1899,0.984375,RETURNED
8,4,256,0.9921875,5,33.43,0.35,32.97,0.12,1914,0.9921875,RETURNED
8,5,256,0.9140625,0,33.35,0.19,33.05,0.11,1908,0.6171875,RETURNED
8,5,256,0.95703125,1,32.89,0.13,32.61,0.15,1907,0.8828125,RETURNED
8,5,256,0.96484375,2,33.16,0.21,32.77,0.17,1909,0.9296875,RETURNED
8,5,256,0.984375,3,32.86,0.2,32.52,0.13,1914,0.96875,RETURNED
8,5,256,0.9921875,4,33.0,0.2,32.65,0.14,1899,0.98046875,RETURNED
8,5,256,0.9921875,5,33.23,0.17,32.96,0.09,1914,0.984375,RETURNED
8,6,256,0.91796875,0,33.26,0.24,32.92,0.11,1908,0.625,RETURNED
8,6,256,0.8984375,1,32.81,0.14,32.52,0.16,1907,0.625,RETURNED
8,6,256,0.97265625,2,33.13,0.25,32.8,0.08,1909,0.95703125,RETURNED
8,6,256,0.9765625,3,32.91,0.31,32.44,0.16,1914,0.96484375,RETURNED
8,6,256,0.984375,4,32.99,0.33,32.44,0.21,1899,0.97265625,RETURNED
8,6,256,0.9921875,5,33.34,0.25,32.93,0.16,1914,0.984375,RETURNED
8,7,256,0.8828125,0,30.59,0.21,30.22,0.16,1908,0.6171875,RETURNED
8,7,256,0.8984375,1,30.44,0.11,30.24,0.09,1907,0.64453125,RETURNED
8,7,256,0.9453125,2,30.57,0.14,30.32,0.11,1909,0.90625,RETURNED
8,7,256,0.98046875,3,31.04,0.44,30.46,0.14,1914,0.9609375,RETURNED
8,7,256,0.96875,4,30.8,0.22,30.47,0.11,1899,0.9609375,RETURNED
8,7,256,0.99609375,5,30.5,0.11,30.28,0.1,1914,0.9921875,RETURNED
8,7,256,1.0,6,13.65,0.2,13.26,0.2,838,0.9921875,RETURNED
9,192.13,0.20
9,0,256,0.89453125,0,33.43,0.18,32.91,0.34,1908,0.63671875,RETURNED
9,0,256,0.9453125,1,32.82,0.13,32.55,0.14,1907,0.890625,RETURNED
9,0,256,0.95703125,2,33.34,0.25,32.9,0.19,1909,0.89453125,RETURNED
9,0,256,0.98828125,3,32.94,0.15,32.63,0.17,1914,0.9765625,RETURNED
9,0,256,0.98828125,4,32.71,0.27,32.34,0.1,1899,0.9609375,RETURNED
9,1,256,0.8984375,0,32.78,0.21,32.41,0.15,1908,0.625,RETURNED
9,1,256,0.90625,1,32.59,0.18,32.24,0.17,1907,0.6171875,RETURNED
9,1,256,0.953125,2,33.02,0.16,32.71,0.16,1909,0.890625,RETURNED
9,1,256,0.953125,3,32.79,0.22,32.26,0.3,1914,0.94140625,RETURNED
9,1,256,0.98828125,4,32.16,0.2,31.8,0.15,1899,0.96875,RETURNED
9,2,256,0.890625,0,33.25,0.24,32.55,0.45,1908,0.609375,RETURNED
9,2,256,0.96484375,1,32.91,0.33,32.39,0.19,1907,0.8125,RETURNED
9,2,256,0.9765625,2,33.78,0.23,32.98,0.58,1909,0.94921875,RETURNED
9,2,256,0.96875,3,32.69,0.25,32.3,0.15,1914,0.9609375,RETURNED
9,2,256,0.99609375,4,32.39,0.31,32.0,0.07,1899,0.98828125,RETURNED
9,3,256,0.90234375,0,33.71,0.62,32.99,0.09,1908,0.61328125,RETURNED
9,3,256,0.9453125,1,33.18,0.26,32.68,0.24,1907,0.87890625,RETURNED
9,3,256,0.96484375,2,33.47,0.32,33.06,0.1,1909,0.953125,RETURNED
9,3,256,0.99609375,3,33.19,0.28,32.83,0.08,1914,0.98046875,RETURNED
9,3,256,0.99609375,4,32.3,0.15,32.08,0.07,1899,0.98828125,RETURNED
9,4,256,0.890625,0,33.45,0.13,32.99,0.33,1908,0.6171875,RETURNED
9,4,256,0.9453125,1,33.22,0.24,32.68,0.29,1907,0.89453125,RETURNED
9,4,256,0.98046875,2,33.55,0.13,33.31,0.11,1909,0.96484375,RETURNED
9,4,256,0.98828125,3,32.88,0.12,32.61,0.15,1914,0.98046875,RETURNED
9,4,256,0.99609375,4,32.41,0.17,32.15,0.09,1899,0.98828125,RETURNED
9,5,256,0.92578125,0,33.22,0.39,32.67,0.16,1908,0.6171875,RETURNED
9,5,256,0.95703125,1,33.23,0.28,32.72,0.23,1907,0.890625,RETURNED
9,5,256,0.96484375,2,33.45,0.27,32.99,0.19,1909,0.93359375,RETURNED
9,5,256,0.9765625,3,32.88,0.34,32.46,0.08,1914,0.96484375,RETURNED
9,5,256,0.99609375,4,32.5,0.28,32.02,0.2,1899,0.9921875,RETURNED
9,6,256,0.890625,0,33.21,0.17,32.76,0.27,1908,0.609375,RETURNED
9,6,256,0.91796875,1,32.92,0.23,32.55,0.14,1907,0.84765625,RETURNED
9,6,256,0.9765625,2,33.19,0.21,32.78,0.2,1909,0.9453125,RETURNED
9,6,256,0.9921875,3,32.61,0.16,32.38,0.07,1914,0.96484375,RETURNED
9,6,256,0.9609375,4,32.37,0.18,31.96,0.23,1899,0.96484375,RETURNED
9,7,256,0.87890625,0,33.12,0.17,32.81,0.14,1908,0.6171875,RETURNED
9,7,256,0.953125,1,33.18,0.24,32.76,0.18,1907,0.8515625,RETURNED
9,7,256,0.96484375,2,33.54,0.16,33.3,0.07,1909,0.9609375,RETURNED
9,7,256,0.98828125,3,33.52,0.1,33.05,0.37,1914,0.9765625,RETURNED
9,7,256,1.0,4,22.53,0.21,21.82,0.5,1245,0.98828125,RETURNED
10,221.73,0.21
10,0,256,0.88671875,0,33.23,0.2,32.86,0.17,1908,0.625,RETURNED
10,0,256,0.9453125,1,32.79,0.19,32.47,0.13,1907,0.83203125,RETURNED
10,0,256,0.96875,2,33.17,0.16,32.93,0.08,1909,0.9296875,RETURNED
10,0,256,0.98046875,3,32.85,0.19,32.53,0.12,1914,0.953125,RETURNED
10,0,256,0.9921875,4,32.78,0.15,32.56,0.07,1899,0.98828125,RETURNED
10,0,256,0.9921875,5,30.89,0.15,30.65,0.09,1914,0.99609375,RETURNED
10,1,256,0.91015625,0,33.16,0.26,32.83,0.08,1908,0.6171875,RETURNED
10,1,256,0.953125,1,33.17,0.48,32.53,0.15,1907,0.83984375,RETURNED
10,1,256,0.96484375,2,32.86,0.11,32.67,0.08,1909,0.9296875,RETURNED
10,1,256,0.98046875,3,33.26,0.31,32.57,0.38,1914,0.96875,RETURNED
10,1,256,0.98046875,4,32.84,0.09,32.55,0.19,1899,0.98046875,RETURNED
10,1,256,1.0,5,4.02,0.2,3.82,0.0,224,0.99609375,LOST
10,2,256,0.91796875,0,33.52,0.14,33.07,0.31,1908,0.640625,RETURNED
10,2,256,0.97265625,1,32.95,0.37,32.51,0.07,1907,0.87109375,RETURNED
10,2,256,0.98828125,2,33.16,0.11,32.89,0.15,1909,0.97265625,RETURNED
10,2,256,0.99609375,3,32.95,0.11,32.7,0.14,1914,0.984375,RETURNED
10,2,256,0.984375,4,33.06,0.16,32.75,0.16,1899,0.984375,RETURNED
10,2,256,0.98828125,5,31.05,0.15,30.79,0.12,1914,0.97265625,RETURNED
10,3,256,0.9140625,0,33.13,0.18,32.86,0.09,1908,0.62109375,RETURNED
10,3,256,0.95703125,1,32.89,0.16,32.59,0.15,1907,0.9140625,RETURNED
10,3,256,0.984375,2,33.17,0.18,32.87,0.12,1909,0.9453125,RETURNED
10,3,256,0.9765625,3,33.11,0.26,32.68,0.17,1914,0.96875,RETURNED
10,3,256,0.98046875,4,32.99,0.1,32.72,0.17,1899,0.9765625,RETURNED
10,3,256,0.99609375,5,31.15,0.28,30.79,0.08,1914,0.98046875,RETURNED
10,4,256,0.89453125,0,33.02,0.11,32.78,0.13,1908,0.6171875,RETURNED
10,4,256,0.95703125,1,32.77,0.28,32.38,0.11,1907,0.90234375,RETURNED
10,4,256,0.9765625,2,32.97,0.2,32.63,0.13,1909,0.9453125,RETURNED
10,4,256,0.9765625,3,32.79,0.14,32.54,0.11,1914,0.96875,RETURNED
10,4,256,0.99609375,4,32.96,0.22,32.64,0.1,1899,0.98828125,RETURNED
10,4,256,1.0,5,4.07,0.28,3.78,0.0,224,0.99609375,LOST
10,5,256,0.9140625,0,32.97,0.1,32.77,0.1,1908,0.62890625,RETURNED
10,5,256,0.97265625,1,32.91,0.39,32.44,0.09,1907,0.8984375,RETURNED
10,5,256,0.95703125,2,33.47,0.12,32.86,0.48,1909,0.94140625,RETURNED
10,5,256,0.984375,3,32.81,0.12,32.6,0.09,1914,0.9765625,RETURNED
10,5,256,0.984375,4,33.09,0.13,32.86,0.1,1899,0.9765625,RETURNED
10,5,256,1.0,5,4.03,0.2,3.83,0.0,224,0.99609375,LOST
10,6,256,0.91796875,0,33.95,0.74,33.05,0.17,1908,0.6328125,RETURNED
10,6,256,0.94921875,1,32.96,0.11,32.72,0.14,1907,0.90234375,RETURNED
10,6,256,0.97265625,2,33.45,0.22,33.02,0.21,1909,0.9609375,RETURNED
10,6,256,0.97265625,3,33.16,0.24,32.78,0.14,1914,0.95703125,RETURNED
10,6,256,0.984375,4,33.03,0.13,32.79,0.11,1899,0.97265625,RETURNED
10,7,256,0.93359375,0,30.46,0.19,30.12,0.15,1908,0.64453125,RETURNED
10,7,256,0.953125,1,30.33,0.12,30.09,0.12,1907,0.921875,RETURNED
10,7,256,0.953125,2,30.63,0.24,30.27,0.11,1909,0.91015625,RETURNED
10,7,256,0.9609375,3,30.47,0.1,30.26,0.1,1914,0.9453125,RETURNED
10,7,256,0.98828125,4,30.53,0.25,29.96,0.32,1899,0.9765625,RETURNED
10,7,256,0.984375,5,50.6,0.16,30.34,20.1,1914,0.96875,RETURNED
11,256.83,0.20
11,0,256,0.90625,0,33.21,0.24,32.76,0.21,1908,0.61328125,RETURNED
11,0,256,0.96875,1,34.66,0.18,34.25,0.24,1907,0.890625,RETURNED
11,0,256,0.9609375,2,35.38,0.26,34.97,0.16,1909,0.90234375,RETURNED
11,0,256,0.96484375,3,33.17,0.17,32.83,0.18,1914,0.94140625,RETURNED
11,0,256,0.9921875,4,33.48,0.26,32.8,0.42,1899,0.9765625,RETURNED
11,0,256,0.99609375,5,33.55,0.67,32.78,0.09,1914,0.9921875,RETURNED
11,0,256,1.0,6,16.26,0.16,16.01,0.1,988,0.984375,RETURNED
11,1,256,0.88671875,0,32.95,0.25,32.42,0.28,1908,0.625,RETURNED
11,1,256,0.9375,1,34.8,0.17,34.55,0.08,1907,0.83984375,RETURNED
11,1,256,0.9375,2,34.45,0.28,33.99,0.18,1909,0.84765625,RETURNED
11,1,256,0.96875,3,33.2,0.59,32.33,0.28,1914,0.94921875,RETURNED
11,1,256,0.9921875,4,32.74,0.19,32.39,0.17,1899,0.98046875,RETURNED
11,1,256,0.98828125,5,32.97,0.25,32.24,0.49,1914,0.96875,RETURNED
11,1,256,1.0,6,0.73,0.14,0.51,0.08,32,1.0,RETURNED
11,2,256,0.90625,0,32.87,0.14,32.66,0.07,1908,0.609375,RETURNED
11,2,256,0.94921875,1,35.24,0.18,34.83,0.23,1907,0.8828125,RETURNED
11,2,256,0.9609375,2,34.52,0.19,34.15,0.18,1909,0.92578125,RETURNED
11,2,256,0.98046875,3,32.95,0.23,32.49,0.23,1914,0.95703125,RETURNED
11,2,256,0.9921875,4,32.95,0.2,32.61,0.14,1899,0.98046875,RETURNED
11,2,256,0.99609375,5,32.78,0.14,32.43,0.21,1914,0.9921875,RETURNED
11,2,256,0.99609375,6,30.57,0.11,30.47,0.0,1918,0.99609375,LOST
11,3,256,0.890625,0,32.87,0.23,32.54,0.1,1908,0.61328125,RETURNED
11,3,256,0.94921875,1,35.33,0.31,34.92,0.1,1907,0.90234375,RETURNED
11,3,256,0.97265625,2,34.5,0.11,34.29,0.1,1909,0.8984375,RETURNED
11,3,256,0.98828125,3,32.73,0.11,32.47,0.16,1914,0.97265625,RETURNED
11,3,256,0.98828125,4,33.04,0.15,32.73,0.15,1899,0.9765625,RETURNED
11,3,256,0.9921875,5,32.92,0.23,32.6,0.09,1914,0.98046875,RETURNED
11,3,256,1.0,6,25.74,0.16,25.5,0.08,1607,0.99609375,RETURNED
11,4,256,0.8984375,0,33.22,0.18,32.65,0.4,1908,0.61328125,RETURNED
11,4,256,0.95703125,1,35.59,0.24,35.21,0.13,1907,0.88671875,RETURNED
11,4,256,0.953125,2,34.6,0.11,34.31,0.17,1909,0.9375,RETURNED
11,4,256,0.9921875,3,33.06,0.34,32.57,0.15,1914,0.97265625,RETURNED
11,4,256,0.9921875,4,33.81,0.51,32.82,0.48,1899,0.9921875,RETURNED
11,4,256,0.99609375,5,32.94,0.25,32.61,0.08,1914,0.99609375,RETURNED
11,5,256,0.91015625,0,33.11,0.35,32.61,0.15,1908,0.6171875,RETURNED
11,5,256,0.94921875,1,35.09,0.1,34.89,0.1,1907,0.8359375,RETURNED
11,5,256,0.9765625,2,34.54,0.1,34.19,0.25,1909,0.9609375,RETURNED
11,5,256,0.984375,3,32.94,0.12,32.69,0.13,1914,0.9765625,RETURNED
11,5,256,0.99609375,4,33.03,0.14,32.75,0.15,1899,0.98828125,RETURNED
11,5,256,0.9921875,5,32.87,0.11,32.59,0.17,1914,0.98828125,RETURNED
11,5,256,0.98828125,6,30.75,0.21,30.53,0.0,1918,0.984375,LOST
11,6,256,0.88671875,0,33.42,0.13,33.12,0.17,1908,0.6171875,RETURNED
11,6,256,0.94921875,1,35.65,0.11,35.45,0.09,1907,0.91015625,RETURNED
11,6,256,0.98046875,2,35.01,0.21,34.73,0.08,1909,0.95703125,RETURNED
11,6,256,0.96484375,3,33.76,0.4,33.16,0.2,1914,0.95703125,RETURNED
11,6,256,0.9765625,4,33.82,0.16,33.48,0.17,1899,0.9765625,RETURNED
11,6,256,0.99609375,5,33.61,0.18,33.18,0.26,1914,0.98046875,RETURNED
11,7,256,0.90234375,0,32.85,0.12,32.54,0.19,1908,0.625,RETURNED
11,7,256,0.92578125,1,34.98,0.09,34.81,0.08,1907,0.8671875,RETURNED
11,7,256,0.97265625,2,34.57,0.27,34.21,0.09,1909,0.93359375,RETURNED
11,7,256,0.98828125,3,32.97,0.22,32.62,0.13,1914,0.9765625,RETURNED
11,7,256,0.98828125,4,33.07,0.12,32.83,0.12,1899,0.98828125,RETURNED
11,7,256,0.99609375,5,33.26,0.1,32.58,0.58,1914,0.98828125,RETURNED
12,184.32,0.34
12,0,256,0.91015625,0,33.12,0.11,32.85,0.15,1908,0.65234375,RETURNED
12,0,256,0.95703125,1,32.76,0.2,32.47,0.09,1907,0.91015625,RETURNED
12,0,256,0.9609375,2,33.02,0.29,32.65,0.07,1909,0.92578125,RETURNED
12,0,256,0.96875,3,32.76,0.36,32.33,0.07,1914,0.95703125,RETURNED
12,0,256,1.0,4,1.05,0.15,0.74,0.15,45,0.99609375,RETURNED
12,1,256,0.90234375,0,33.42,0.11,32.99,0.32,1908,0.6171875,RETURNED
12,1,256,0.94140625,1,34.6,1.48,33.02,0.09,1907,0.8828125,RETURNED
12,1,256,0.98046875,2,33.62,0.2,33.31,0.11,1909,0.95703125,RETURNED
12,1,256,0.96875,3,33.18,0.1,32.97,0.11,1914,0.9609375,RETURNED
12,1,256,0.9921875,4,30.99,0.18,30.68,0.14,1899,0.984375,RETURNED
12,2,256,0.89453125,0,33.16,0.19,32.87,0.1,1908,0.63671875,RETURNED
12,2,256,0.92578125,1,32.8,0.16,32.57,0.07,1907,0.61328125,RETURNED
12,2,256,0.9765625,2,33.22,0.29,32.74,0.19,1909,0.92578125,RETURNED
12,2,256,0.98828125,3,33.13,0.29,32.6,0.25,1914,0.984375,RETURNED
12,2,256,0.99609375,4,30.92,0.14,30.62,0.15,1899,0.98828125,RETURNED
12,3,256,0.90234375,0,33.86,0.23,33.5,0.13,1908,0.6484375,RETURNED
12,3,256,0.93359375,1,33.47,0.17,33.22,0.08,1907,0.8515625,RETURNED
12,3,256,0.98046875,2,33.55,0.11,33.3,0.13,1909,0.95703125,RETURNED
12,3,256,0.9765625,3,33.54,0.23,33.21,0.1,1914,0.953125,RETURNED
12,3,256,0.99609375,4,31.57,0.11,31.26,0.2,1899,0.98828125,RETURNED
12,4,256,0.90625,0,33.42,0.11,33.17,0.14,1908,0.6171875,RETURNED
12,4,256,0.953125,1,32.89,0.21,32.6,0.08,1907,0.8984375,RETURNED
12,4,256,0.98828125,2,33.79,0.97,32.73,0.09,1909,0.9609375,RETURNED
12,4,256,0.9921875,3,33.02,0.35,32.57,0.1,1914,0.984375,RETURNED
12,4,256,0.9921875,4,30.79,0.13,30.58,0.08,1899,0.9921875,RETURNED
12,5,256,0.90234375,0,33.44,0.21,33.08,0.15,1908,0.62890625,RETURNED
12,5,256,0.953125,1,33.01,0.32,32.61,0.08,1907,0.890625,RETURNED
12,5,256,0.96875,2,32.95,0.16,32.72,0.07,1909,0.9375,RETURNED
12,5,256,0.9921875,3,32.94,0.2,32.61,0.13,1914,0.9609375,RETURNED
12,5,256,0.99609375,4,30.88,0.12,30.61,0.14,1899,0.9921875,RETURNED
12,6,256,0.890625,0,33.45,0.15,33.06,0.24,1908,0.62109375,RETURNED
12,6,256,0.9609375,1,32.84,0.13,32.61,0.11,1907,0.90234375,RETURNED
12,6,256,0.953125,2,32.99,0.14,32.73,0.13,1909,0.921875,RETURNED
12,6,256,0.9921875,3,32.72,0.12,32.5,0.11,1914,0.9765625,RETURNED
12,6,256,0.98046875,4,31.19,0.38,30.69,0.12,1899,0.97265625,RETURNED
12,7,256,0.9140625,0,33.22,0.23,32.92,0.08,1908,0.62890625,RETURNED
12,7,256,0.95703125,1,33.29,0.25,32.66,0.38,1907,0.90625,RETURNED
12,7,256,0.984375,2,32.9,0.1,32.71,0.1,1909,0.95703125,RETURNED
12,7,256,0.984375,3,32.74,0.11,32.49,0.15,1914,0.95703125,RETURNED
12,7,256,0.98828125,4,30.85,0.2,30.59,0.07,1899,0.984375,RETURNED
13,261.46,0.20
13,0,256,0.91015625,0,33.09,0.12,32.89,0.08,1908,0.62890625,RETURNED
13,0,256,0.91796875,1,32.79,0.16,32.52,0.11,1907,0.765625,RETURNED
13,0,256,0.95703125,2,33.19,0.2,32.89,0.1,1909,0.90625,RETURNED
13,0,256,0.9765625,3,32.7,0.09,32.48,0.12,1914,0.95703125,RETURNED
13,0,256,0.9765625,4,32.81,0.12,32.57,0.12,1899,0.96875,RETURNED
13,0,256,0.984375,5,33.06,0.11,32.82,0.13,1914,0.97265625,RETURNED
13,0,256,0.98828125,6,31.57,0.26,31.31,0.0,1918,0.98046875,LOST
13,1,256,0.90234375,0,33.04,0.14,32.79,0.11,1908,0.62109375,RETURNED
13,1,256,0.9140625,1,32.92,0.17,32.51,0.24,1907,0.62890625,RETURNED
13,1,256,0.953125,2,32.99,0.13,32.74,0.12,1909,0.8984375,RETURNED
13,1,256,0.97265625,3,34.42,0.1,32.26,2.06,1914,0.953125,RETURNED
13,1,256,0.98828125,4,33.51,0.7,32.69,0.12,1899,0.9765625,RETURNED
13,1,256,0.9921875,5,33.13,0.34,32.71,0.09,1914,0.9765625,RETURNED
13,1,256,0.9921875,6,31.4,0.21,31.19,0.0,1918,0.984375,LOST
13,2,256,0.91796875,0,33.23,0.11,33.06,0.07,1908,0.63671875,RETURNED
13,2,256,0.953125,1,32.84,0.15,32.54,0.16,1907,0.90234375,RETURNED
13,2,256,0.9609375,2,33.07,0.15,32.85,0.07,1909,0.875,RETURNED
13,2,256,0.984375,3,32.81,0.16,32.52,0.13,1914,0.95703125,RETURNED
13,2,256,0.99609375,4,32.77,0.14,32.48,0.15,1899,0.984375,RETURNED
13,2,256,0.98046875,5,33.12,0.23,32.71,0.17,1914,0.97265625,RETURNED
13,2,256,0.99609375,6,31.55,0.28,31.27,0.0,1918,0.984375,LOST
13,3,256,0.92578125,0,33.33,0.15,33.01,0.17,1908,0.6328125,RETURNED
13,3,256,0.95703125,1,32.96,0.12,32.72,0.12,1907,0.8671875,RETURNED
13,3,256,0.953125,2,33.55,0.17,33.2,0.18,1909,0.91015625,RETURNED
13,3,256,0.9765625,3,32.89,0.16,32.5,0.23,1914,0.953125,RETURNED
13,3,256,0.98046875,4,33.33,0.43,32.81,0.09,1899,0.9765625,RETURNED
13,3,256,0.9609375,5,33.46,0.6,32.72,0.14,1914,0.95703125,RETURNED
13,3,256,1.0,6,18.83,0.12,18.57,0.15,1120,0.99609375,RETURNED
13,4,256,0.9375,0,33.64,0.1,33.33,0.2,1908,0.62890625,RETURNED
13,4,256,0.94921875,1,33.08,0.14,32.82,0.12,1907,0.8828125,RETURNED
13,4,256,0.96484375,2,33.5,0.2,33.15,0.16,1909,0.9140625,RETURNED
13,4,256,0.98046875,3,32.99,0.24,32.63,0.12,1914,0.9375,RETURNED
13,4,256,0.98046875,4,33.29,0.25,32.92,0.12,1899,0.95703125,RETURNED
13,4,256,0.9765625,5,33.24,0.2,32.92,0.12,1914,0.95703125,RETURNED
13,4,256,1.0,6,19.04,0.26,18.66,0.11,1120,0.98828125,RETURNED
13,5,256,0.91796875,0,33.48,0.16,33.14,0.18,1908,0.62109375,RETURNED
13,5,256,0.953125,1,32.88,0.15,32.62,0.11,1907,0.890625,RETURNED
13,5,256,0.96484375,2,33.78,0.15,33.35,0.28,1909,0.93359375,RETURNED
13,5,256,0.96484375,3,32.8,0.2,32.47,0.12,1914,0.96484375,RETURNED
13,5,256,0.9765625,4,33.0,0.1,32.81,0.09,1899,0.953125,RETURNED
13,5,256,0.98828125,5,33.1,0.15,32.78,0.17,1914,0.97265625,RETURNED
13,5,256,0.9921875,6,31.53,0.2,31.33,0.0,1918,0.98828125,LOST
13,6,256,0.9140625,0,33.71,0.11,33.5,0.1,1908,0.609375,RETURNED
13,6,256,0.953125,1,33.17,0.22,32.85,0.1,1907,0.88671875,RETURNED
13,6,256,0.9765625,2,33.71,0.25,33.28,0.19,1909,0.94921875,RETURNED
13,6,256,0.97265625,3,33.11,0.18,32.85,0.08,1914,0.953125,RETURNED
13,6,256,0.98046875,4,34.1,0.73,33.15,0.23,1899,0.9765625,RETURNED
13,6,256,0.9921875,5,34.28,0.63,33.41,0.23,1914,0.98046875,RETURNED
13,6,256,0.98828125,6,31.69,0.13,31.56,0.0,1918,0.9921875,LOST
13,7,256,0.91015625,0,33.64,0.28,33.27,0.09,1908,0.64453125,RETURNED
13,7,256,0.95703125,1,33.22,0.36,32.72,0.14,1907,0.90234375,RETURNED
13,7,256,0.9375,2,33.66,0.2,33.29,0.17,1909,0.90234375,RETURNED
13,7,256,0.97265625,3,32.97,0.13,32.73,0.12,1914,0.96484375,RETURNED
13,7,256,0.984375,4,33.44,0.17,32.81,0.46,1899,0.97265625,RETURNED
13,7,256,0.9921875,5,33.41,0.48,32.78,0.16,1914,0.97265625,RETURNED
13,7,256,1.0,6,9.41,0.18,9.05,0.18,526,0.9921875,RETURNED
14,255.18,0.29
14,0,256,0.9140625,0,32.81,0.22,32.51,0.08,1908,0.62890625,RETURNED
14,0,256,0.8828125,1,33.09,0.1,32.91,0.08,1907,0.6328125,RETURNED
14,0,256,0.94140625,2,32.84,0.2,32.48,0.16,1909,0.90625,RETURNED
14,0,256,0.96484375,3,33.24,0.18,32.95,0.11,1914,0.9609375,RETURNED
14,0,256,0.984375,4,33.01,0.28,32.35,0.37,1899,0.96875,RETURNED
14,0,256,0.9921875,5,33.26,0.09,33.02,0.15,1914,0.98828125,RETURNED
14,0,256,1.0,6,13.81,0.22,13.37,0.22,838,0.9921875,RETURNED
14,1,256,0.9140625,0,32.86,0.16,32.56,0.13,1908,0.62890625,RETURNED
14,1,256,0.921875,1,33.01,0.1,32.82,0.09,1907,0.61328125,RETURNED
14,1,256,0.97265625,2,32.92,0.31,32.52,0.08,1909,0.92578125,RETURNED
14,1,256,0.97265625,3,33.29,0.1,33.12,0.08,1914,0.9453125,RETURNED
14,1,256,0.984375,4,32.98,0.21,32.33,0.44,1899,0.96875,RETURNED
14,1,256,0.9921875,5,33.46,0.18,33.19,0.09,1914,0.984375,RETURNED
14,1,256,1.0,6,13.8,0.18,13.46,0.16,838,0.98828125,RETURNED
14,2,256,0.8828125,0,33.02,0.16,32.5,0.36,1908,0.6171875,RETURNED
14,2,256,0.9453125,1,33.03,0.11,32.78,0.14,1907,0.8984375,RETURNED
14,2,256,0.984375,2,32.94,0.21,32.61,0.12,1909,0.97265625,RETURNED
14,2,256,0.984375,3,33.27,0.2,32.9,0.17,1914,0.984375,RETURNED
14,2,256,0.98046875,4,32.71,0.25,32.39,0.07,1899,0.984375,RETURNED
14,2,256,0.9921875,5,34.35,1.0,33.27,0.08,1914,0.9765625,RETURNED
14,2,256,1.0,6,0.83,0.14,0.51,0.18,32,1.0,RETURNED
14,3,256,0.90625,0,32.86,0.14,32.62,0.09,1908,0.6171875,RETURNED
14,3,256,0.95703125,1,33.22,0.23,32.85,0.15,1907,0.91015625,RETURNED
14,3,256,0.953125,2,32.9,0.1,32.7,0.1,1909,0.9140625,RETURNED
14,3,256,0.97265625,3,33.53,0.1,33.22,0.21,1914,0.9375,RETURNED
14,3,256,0.98828125,4,32.88,0.31,32.4,0.17,1899,0.98828125,RETURNED
14,3,256,0.99609375,5,33.73,0.25,33.27,0.21,1914,0.98828125,RETURNED
14,3,256,1.0,6,13.78,0.19,13.44,0.15,838,0.9921875,RETURNED
14,4,256,0.9140625,0,32.9,0.15,32.61,0.14,1908,0.609375,RETURNED
14,4,256,0.96875,1,33.01,0.09,32.74,0.18,1907,0.921875,RETURNED
14,4,256,0.984375,2,32.99,0.27,32.61,0.11,1909,0.95703125,RETURNED
14,4,256,0.98828125,3,33.7,0.19,33.19,0.32,1914,0.984375,RETURNED
14,4,256,0.984375,4,32.91,0.3,32.47,0.14,1899,0.9765625,RETURNED
14,4,256,0.9921875,5,33.77,0.12,33.09,0.56,1914,0.984375,RETURNED
14,4,256,1.0,6,13.75,0.2,13.47,0.07,838,0.9921875,RETURNED
14,5,256,0.88671875,0,32.62,0.1,32.46,0.06,1908,0.62109375,RETURNED
14,5,256,0.92578125,1,33.19,0.1,32.9,0.19,1907,0.84375,RETURNED
14,5,256,0.9609375,2,32.91,0.35,32.47,0.09,1909,0.890625,RETURNED
14,5,256,0.98828125,3,33.59,0.42,33.01,0.15,1914,0.984375,RETURNED
14,5,256,0.984375,4,33.15,0.14,32.32,0.69,1899,0.984375,RETURNED
14,5,256,0.9921875,5,33.66,0.59,32.95,0.12,1914,0.98828125,RETURNED
14,5,256,1.0,6,13.71,0.13,13.38,0.2,838,0.9921875,RETURNED
14,6,256,0.921875,0,33.39,0.58,32.67,0.15,1908,0.609375,RETURNED
14,6,256,0.96875,1,33.23,0.22,32.89,0.12,1907,0.91796875,RETURNED
14,6,256,0.984375,2,33.05,0.25,32.67,0.14,1909,0.95703125,RETURNED
14,6,256,0.98828125,3,33.63,0.15,33.03,0.45,1914,0.984375,RETURNED
14,6,256,0.9921875,4,32.69,0.12,32.46,0.11,1899,0.984375,RETURNED
14,6,256,0.98828125,5,33.14,0.12,32.95,0.07,1914,0.98828125,RETURNED
14,6,256,0.9765625,6,30.68,0.35,30.33,0.0,1918,0.9765625,LOST
14,7,256,0.91796875,0,32.8,0.18,32.52,0.11,1908,0.6171875,RETURNED
14,7,256,0.9609375,1,33.0,0.26,32.62,0.11,1907,0.87109375,RETURNED
14,7,256,0.953125,2,32.84,0.3,32.4,0.14,1909,0.9296875,RETURNED
14,7,256,0.9765625,3,33.34,0.2,32.89,0.24,1914,0.96875,RETURNED
14,7,256,0.984375,4,33.01,0.51,32.41,0.08,1899,0.97265625,RETURNED
14,7,256,0.9921875,5,34.31,0.96,33.17,0.17,1914,0.98828125,RETURNED
14,7,256,1.0,6,1.35,0.1,0.97,0.28,61,0.99609375,RETURNED
